responseTime,recordType,Experiment,Condition,onestop_level,onestop_article_number,onestop_paragraph_number,ItemId,presentation_order,Index,Word,mousePositionX,mousePositionY,sampleTimeMs,SubjectId,SubjectID,onestop_block_level,onestop_paragraph_index,ProlificId,ProlificID,study_key,source,demo_age,demo_country,demo_native_language,demo_other_languages,demo_other_languages_parsed,demo_exposure_pcts,demo_exposure_total_pct,demo_read_pcts,demo_read_total_pct,demo_speak_pcts,demo_speak_total_pct,demo_formal_education_years,demo_years_current_institution,demo_highest_education,demo_native_speaking,demo_native_understanding,demo_native_reading,demo_english_speaking,demo_english_understanding,demo_english_reading,demo_english_acquire_start_age,demo_english_fluent_age,demo_english_read_start_age,demo_english_read_fluent_age,demo_other_english_test,demo_other_english_test_score,cambridge_item,cambridge_selected,cambridge_correct_answer,cambridge_item_correct,cambridge_score,cambridge_max,cambridge_cefr,onestop_level_pair,onestop_level_block_order,onestop_level_assignment_rule,onestop_reading_article_count,onestop_reading_trial_count,onestop_article_selection_mode,onestop_manual_article_numbers,wordPositionTop,wordPositionLeft,wordPositionBottom,wordPositionRight,line_number,position_in_line,revealMode,clickDurationMs,hoverDurationMs,relativeXInWord,relativeYInWord,totalWordsInItem,response,response_correct,prolific_pid,prolific_study_id,prolific_session_id,experiment_start_time,ParticipantId,experiment_start_date,experiment_date,experiment_start_clock_time,experiment_start_time_local,experiment_end_time,experiment_duration,glb_ProlificId,glb_ProlificID,glb_SubjectId,glb_SubjectID,glb_study_key,SONAId,SonaId,experiment_end_date,experiment_end_clock_time,experiment_end_time_local,experiment_duration_ms
38,raw_position_sample,2,2,int,26,3,8,9,-1,999,618,128,4410122.899999999,6983fa3a644fcca4e5fd8b3b,6983fa3a644fcca4e5fd8b3b,intermediate,3,6983fa3a644fcca4e5fd8b3b,6983fa3a644fcca4e5fd8b3b,spotlight_PROLIFIC,,36,Chile,Spanish,"Spanish, English",,Spanish:70|English:30,100,Spanish:70|English:30,100,Spanish:80|English:20,100,18,6,Bachelor's,10,10,10,6,8,9,7,17,14,16,TOEFL,80,,,,,23,25,C1,intermediate|advanced,intermediate|advanced,cambridge_22_25_intermediate_advanced,4,19,random,,,,,,,,,,,,,,,,,,,2026-08-24T17:16:23.220Z,YVYMAZEH,2026-08-24,2026-08-24,13:16:23,2026-08-24 13:16:23,,,,,,,,6983fa3a644fcca4e5fd8b3b,6983fa3a644fcca4e5fd8b3b,,,,
87,raw_position_sample,2,2,int,26,3,8,9,-1,999,621,116,4410173.000000001,6983fa3a644fcca4e5fd8b3b,6983fa3a644fcca4e5fd8b3b,intermediate,3,6983fa3a644fcca4e5fd8b3b,6983fa3a644fcca4e5fd8b3b,spotlight_PROLIFIC,,36,Chile,Spanish,"Spanish, English",,Spanish:70|English:30,100,Spanish:70|English:30,100,Spanish:80|English:20,100,18,6,Bachelor's,10,10,10,6,8,9,7,17,14,16,TOEFL,80,,,,,23,25,C1,intermediate|advanced,intermediate|advanced,cambridge_22_25_intermediate_advanced,4,19,random,,,,,,,,,,,,,,,,,,,2026-08-24T17:16:23.220Z,YVYMAZEH,2026-08-24,2026-08-24,13:16:23,2026-08-24 13:16:23,,,,,,,,6983fa3a644fcca4e5fd8b3b,6983fa3a644fcca4e5fd8b3b,,,,
138,raw_position_sample,2,2,int,26,3,8,9,-1,999,621,116,4410223.000000001,6983fa3a644fcca4e5fd8b3b,6983fa3a644fcca4e5fd8b3b,intermediate,3,6983fa3a644fcca4e5fd8b3b,6983fa3a644fcca4e5fd8b3b,spotlight_PROLIFIC,,36,Chile,Spanish,"Spanish, English",,Spanish:70|English:30,100,Spanish:70|English:30,100,Spanish:80|English:20,100,18,6,Bachelor's,10,10,10,6,8,9,7,17,14,16,TOEFL,80,,,,,23,25,C1,intermediate|advanced,intermediate|advanced,cambridge_22_25_intermediate_advanced,4,19,random,,,,,,,,,,,,,,,,,,,2026-08-24T17:16:23.220Z,YVYMAZEH,2026-08-24,2026-08-24,13:16:23,2026-08-24 13:16:23,,,,,,,,6983fa3a644fcca4e5fd8b3b,6983fa3a644fcca4e5fd8b3b,,,,
188,raw_position_sample,2,2,int,26,3,8,9,-1,999,621,116,4410273.3,6983fa3a644fcca4e5fd8b3b,6983fa3a644fcca4e5fd8b3b,intermediate,3,6983fa3a644fcca4e5fd8b3b,6983fa3a644fcca4e5fd8b3b,spotlight_PROLIFIC,,36,Chile,Spanish,"Spanish, English",,Spanish:70|English:30,100,Spanish:70|English:30,100,Spanish:80|English:20,100,18,6,Bachelor's,10,10,10,6,8,9,7,17,14,16,TOEFL,80,,,,,23,25,C1,intermediate|advanced,intermediate|advanced,cambridge_22_25_intermediate_advanced,4,19,random,,,,,,,,,,,,,,,,,,,2026-08-24T17:16:23.220Z,YVYMAZEH,2026-08-24,2026-08-24,13:16:23,2026-08-24 13:16:23,,,,,,,,6983fa3a644fcca4e5fd8b3b,6983fa3a644fcca4e5fd8b3b,,,,
238,raw_position_sample,2,2,int,26,3,8,9,-1,999,621,116,4410323.2,6983fa3a644fcca4e5fd8b3b,6983fa3a644fcca4e5fd8b3b,intermediate,3,6983fa3a644fcca4e5fd8b3b,6983fa3a644fcca4e5fd8b3b,spotlight_PROLIFIC,,36,Chile,Spanish,"Spanish, English",,Spanish:70|English:30,100,Spanish:70|English:30,100,Spanish:80|English:20,100,18,6,Bachelor's,10,10,10,6,8,9,7,17,14,16,TOEFL,80,,,,,23,25,C1,intermediate|advanced,intermediate|advanced,cambridge_22_25_intermediate_advanced,4,19,random,,,,,,,,,,,,,,,,,,,2026-08-24T17:16:23.220Z,YVYMAZEH,2026-08-24,2026-08-24,13:16:23,2026-08-24 13:16:23,,,,,,,,6983fa3a644fcca4e5fd8b3b,6983fa3a644fcca4e5fd8b3b,,,,
288,raw_position_sample,2,2,int,26,3,8,9,-1,999,621,116,4410373.2,6983fa3a644fcca4e5fd8b3b,6983fa3a644fcca4e5fd8b3b,intermediate,3,6983fa3a644fcca4e5fd8b3b,6983fa3a644fcca4e5fd8b3b,spotlight_PROLIFIC,,36,Chile,Spanish,"Spanish, English",,Spanish:70|English:30,100,Spanish:70|English:30,100,Spanish:80|English:20,100,18,6,Bachelor's,10,10,10,6,8,9,7,17,14,16,TOEFL,80,,,,,23,25,C1,intermediate|advanced,intermediate|advanced,cambridge_22_25_intermediate_advanced,4,19,random,,,,,,,,,,,,,,,,,,,2026-08-24T17:16:23.220Z,YVYMAZEH,2026-08-24,2026-08-24,13:16:23,2026-08-24 13:16:23,,,,,,,,6983fa3a644fcca4e5fd8b3b,6983fa3a644fcca4e5fd8b3b,,,,
338,raw_position_sample,2,2,int,26,3,8,9,-1,999,621,116,4410423.100000001,6983fa3a644fcca4e5fd8b3b,6983fa3a644fcca4e5fd8b3b,intermediate,3,6983fa3a644fcca4e5fd8b3b,6983fa3a644fcca4e5fd8b3b,spotlight_PROLIFIC,,36,Chile,Spanish,"Spanish, English",,Spanish:70|English:30,100,Spanish:70|English:30,100,Spanish:80|English:20,100,18,6,Bachelor's,10,10,10,6,8,9,7,17,14,16,TOEFL,80,,,,,23,25,C1,intermediate|advanced,intermediate|advanced,cambridge_22_25_intermediate_advanced,4,19,random,,,,,,,,,,,,,,,,,,,2026-08-24T17:16:23.220Z,YVYMAZEH,2026-08-24,2026-08-24,13:16:23,2026-08-24 13:16:23,,,,,,,,6983fa3a644fcca4e5fd8b3b,6983fa3a644fcca4e5fd8b3b,,,,
387,raw_position_sample,2,2,int,26,3,8,9,-1,999,621,116,4410472.899999999,6983fa3a644fcca4e5fd8b3b,6983fa3a644fcca4e5fd8b3b,intermediate,3,6983fa3a644fcca4e5fd8b3b,6983fa3a644fcca4e5fd8b3b,spotlight_PROLIFIC,,36,Chile,Spanish,"Spanish, English",,Spanish:70|English:30,100,Spanish:70|English:30,100,Spanish:80|English:20,100,18,6,Bachelor's,10,10,10,6,8,9,7,17,14,16,TOEFL,80,,,,,23,25,C1,intermediate|advanced,intermediate|advanced,cambridge_22_25_intermediate_advanced,4,19,random,,,,,,,,,,,,,,,,,,,2026-08-24T17:16:23.220Z,YVYMAZEH,2026-08-24,2026-08-24,13:16:23,2026-08-24 13:16:23,,,,,,,,6983fa3a644fcca4e5fd8b3b,6983fa3a644fcca4e5fd8b3b,,,,
437,raw_position_sample,2,2,int,26,3,8,9,-1,999,632,121,4410522.8,6983fa3a644fcca4e5fd8b3b,6983fa3a644fcca4e5fd8b3b,intermediate,3,6983fa3a644fcca4e5fd8b3b,6983fa3a644fcca4e5fd8b3b,spotlight_PROLIFIC,,36,Chile,Spanish,"Spanish, English",,Spanish:70|English:30,100,Spanish:70|English:30,100,Spanish:80|English:20,100,18,6,Bachelor's,10,10,10,6,8,9,7,17,14,16,TOEFL,80,,,,,23,25,C1,intermediate|advanced,intermediate|advanced,cambridge_22_25_intermediate_advanced,4,19,random,,,,,,,,,,,,,,,,,,,2026-08-24T17:16:23.220Z,YVYMAZEH,2026-08-24,2026-08-24,13:16:23,2026-08-24 13:16:23,,,,,,,,6983fa3a644fcca4e5fd8b3b,6983fa3a644fcca4e5fd8b3b,,,,
488,raw_position_sample,2,2,int,26,3,8,9,-1,999,656,126,4410573.7,6983fa3a644fcca4e5fd8b3b,6983fa3a644fcca4e5fd8b3b,intermediate,3,6983fa3a644fcca4e5fd8b3b,6983fa3a644fcca4e5fd8b3b,spotlight_PROLIFIC,,36,Chile,Spanish,"Spanish, English",,Spanish:70|English:30,100,Spanish:70|English:30,100,Spanish:80|English:20,100,18,6,Bachelor's,10,10,10,6,8,9,7,17,14,16,TOEFL,80,,,,,23,25,C1,intermediate|advanced,intermediate|advanced,cambridge_22_25_intermediate_advanced,4,19,random,,,,,,,,,,,,,,,,,,,2026-08-24T17:16:23.220Z,YVYMAZEH,2026-08-24,2026-08-24,13:16:23,2026-08-24 13:16:23,,,,,,,,6983fa3a644fcca4e5fd8b3b,6983fa3a644fcca4e5fd8b3b,,,,
537,raw_position_sample,2,2,int,26,3,8,9,-1,999,670,127,4410622.899999999,6983fa3a644fcca4e5fd8b3b,6983fa3a644fcca4e5fd8b3b,intermediate,3,6983fa3a644fcca4e5fd8b3b,6983fa3a644fcca4e5fd8b3b,spotlight_PROLIFIC,,36,Chile,Spanish,"Spanish, English",,Spanish:70|English:30,100,Spanish:70|English:30,100,Spanish:80|English:20,100,18,6,Bachelor's,10,10,10,6,8,9,7,17,14,16,TOEFL,80,,,,,23,25,C1,intermediate|advanced,intermediate|advanced,cambridge_22_25_intermediate_advanced,4,19,random,,,,,,,,,,,,,,,,,,,2026-08-24T17:16:23.220Z,YVYMAZEH,2026-08-24,2026-08-24,13:16:23,2026-08-24 13:16:23,,,,,,,,6983fa3a644fcca4e5fd8b3b,6983fa3a644fcca4e5fd8b3b,,,,
588,raw_position_sample,2,2,int,26,3,8,9,-1,999,680,128,4410672.899999999,6983fa3a644fcca4e5fd8b3b,6983fa3a644fcca4e5fd8b3b,intermediate,3,6983fa3a644fcca4e5fd8b3b,6983fa3a644fcca4e5fd8b3b,spotlight_PROLIFIC,,36,Chile,Spanish,"Spanish, English",,Spanish:70|English:30,100,Spanish:70|English:30,100,Spanish:80|English:20,100,18,6,Bachelor's,10,10,10,6,8,9,7,17,14,16,TOEFL,80,,,,,23,25,C1,intermediate|advanced,intermediate|advanced,cambridge_22_25_intermediate_advanced,4,19,random,,,,,,,,,,,,,,,,,,,2026-08-24T17:16:23.220Z,YVYMAZEH,2026-08-24,2026-08-24,13:16:23,2026-08-24 13:16:23,,,,,,,,6983fa3a644fcca4e5fd8b3b,6983fa3a644fcca4e5fd8b3b,,,,
639,raw_position_sample,2,2,int,26,3,8,9,-1,999,691,134,4410724.399999999,6983fa3a644fcca4e5fd8b3b,6983fa3a644fcca4e5fd8b3b,intermediate,3,6983fa3a644fcca4e5fd8b3b,6983fa3a644fcca4e5fd8b3b,spotlight_PROLIFIC,,36,Chile,Spanish,"Spanish, English",,Spanish:70|English:30,100,Spanish:70|English:30,100,Spanish:80|English:20,100,18,6,Bachelor's,10,10,10,6,8,9,7,17,14,16,TOEFL,80,,,,,23,25,C1,intermediate|advanced,intermediate|advanced,cambridge_22_25_intermediate_advanced,4,19,random,,,,,,,,,,,,,,,,,,,2026-08-24T17:16:23.220Z,YVYMAZEH,2026-08-24,2026-08-24,13:16:23,2026-08-24 13:16:23,,,,,,,,6983fa3a644fcca4e5fd8b3b,6983fa3a644fcca4e5fd8b3b,,,,
688,raw_position_sample,2,2,int,26,3,8,9,-1,999,701,136,4410773.2,6983fa3a644fcca4e5fd8b3b,6983fa3a644fcca4e5fd8b3b,intermediate,3,6983fa3a644fcca4e5fd8b3b,6983fa3a644fcca4e5fd8b3b,spotlight_PROLIFIC,,36,Chile,Spanish,"Spanish, English",,Spanish:70|English:30,100,Spanish:70|English:30,100,Spanish:80|English:20,100,18,6,Bachelor's,10,10,10,6,8,9,7,17,14,16,TOEFL,80,,,,,23,25,C1,intermediate|advanced,intermediate|advanced,cambridge_22_25_intermediate_advanced,4,19,random,,,,,,,,,,,,,,,,,,,2026-08-24T17:16:23.220Z,YVYMAZEH,2026-08-24,2026-08-24,13:16:23,2026-08-24 13:16:23,,,,,,,,6983fa3a644fcca4e5fd8b3b,6983fa3a644fcca4e5fd8b3b,,,,
738,raw_position_sample,2,2,int,26,3,8,9,1, US ,705,136,4410823.899999999,6983fa3a644fcca4e5fd8b3b,6983fa3a644fcca4e5fd8b3b,intermediate,3,6983fa3a644fcca4e5fd8b3b,6983fa3a644fcca4e5fd8b3b,spotlight_PROLIFIC,,36,Chile,Spanish,"Spanish, English",,Spanish:70|English:30,100,Spanish:70|English:30,100,Spanish:80|English:20,100,18,6,Bachelor's,10,10,10,6,8,9,7,17,14,16,TOEFL,80,,,,,23,25,C1,intermediate|advanced,intermediate|advanced,cambridge_22_25_intermediate_advanced,4,19,random,,128.26390075683594,707.1181030273438,148.26390075683594,737.1181049346924,1,1,,,,,,,,,,,,2026-08-24T17:16:23.220Z,YVYMAZEH,2026-08-24,2026-08-24,13:16:23,2026-08-24 13:16:23,,,,,,,,6983fa3a644fcca4e5fd8b3b,6983fa3a644fcca4e5fd8b3b,,,,
788,raw_position_sample,2,2,int,26,3,8,9,1, US ,706,136,4410873.7,6983fa3a644fcca4e5fd8b3b,6983fa3a644fcca4e5fd8b3b,intermediate,3,6983fa3a644fcca4e5fd8b3b,6983fa3a644fcca4e5fd8b3b,spotlight_PROLIFIC,,36,Chile,Spanish,"Spanish, English",,Spanish:70|English:30,100,Spanish:70|English:30,100,Spanish:80|English:20,100,18,6,Bachelor's,10,10,10,6,8,9,7,17,14,16,TOEFL,80,,,,,23,25,C1,intermediate|advanced,intermediate|advanced,cambridge_22_25_intermediate_advanced,4,19,random,,128.26390075683594,707.1181030273438,148.26390075683594,737.1181049346924,1,1,,,,,,,,,,,,2026-08-24T17:16:23.220Z,YVYMAZEH,2026-08-24,2026-08-24,13:16:23,2026-08-24 13:16:23,,,,,,,,6983fa3a644fcca4e5fd8b3b,6983fa3a644fcca4e5fd8b3b,,,,
838,raw_position_sample,2,2,int,26,3,8,9,1, US ,706,136,4410923.600000001,6983fa3a644fcca4e5fd8b3b,6983fa3a644fcca4e5fd8b3b,intermediate,3,6983fa3a644fcca4e5fd8b3b,6983fa3a644fcca4e5fd8b3b,spotlight_PROLIFIC,,36,Chile,Spanish,"Spanish, English",,Spanish:70|English:30,100,Spanish:70|English:30,100,Spanish:80|English:20,100,18,6,Bachelor's,10,10,10,6,8,9,7,17,14,16,TOEFL,80,,,,,23,25,C1,intermediate|advanced,intermediate|advanced,cambridge_22_25_intermediate_advanced,4,19,random,,128.26390075683594,707.1181030273438,148.26390075683594,737.1181049346924,1,1,,,,,,,,,,,,2026-08-24T17:16:23.220Z,YVYMAZEH,2026-08-24,2026-08-24,13:16:23,2026-08-24 13:16:23,,,,,,,,6983fa3a644fcca4e5fd8b3b,6983fa3a644fcca4e5fd8b3b,,,,
888,raw_position_sample,2,2,int,26,3,8,9,1, US ,706,137,4410973.7,6983fa3a644fcca4e5fd8b3b,6983fa3a644fcca4e5fd8b3b,intermediate,3,6983fa3a644fcca4e5fd8b3b,6983fa3a644fcca4e5fd8b3b,spotlight_PROLIFIC,,36,Chile,Spanish,"Spanish, English",,Spanish:70|English:30,100,Spanish:70|English:30,100,Spanish:80|English:20,100,18,6,Bachelor's,10,10,10,6,8,9,7,17,14,16,TOEFL,80,,,,,23,25,C1,intermediate|advanced,intermediate|advanced,cambridge_22_25_intermediate_advanced,4,19,random,,128.26390075683594,707.1181030273438,148.26390075683594,737.1181049346924,1,1,,,,,,,,,,,,2026-08-24T17:16:23.220Z,YVYMAZEH,2026-08-24,2026-08-24,13:16:23,2026-08-24 13:16:23,,,,,,,,6983fa3a644fcca4e5fd8b3b,6983fa3a644fcca4e5fd8b3b,,,,
938,raw_position_sample,2,2,int,26,3,8,9,1, US ,706,137,4411023.600000001,6983fa3a644fcca4e5fd8b3b,6983fa3a644fcca4e5fd8b3b,intermediate,3,6983fa3a644fcca4e5fd8b3b,6983fa3a644fcca4e5fd8b3b,spotlight_PROLIFIC,,36,Chile,Spanish,"Spanish, English",,Spanish:70|English:30,100,Spanish:70|English:30,100,Spanish:80|English:20,100,18,6,Bachelor's,10,10,10,6,8,9,7,17,14,16,TOEFL,80,,,,,23,25,C1,intermediate|advanced,intermediate|advanced,cambridge_22_25_intermediate_advanced,4,19,random,,128.26390075683594,707.1181030273438,148.26390075683594,737.1181049346924,1,1,,,,,,,,,,,,2026-08-24T17:16:23.220Z,YVYMAZEH,2026-08-24,2026-08-24,13:16:23,2026-08-24 13:16:23,,,,,,,,6983fa3a644fcca4e5fd8b3b,6983fa3a644fcca4e5fd8b3b,,,,
988,raw_position_sample,2,2,int,26,3,8,9,1, US ,706,137,4411073.899999999,6983fa3a644fcca4e5fd8b3b,6983fa3a644fcca4e5fd8b3b,intermediate,3,6983fa3a644fcca4e5fd8b3b,6983fa3a644fcca4e5fd8b3b,spotlight_PROLIFIC,,36,Chile,Spanish,"Spanish, English",,Spanish:70|English:30,100,Spanish:70|English:30,100,Spanish:80|English:20,100,18,6,Bachelor's,10,10,10,6,8,9,7,17,14,16,TOEFL,80,,,,,23,25,C1,intermediate|advanced,intermediate|advanced,cambridge_22_25_intermediate_advanced,4,19,random,,128.26390075683594,707.1181030273438,148.26390075683594,737.1181049346924,1,1,,,,,,,,,,,,2026-08-24T17:16:23.220Z,YVYMAZEH,2026-08-24,2026-08-24,13:16:23,2026-08-24 13:16:23,,,,,,,,6983fa3a644fcca4e5fd8b3b,6983fa3a644fcca4e5fd8b3b,,,,
1039,raw_position_sample,2,2,int,26,3,8,9,1, US ,706,137,4411124.000000001,6983fa3a644fcca4e5fd8b3b,6983fa3a644fcca4e5fd8b3b,intermediate,3,6983fa3a644fcca4e5fd8b3b,6983fa3a644fcca4e5fd8b3b,spotlight_PROLIFIC,,36,Chile,Spanish,"Spanish, English",,Spanish:70|English:30,100,Spanish:70|English:30,100,Spanish:80|English:20,100,18,6,Bachelor's,10,10,10,6,8,9,7,17,14,16,TOEFL,80,,,,,23,25,C1,intermediate|advanced,intermediate|advanced,cambridge_22_25_intermediate_advanced,4,19,random,,128.26390075683594,707.1181030273438,148.26390075683594,737.1181049346924,1,1,,,,,,,,,,,,2026-08-24T17:16:23.220Z,YVYMAZEH,2026-08-24,2026-08-24,13:16:23,2026-08-24 13:16:23,,,,,,,,6983fa3a644fcca4e5fd8b3b,6983fa3a644fcca4e5fd8b3b,,,,
1089,raw_position_sample,2,2,int,26,3,8,9,1, US ,706,137,4411174.000000001,6983fa3a644fcca4e5fd8b3b,6983fa3a644fcca4e5fd8b3b,intermediate,3,6983fa3a644fcca4e5fd8b3b,6983fa3a644fcca4e5fd8b3b,spotlight_PROLIFIC,,36,Chile,Spanish,"Spanish, English",,Spanish:70|English:30,100,Spanish:70|English:30,100,Spanish:80|English:20,100,18,6,Bachelor's,10,10,10,6,8,9,7,17,14,16,TOEFL,80,,,,,23,25,C1,intermediate|advanced,intermediate|advanced,cambridge_22_25_intermediate_advanced,4,19,random,,128.26390075683594,707.1181030273438,148.26390075683594,737.1181049346924,1,1,,,,,,,,,,,,2026-08-24T17:16:23.220Z,YVYMAZEH,2026-08-24,2026-08-24,13:16:23,2026-08-24 13:16:23,,,,,,,,6983fa3a644fcca4e5fd8b3b,6983fa3a644fcca4e5fd8b3b,,,,
1139,raw_position_sample,2,2,int,26,3,8,9,1, US ,706,137,4411224.000000001,6983fa3a644fcca4e5fd8b3b,6983fa3a644fcca4e5fd8b3b,intermediate,3,6983fa3a644fcca4e5fd8b3b,6983fa3a644fcca4e5fd8b3b,spotlight_PROLIFIC,,36,Chile,Spanish,"Spanish, English",,Spanish:70|English:30,100,Spanish:70|English:30,100,Spanish:80|English:20,100,18,6,Bachelor's,10,10,10,6,8,9,7,17,14,16,TOEFL,80,,,,,23,25,C1,intermediate|advanced,intermediate|advanced,cambridge_22_25_intermediate_advanced,4,19,random,,128.26390075683594,707.1181030273438,148.26390075683594,737.1181049346924,1,1,,,,,,,,,,,,2026-08-24T17:16:23.220Z,YVYMAZEH,2026-08-24,2026-08-24,13:16:23,2026-08-24 13:16:23,,,,,,,,6983fa3a644fcca4e5fd8b3b,6983fa3a644fcca4e5fd8b3b,,,,
1189,raw_position_sample,2,2,int,26,3,8,9,1, US ,706,137,4411274.100000001,6983fa3a644fcca4e5fd8b3b,6983fa3a644fcca4e5fd8b3b,intermediate,3,6983fa3a644fcca4e5fd8b3b,6983fa3a644fcca4e5fd8b3b,spotlight_PROLIFIC,,36,Chile,Spanish,"Spanish, English",,Spanish:70|English:30,100,Spanish:70|English:30,100,Spanish:80|English:20,100,18,6,Bachelor's,10,10,10,6,8,9,7,17,14,16,TOEFL,80,,,,,23,25,C1,intermediate|advanced,intermediate|advanced,cambridge_22_25_intermediate_advanced,4,19,random,,128.26390075683594,707.1181030273438,148.26390075683594,737.1181049346924,1,1,,,,,,,,,,,,2026-08-24T17:16:23.220Z,YVYMAZEH,2026-08-24,2026-08-24,13:16:23,2026-08-24 13:16:23,,,,,,,,6983fa3a644fcca4e5fd8b3b,6983fa3a644fcca4e5fd8b3b,,,,
1238,raw_position_sample,2,2,int,26,3,8,9,1, US ,706,137,4411323.7,6983fa3a644fcca4e5fd8b3b,6983fa3a644fcca4e5fd8b3b,intermediate,3,6983fa3a644fcca4e5fd8b3b,6983fa3a644fcca4e5fd8b3b,spotlight_PROLIFIC,,36,Chile,Spanish,"Spanish, English",,Spanish:70|English:30,100,Spanish:70|English:30,100,Spanish:80|English:20,100,18,6,Bachelor's,10,10,10,6,8,9,7,17,14,16,TOEFL,80,,,,,23,25,C1,intermediate|advanced,intermediate|advanced,cambridge_22_25_intermediate_advanced,4,19,random,,128.26390075683594,707.1181030273438,148.26390075683594,737.1181049346924,1,1,,,,,,,,,,,,2026-08-24T17:16:23.220Z,YVYMAZEH,2026-08-24,2026-08-24,13:16:23,2026-08-24 13:16:23,,,,,,,,6983fa3a644fcca4e5fd8b3b,6983fa3a644fcca4e5fd8b3b,,,,
1289,raw_position_sample,2,2,int,26,3,8,9,1, US ,706,137,4411374.000000001,6983fa3a644fcca4e5fd8b3b,6983fa3a644fcca4e5fd8b3b,intermediate,3,6983fa3a644fcca4e5fd8b3b,6983fa3a644fcca4e5fd8b3b,spotlight_PROLIFIC,,36,Chile,Spanish,"Spanish, English",,Spanish:70|English:30,100,Spanish:70|English:30,100,Spanish:80|English:20,100,18,6,Bachelor's,10,10,10,6,8,9,7,17,14,16,TOEFL,80,,,,,23,25,C1,intermediate|advanced,intermediate|advanced,cambridge_22_25_intermediate_advanced,4,19,random,,128.26390075683594,707.1181030273438,148.26390075683594,737.1181049346924,1,1,,,,,,,,,,,,2026-08-24T17:16:23.220Z,YVYMAZEH,2026-08-24,2026-08-24,13:16:23,2026-08-24 13:16:23,,,,,,,,6983fa3a644fcca4e5fd8b3b,6983fa3a644fcca4e5fd8b3b,,,,
1338,raw_position_sample,2,2,int,26,3,8,9,1, US ,706,137,4411423.8,6983fa3a644fcca4e5fd8b3b,6983fa3a644fcca4e5fd8b3b,intermediate,3,6983fa3a644fcca4e5fd8b3b,6983fa3a644fcca4e5fd8b3b,spotlight_PROLIFIC,,36,Chile,Spanish,"Spanish, English",,Spanish:70|English:30,100,Spanish:70|English:30,100,Spanish:80|English:20,100,18,6,Bachelor's,10,10,10,6,8,9,7,17,14,16,TOEFL,80,,,,,23,25,C1,intermediate|advanced,intermediate|advanced,cambridge_22_25_intermediate_advanced,4,19,random,,128.26390075683594,707.1181030273438,148.26390075683594,737.1181049346924,1,1,,,,,,,,,,,,2026-08-24T17:16:23.220Z,YVYMAZEH,2026-08-24,2026-08-24,13:16:23,2026-08-24 13:16:23,,,,,,,,6983fa3a644fcca4e5fd8b3b,6983fa3a644fcca4e5fd8b3b,,,,
1388,raw_position_sample,2,2,int,26,3,8,9,1, US ,706,137,4411473.600000001,6983fa3a644fcca4e5fd8b3b,6983fa3a644fcca4e5fd8b3b,intermediate,3,6983fa3a644fcca4e5fd8b3b,6983fa3a644fcca4e5fd8b3b,spotlight_PROLIFIC,,36,Chile,Spanish,"Spanish, English",,Spanish:70|English:30,100,Spanish:70|English:30,100,Spanish:80|English:20,100,18,6,Bachelor's,10,10,10,6,8,9,7,17,14,16,TOEFL,80,,,,,23,25,C1,intermediate|advanced,intermediate|advanced,cambridge_22_25_intermediate_advanced,4,19,random,,128.26390075683594,707.1181030273438,148.26390075683594,737.1181049346924,1,1,,,,,,,,,,,,2026-08-24T17:16:23.220Z,YVYMAZEH,2026-08-24,2026-08-24,13:16:23,2026-08-24 13:16:23,,,,,,,,6983fa3a644fcca4e5fd8b3b,6983fa3a644fcca4e5fd8b3b,,,,
1438,raw_position_sample,2,2,int,26,3,8,9,1, US ,708,137,4411523.7,6983fa3a644fcca4e5fd8b3b,6983fa3a644fcca4e5fd8b3b,intermediate,3,6983fa3a644fcca4e5fd8b3b,6983fa3a644fcca4e5fd8b3b,spotlight_PROLIFIC,,36,Chile,Spanish,"Spanish, English",,Spanish:70|English:30,100,Spanish:70|English:30,100,Spanish:80|English:20,100,18,6,Bachelor's,10,10,10,6,8,9,7,17,14,16,TOEFL,80,,,,,23,25,C1,intermediate|advanced,intermediate|advanced,cambridge_22_25_intermediate_advanced,4,19,random,,128.26390075683594,707.1181030273438,148.26390075683594,737.1181049346924,1,1,,,,,,,,,,,,2026-08-24T17:16:23.220Z,YVYMAZEH,2026-08-24,2026-08-24,13:16:23,2026-08-24 13:16:23,,,,,,,,6983fa3a644fcca4e5fd8b3b,6983fa3a644fcca4e5fd8b3b,,,,
1490,raw_position_sample,2,2,int,26,3,8,9,1, US ,718,137,4411575.899999999,6983fa3a644fcca4e5fd8b3b,6983fa3a644fcca4e5fd8b3b,intermediate,3,6983fa3a644fcca4e5fd8b3b,6983fa3a644fcca4e5fd8b3b,spotlight_PROLIFIC,,36,Chile,Spanish,"Spanish, English",,Spanish:70|English:30,100,Spanish:70|English:30,100,Spanish:80|English:20,100,18,6,Bachelor's,10,10,10,6,8,9,7,17,14,16,TOEFL,80,,,,,23,25,C1,intermediate|advanced,intermediate|advanced,cambridge_22_25_intermediate_advanced,4,19,random,,128.26390075683594,707.1181030273438,148.26390075683594,737.1181049346924,1,1,,,,,,,,,,,,2026-08-24T17:16:23.220Z,YVYMAZEH,2026-08-24,2026-08-24,13:16:23,2026-08-24 13:16:23,,,,,,,,6983fa3a644fcca4e5fd8b3b,6983fa3a644fcca4e5fd8b3b,,,,
1538,raw_position_sample,2,2,int,26,3,8,9,1, US ,725,137,4411623.600000001,6983fa3a644fcca4e5fd8b3b,6983fa3a644fcca4e5fd8b3b,intermediate,3,6983fa3a644fcca4e5fd8b3b,6983fa3a644fcca4e5fd8b3b,spotlight_PROLIFIC,,36,Chile,Spanish,"Spanish, English",,Spanish:70|English:30,100,Spanish:70|English:30,100,Spanish:80|English:20,100,18,6,Bachelor's,10,10,10,6,8,9,7,17,14,16,TOEFL,80,,,,,23,25,C1,intermediate|advanced,intermediate|advanced,cambridge_22_25_intermediate_advanced,4,19,random,,128.26390075683594,707.1181030273438,148.26390075683594,737.1181049346924,1,1,,,,,,,,,,,,2026-08-24T17:16:23.220Z,YVYMAZEH,2026-08-24,2026-08-24,13:16:23,2026-08-24 13:16:23,,,,,,,,6983fa3a644fcca4e5fd8b3b,6983fa3a644fcca4e5fd8b3b,,,,
1588,raw_position_sample,2,2,int,26,3,8,9,1, US ,732,137,4411673.7,6983fa3a644fcca4e5fd8b3b,6983fa3a644fcca4e5fd8b3b,intermediate,3,6983fa3a644fcca4e5fd8b3b,6983fa3a644fcca4e5fd8b3b,spotlight_PROLIFIC,,36,Chile,Spanish,"Spanish, English",,Spanish:70|English:30,100,Spanish:70|English:30,100,Spanish:80|English:20,100,18,6,Bachelor's,10,10,10,6,8,9,7,17,14,16,TOEFL,80,,,,,23,25,C1,intermediate|advanced,intermediate|advanced,cambridge_22_25_intermediate_advanced,4,19,random,,128.26390075683594,707.1181030273438,148.26390075683594,737.1181049346924,1,1,,,,,,,,,,,,2026-08-24T17:16:23.220Z,YVYMAZEH,2026-08-24,2026-08-24,13:16:23,2026-08-24 13:16:23,,,,,,,,6983fa3a644fcca4e5fd8b3b,6983fa3a644fcca4e5fd8b3b,,,,
1632,hover_association,2,2,int,26,3,8,9,1, US ,704,136,,6983fa3a644fcca4e5fd8b3b,6983fa3a644fcca4e5fd8b3b,intermediate,3,6983fa3a644fcca4e5fd8b3b,6983fa3a644fcca4e5fd8b3b,spotlight_PROLIFIC,,36,Chile,Spanish,"Spanish, English",,Spanish:70|English:30,100,Spanish:70|English:30,100,Spanish:80|English:20,100,18,6,Bachelor's,10,10,10,6,8,9,7,17,14,16,TOEFL,80,,,,,23,25,C1,intermediate|advanced,intermediate|advanced,cambridge_22_25_intermediate_advanced,4,19,random,,118.26390075683594,703.3681027889252,158.26390075683594,737.1181039810181,1,1,hover,916,916,0.9965006229082524,0.46840248107910154,81,,,,,,2026-08-24T17:16:23.220Z,YVYMAZEH,2026-08-24,2026-08-24,13:16:23,2026-08-24 13:16:23,,,,,,,,6983fa3a644fcca4e5fd8b3b,6983fa3a644fcca4e5fd8b3b,,,,
1641,raw_position_sample,2,2,int,26,3,8,9,2, cities ,741,137,4411726.2,6983fa3a644fcca4e5fd8b3b,6983fa3a644fcca4e5fd8b3b,intermediate,3,6983fa3a644fcca4e5fd8b3b,6983fa3a644fcca4e5fd8b3b,spotlight_PROLIFIC,,36,Chile,Spanish,"Spanish, English",,Spanish:70|English:30,100,Spanish:70|English:30,100,Spanish:80|English:20,100,18,6,Bachelor's,10,10,10,6,8,9,7,17,14,16,TOEFL,80,,,,,23,25,C1,intermediate|advanced,intermediate|advanced,cambridge_22_25_intermediate_advanced,4,19,random,,128.26390075683594,737.1181030273438,148.26390075683594,783.1076889038086,1,2,,,,,,,,,,,,2026-08-24T17:16:23.220Z,YVYMAZEH,2026-08-24,2026-08-24,13:16:23,2026-08-24 13:16:23,,,,,,,,6983fa3a644fcca4e5fd8b3b,6983fa3a644fcca4e5fd8b3b,,,,
1689,raw_position_sample,2,2,int,26,3,8,9,2, cities ,750,137,4411774.399999999,6983fa3a644fcca4e5fd8b3b,6983fa3a644fcca4e5fd8b3b,intermediate,3,6983fa3a644fcca4e5fd8b3b,6983fa3a644fcca4e5fd8b3b,spotlight_PROLIFIC,,36,Chile,Spanish,"Spanish, English",,Spanish:70|English:30,100,Spanish:70|English:30,100,Spanish:80|English:20,100,18,6,Bachelor's,10,10,10,6,8,9,7,17,14,16,TOEFL,80,,,,,23,25,C1,intermediate|advanced,intermediate|advanced,cambridge_22_25_intermediate_advanced,4,19,random,,128.26390075683594,737.1181030273438,148.26390075683594,783.1076889038086,1,2,,,,,,,,,,,,2026-08-24T17:16:23.220Z,YVYMAZEH,2026-08-24,2026-08-24,13:16:23,2026-08-24 13:16:23,,,,,,,,6983fa3a644fcca4e5fd8b3b,6983fa3a644fcca4e5fd8b3b,,,,
1738,raw_position_sample,2,2,int,26,3,8,9,2, cities ,756,137,4411823.500000001,6983fa3a644fcca4e5fd8b3b,6983fa3a644fcca4e5fd8b3b,intermediate,3,6983fa3a644fcca4e5fd8b3b,6983fa3a644fcca4e5fd8b3b,spotlight_PROLIFIC,,36,Chile,Spanish,"Spanish, English",,Spanish:70|English:30,100,Spanish:70|English:30,100,Spanish:80|English:20,100,18,6,Bachelor's,10,10,10,6,8,9,7,17,14,16,TOEFL,80,,,,,23,25,C1,intermediate|advanced,intermediate|advanced,cambridge_22_25_intermediate_advanced,4,19,random,,128.26390075683594,737.1181030273438,148.26390075683594,783.1076889038086,1,2,,,,,,,,,,,,2026-08-24T17:16:23.220Z,YVYMAZEH,2026-08-24,2026-08-24,13:16:23,2026-08-24 13:16:23,,,,,,,,6983fa3a644fcca4e5fd8b3b,6983fa3a644fcca4e5fd8b3b,,,,
1788,raw_position_sample,2,2,int,26,3,8,9,2, cities ,761,135,4411873.600000001,6983fa3a644fcca4e5fd8b3b,6983fa3a644fcca4e5fd8b3b,intermediate,3,6983fa3a644fcca4e5fd8b3b,6983fa3a644fcca4e5fd8b3b,spotlight_PROLIFIC,,36,Chile,Spanish,"Spanish, English",,Spanish:70|English:30,100,Spanish:70|English:30,100,Spanish:80|English:20,100,18,6,Bachelor's,10,10,10,6,8,9,7,17,14,16,TOEFL,80,,,,,23,25,C1,intermediate|advanced,intermediate|advanced,cambridge_22_25_intermediate_advanced,4,19,random,,128.26390075683594,737.1181030273438,148.26390075683594,783.1076889038086,1,2,,,,,,,,,,,,2026-08-24T17:16:23.220Z,YVYMAZEH,2026-08-24,2026-08-24,13:16:23,2026-08-24 13:16:23,,,,,,,,6983fa3a644fcca4e5fd8b3b,6983fa3a644fcca4e5fd8b3b,,,,
1839,raw_position_sample,2,2,int,26,3,8,9,2, cities ,763,134,4411924.100000001,6983fa3a644fcca4e5fd8b3b,6983fa3a644fcca4e5fd8b3b,intermediate,3,6983fa3a644fcca4e5fd8b3b,6983fa3a644fcca4e5fd8b3b,spotlight_PROLIFIC,,36,Chile,Spanish,"Spanish, English",,Spanish:70|English:30,100,Spanish:70|English:30,100,Spanish:80|English:20,100,18,6,Bachelor's,10,10,10,6,8,9,7,17,14,16,TOEFL,80,,,,,23,25,C1,intermediate|advanced,intermediate|advanced,cambridge_22_25_intermediate_advanced,4,19,random,,128.26390075683594,737.1181030273438,148.26390075683594,783.1076889038086,1,2,,,,,,,,,,,,2026-08-24T17:16:23.220Z,YVYMAZEH,2026-08-24,2026-08-24,13:16:23,2026-08-24 13:16:23,,,,,,,,6983fa3a644fcca4e5fd8b3b,6983fa3a644fcca4e5fd8b3b,,,,
1889,raw_position_sample,2,2,int,26,3,8,9,2, cities ,763,134,4411974.100000001,6983fa3a644fcca4e5fd8b3b,6983fa3a644fcca4e5fd8b3b,intermediate,3,6983fa3a644fcca4e5fd8b3b,6983fa3a644fcca4e5fd8b3b,spotlight_PROLIFIC,,36,Chile,Spanish,"Spanish, English",,Spanish:70|English:30,100,Spanish:70|English:30,100,Spanish:80|English:20,100,18,6,Bachelor's,10,10,10,6,8,9,7,17,14,16,TOEFL,80,,,,,23,25,C1,intermediate|advanced,intermediate|advanced,cambridge_22_25_intermediate_advanced,4,19,random,,128.26390075683594,737.1181030273438,148.26390075683594,783.1076889038086,1,2,,,,,,,,,,,,2026-08-24T17:16:23.220Z,YVYMAZEH,2026-08-24,2026-08-24,13:16:23,2026-08-24 13:16:23,,,,,,,,6983fa3a644fcca4e5fd8b3b,6983fa3a644fcca4e5fd8b3b,,,,
1939,raw_position_sample,2,2,int,26,3,8,9,2, cities ,763,134,4412023.899999999,6983fa3a644fcca4e5fd8b3b,6983fa3a644fcca4e5fd8b3b,intermediate,3,6983fa3a644fcca4e5fd8b3b,6983fa3a644fcca4e5fd8b3b,spotlight_PROLIFIC,,36,Chile,Spanish,"Spanish, English",,Spanish:70|English:30,100,Spanish:70|English:30,100,Spanish:80|English:20,100,18,6,Bachelor's,10,10,10,6,8,9,7,17,14,16,TOEFL,80,,,,,23,25,C1,intermediate|advanced,intermediate|advanced,cambridge_22_25_intermediate_advanced,4,19,random,,128.26390075683594,737.1181030273438,148.26390075683594,783.1076889038086,1,2,,,,,,,,,,,,2026-08-24T17:16:23.220Z,YVYMAZEH,2026-08-24,2026-08-24,13:16:23,2026-08-24 13:16:23,,,,,,,,6983fa3a644fcca4e5fd8b3b,6983fa3a644fcca4e5fd8b3b,,,,
1988,raw_position_sample,2,2,int,26,3,8,9,2, cities ,763,134,4412073.7,6983fa3a644fcca4e5fd8b3b,6983fa3a644fcca4e5fd8b3b,intermediate,3,6983fa3a644fcca4e5fd8b3b,6983fa3a644fcca4e5fd8b3b,spotlight_PROLIFIC,,36,Chile,Spanish,"Spanish, English",,Spanish:70|English:30,100,Spanish:70|English:30,100,Spanish:80|English:20,100,18,6,Bachelor's,10,10,10,6,8,9,7,17,14,16,TOEFL,80,,,,,23,25,C1,intermediate|advanced,intermediate|advanced,cambridge_22_25_intermediate_advanced,4,19,random,,128.26390075683594,737.1181030273438,148.26390075683594,783.1076889038086,1,2,,,,,,,,,,,,2026-08-24T17:16:23.220Z,YVYMAZEH,2026-08-24,2026-08-24,13:16:23,2026-08-24 13:16:23,,,,,,,,6983fa3a644fcca4e5fd8b3b,6983fa3a644fcca4e5fd8b3b,,,,
2038,raw_position_sample,2,2,int,26,3,8,9,2, cities ,763,134,4412123.600000001,6983fa3a644fcca4e5fd8b3b,6983fa3a644fcca4e5fd8b3b,intermediate,3,6983fa3a644fcca4e5fd8b3b,6983fa3a644fcca4e5fd8b3b,spotlight_PROLIFIC,,36,Chile,Spanish,"Spanish, English",,Spanish:70|English:30,100,Spanish:70|English:30,100,Spanish:80|English:20,100,18,6,Bachelor's,10,10,10,6,8,9,7,17,14,16,TOEFL,80,,,,,23,25,C1,intermediate|advanced,intermediate|advanced,cambridge_22_25_intermediate_advanced,4,19,random,,128.26390075683594,737.1181030273438,148.26390075683594,783.1076889038086,1,2,,,,,,,,,,,,2026-08-24T17:16:23.220Z,YVYMAZEH,2026-08-24,2026-08-24,13:16:23,2026-08-24 13:16:23,,,,,,,,6983fa3a644fcca4e5fd8b3b,6983fa3a644fcca4e5fd8b3b,,,,
2088,raw_position_sample,2,2,int,26,3,8,9,2, cities ,763,134,4412173.600000001,6983fa3a644fcca4e5fd8b3b,6983fa3a644fcca4e5fd8b3b,intermediate,3,6983fa3a644fcca4e5fd8b3b,6983fa3a644fcca4e5fd8b3b,spotlight_PROLIFIC,,36,Chile,Spanish,"Spanish, English",,Spanish:70|English:30,100,Spanish:70|English:30,100,Spanish:80|English:20,100,18,6,Bachelor's,10,10,10,6,8,9,7,17,14,16,TOEFL,80,,,,,23,25,C1,intermediate|advanced,intermediate|advanced,cambridge_22_25_intermediate_advanced,4,19,random,,128.26390075683594,737.1181030273438,148.26390075683594,783.1076889038086,1,2,,,,,,,,,,,,2026-08-24T17:16:23.220Z,YVYMAZEH,2026-08-24,2026-08-24,13:16:23,2026-08-24 13:16:23,,,,,,,,6983fa3a644fcca4e5fd8b3b,6983fa3a644fcca4e5fd8b3b,,,,
2138,raw_position_sample,2,2,int,26,3,8,9,2, cities ,763,134,4412223.7,6983fa3a644fcca4e5fd8b3b,6983fa3a644fcca4e5fd8b3b,intermediate,3,6983fa3a644fcca4e5fd8b3b,6983fa3a644fcca4e5fd8b3b,spotlight_PROLIFIC,,36,Chile,Spanish,"Spanish, English",,Spanish:70|English:30,100,Spanish:70|English:30,100,Spanish:80|English:20,100,18,6,Bachelor's,10,10,10,6,8,9,7,17,14,16,TOEFL,80,,,,,23,25,C1,intermediate|advanced,intermediate|advanced,cambridge_22_25_intermediate_advanced,4,19,random,,128.26390075683594,737.1181030273438,148.26390075683594,783.1076889038086,1,2,,,,,,,,,,,,2026-08-24T17:16:23.220Z,YVYMAZEH,2026-08-24,2026-08-24,13:16:23,2026-08-24 13:16:23,,,,,,,,6983fa3a644fcca4e5fd8b3b,6983fa3a644fcca4e5fd8b3b,,,,
2192,raw_position_sample,2,2,int,26,3,8,9,2, cities ,776,135,4412277.500000001,6983fa3a644fcca4e5fd8b3b,6983fa3a644fcca4e5fd8b3b,intermediate,3,6983fa3a644fcca4e5fd8b3b,6983fa3a644fcca4e5fd8b3b,spotlight_PROLIFIC,,36,Chile,Spanish,"Spanish, English",,Spanish:70|English:30,100,Spanish:70|English:30,100,Spanish:80|English:20,100,18,6,Bachelor's,10,10,10,6,8,9,7,17,14,16,TOEFL,80,,,,,23,25,C1,intermediate|advanced,intermediate|advanced,cambridge_22_25_intermediate_advanced,4,19,random,,128.26390075683594,737.1181030273438,148.26390075683594,783.1076889038086,1,2,,,,,,,,,,,,2026-08-24T17:16:23.220Z,YVYMAZEH,2026-08-24,2026-08-24,13:16:23,2026-08-24 13:16:23,,,,,,,,6983fa3a644fcca4e5fd8b3b,6983fa3a644fcca4e5fd8b3b,,,,
2228,hover_association,2,2,int,26,3,8,9,2, cities ,738,137,,6983fa3a644fcca4e5fd8b3b,6983fa3a644fcca4e5fd8b3b,intermediate,3,6983fa3a644fcca4e5fd8b3b,6983fa3a644fcca4e5fd8b3b,spotlight_PROLIFIC,,36,Chile,Spanish,"Spanish, English",,Spanish:70|English:30,100,Spanish:70|English:30,100,Spanish:80|English:20,100,18,6,Bachelor's,10,10,10,6,8,9,7,17,14,16,TOEFL,80,,,,,23,25,C1,intermediate|advanced,intermediate|advanced,cambridge_22_25_intermediate_advanced,4,19,random,,118.26390075683594,737.1181039810181,158.26390075683594,783.1076774597168,1,2,hover,596.0999999996275,596.0999999996275,0.9976586549608539,0.41840248107910155,81,,,,,,2026-08-24T17:16:23.220Z,YVYMAZEH,2026-08-24,2026-08-24,13:16:23,2026-08-24 13:16:23,,,,,,,,6983fa3a644fcca4e5fd8b3b,6983fa3a644fcca4e5fd8b3b,,,,
2239,raw_position_sample,2,2,int,26,3,8,9,3, perform ,785,135,4412324.2,6983fa3a644fcca4e5fd8b3b,6983fa3a644fcca4e5fd8b3b,intermediate,3,6983fa3a644fcca4e5fd8b3b,6983fa3a644fcca4e5fd8b3b,spotlight_PROLIFIC,,36,Chile,Spanish,"Spanish, English",,Spanish:70|English:30,100,Spanish:70|English:30,100,Spanish:80|English:20,100,18,6,Bachelor's,10,10,10,6,8,9,7,17,14,16,TOEFL,80,,,,,23,25,C1,intermediate|advanced,intermediate|advanced,cambridge_22_25_intermediate_advanced,4,19,random,,128.26390075683594,783.107666015625,148.26390075683594,850.0868377685547,1,3,,,,,,,,,,,,2026-08-24T17:16:23.220Z,YVYMAZEH,2026-08-24,2026-08-24,13:16:23,2026-08-24 13:16:23,,,,,,,,6983fa3a644fcca4e5fd8b3b,6983fa3a644fcca4e5fd8b3b,,,,
2288,raw_position_sample,2,2,int,26,3,8,9,3, perform ,790,135,4412373.7,6983fa3a644fcca4e5fd8b3b,6983fa3a644fcca4e5fd8b3b,intermediate,3,6983fa3a644fcca4e5fd8b3b,6983fa3a644fcca4e5fd8b3b,spotlight_PROLIFIC,,36,Chile,Spanish,"Spanish, English",,Spanish:70|English:30,100,Spanish:70|English:30,100,Spanish:80|English:20,100,18,6,Bachelor's,10,10,10,6,8,9,7,17,14,16,TOEFL,80,,,,,23,25,C1,intermediate|advanced,intermediate|advanced,cambridge_22_25_intermediate_advanced,4,19,random,,128.26390075683594,783.107666015625,148.26390075683594,850.0868377685547,1,3,,,,,,,,,,,,2026-08-24T17:16:23.220Z,YVYMAZEH,2026-08-24,2026-08-24,13:16:23,2026-08-24 13:16:23,,,,,,,,6983fa3a644fcca4e5fd8b3b,6983fa3a644fcca4e5fd8b3b,,,,
2338,raw_position_sample,2,2,int,26,3,8,9,3, perform ,798,138,4412423.600000001,6983fa3a644fcca4e5fd8b3b,6983fa3a644fcca4e5fd8b3b,intermediate,3,6983fa3a644fcca4e5fd8b3b,6983fa3a644fcca4e5fd8b3b,spotlight_PROLIFIC,,36,Chile,Spanish,"Spanish, English",,Spanish:70|English:30,100,Spanish:70|English:30,100,Spanish:80|English:20,100,18,6,Bachelor's,10,10,10,6,8,9,7,17,14,16,TOEFL,80,,,,,23,25,C1,intermediate|advanced,intermediate|advanced,cambridge_22_25_intermediate_advanced,4,19,random,,128.26390075683594,783.107666015625,148.26390075683594,850.0868377685547,1,3,,,,,,,,,,,,2026-08-24T17:16:23.220Z,YVYMAZEH,2026-08-24,2026-08-24,13:16:23,2026-08-24 13:16:23,,,,,,,,6983fa3a644fcca4e5fd8b3b,6983fa3a644fcca4e5fd8b3b,,,,
2391,raw_position_sample,2,2,int,26,3,8,9,3, perform ,814,144,4412476.600000001,6983fa3a644fcca4e5fd8b3b,6983fa3a644fcca4e5fd8b3b,intermediate,3,6983fa3a644fcca4e5fd8b3b,6983fa3a644fcca4e5fd8b3b,spotlight_PROLIFIC,,36,Chile,Spanish,"Spanish, English",,Spanish:70|English:30,100,Spanish:70|English:30,100,Spanish:80|English:20,100,18,6,Bachelor's,10,10,10,6,8,9,7,17,14,16,TOEFL,80,,,,,23,25,C1,intermediate|advanced,intermediate|advanced,cambridge_22_25_intermediate_advanced,4,19,random,,128.26390075683594,783.107666015625,148.26390075683594,850.0868377685547,1,3,,,,,,,,,,,,2026-08-24T17:16:23.220Z,YVYMAZEH,2026-08-24,2026-08-24,13:16:23,2026-08-24 13:16:23,,,,,,,,6983fa3a644fcca4e5fd8b3b,6983fa3a644fcca4e5fd8b3b,,,,
2438,raw_position_sample,2,2,int,26,3,8,9,3, perform ,828,148,4412523.7,6983fa3a644fcca4e5fd8b3b,6983fa3a644fcca4e5fd8b3b,intermediate,3,6983fa3a644fcca4e5fd8b3b,6983fa3a644fcca4e5fd8b3b,spotlight_PROLIFIC,,36,Chile,Spanish,"Spanish, English",,Spanish:70|English:30,100,Spanish:70|English:30,100,Spanish:80|English:20,100,18,6,Bachelor's,10,10,10,6,8,9,7,17,14,16,TOEFL,80,,,,,23,25,C1,intermediate|advanced,intermediate|advanced,cambridge_22_25_intermediate_advanced,4,19,random,,128.26390075683594,783.107666015625,148.26390075683594,850.0868377685547,1,3,,,,,,,,,,,,2026-08-24T17:16:23.220Z,YVYMAZEH,2026-08-24,2026-08-24,13:16:23,2026-08-24 13:16:23,,,,,,,,6983fa3a644fcca4e5fd8b3b,6983fa3a644fcca4e5fd8b3b,,,,
2492,raw_position_sample,2,2,int,26,3,8,9,3, perform ,838,148,4412577.3,6983fa3a644fcca4e5fd8b3b,6983fa3a644fcca4e5fd8b3b,intermediate,3,6983fa3a644fcca4e5fd8b3b,6983fa3a644fcca4e5fd8b3b,spotlight_PROLIFIC,,36,Chile,Spanish,"Spanish, English",,Spanish:70|English:30,100,Spanish:70|English:30,100,Spanish:80|English:20,100,18,6,Bachelor's,10,10,10,6,8,9,7,17,14,16,TOEFL,80,,,,,23,25,C1,intermediate|advanced,intermediate|advanced,cambridge_22_25_intermediate_advanced,4,19,random,,128.26390075683594,783.107666015625,148.26390075683594,850.0868377685547,1,3,,,,,,,,,,,,2026-08-24T17:16:23.220Z,YVYMAZEH,2026-08-24,2026-08-24,13:16:23,2026-08-24 13:16:23,,,,,,,,6983fa3a644fcca4e5fd8b3b,6983fa3a644fcca4e5fd8b3b,,,,
2539,raw_position_sample,2,2,int,26,3,8,9,3, perform ,840,146,4412624.000000001,6983fa3a644fcca4e5fd8b3b,6983fa3a644fcca4e5fd8b3b,intermediate,3,6983fa3a644fcca4e5fd8b3b,6983fa3a644fcca4e5fd8b3b,spotlight_PROLIFIC,,36,Chile,Spanish,"Spanish, English",,Spanish:70|English:30,100,Spanish:70|English:30,100,Spanish:80|English:20,100,18,6,Bachelor's,10,10,10,6,8,9,7,17,14,16,TOEFL,80,,,,,23,25,C1,intermediate|advanced,intermediate|advanced,cambridge_22_25_intermediate_advanced,4,19,random,,128.26390075683594,783.107666015625,148.26390075683594,850.0868377685547,1,3,,,,,,,,,,,,2026-08-24T17:16:23.220Z,YVYMAZEH,2026-08-24,2026-08-24,13:16:23,2026-08-24 13:16:23,,,,,,,,6983fa3a644fcca4e5fd8b3b,6983fa3a644fcca4e5fd8b3b,,,,
2588,raw_position_sample,2,2,int,26,3,8,9,3, perform ,840,146,4412673.8,6983fa3a644fcca4e5fd8b3b,6983fa3a644fcca4e5fd8b3b,intermediate,3,6983fa3a644fcca4e5fd8b3b,6983fa3a644fcca4e5fd8b3b,spotlight_PROLIFIC,,36,Chile,Spanish,"Spanish, English",,Spanish:70|English:30,100,Spanish:70|English:30,100,Spanish:80|English:20,100,18,6,Bachelor's,10,10,10,6,8,9,7,17,14,16,TOEFL,80,,,,,23,25,C1,intermediate|advanced,intermediate|advanced,cambridge_22_25_intermediate_advanced,4,19,random,,128.26390075683594,783.107666015625,148.26390075683594,850.0868377685547,1,3,,,,,,,,,,,,2026-08-24T17:16:23.220Z,YVYMAZEH,2026-08-24,2026-08-24,13:16:23,2026-08-24 13:16:23,,,,,,,,6983fa3a644fcca4e5fd8b3b,6983fa3a644fcca4e5fd8b3b,,,,
2639,raw_position_sample,2,2,int,26,3,8,9,3, perform ,840,146,4412724.000000001,6983fa3a644fcca4e5fd8b3b,6983fa3a644fcca4e5fd8b3b,intermediate,3,6983fa3a644fcca4e5fd8b3b,6983fa3a644fcca4e5fd8b3b,spotlight_PROLIFIC,,36,Chile,Spanish,"Spanish, English",,Spanish:70|English:30,100,Spanish:70|English:30,100,Spanish:80|English:20,100,18,6,Bachelor's,10,10,10,6,8,9,7,17,14,16,TOEFL,80,,,,,23,25,C1,intermediate|advanced,intermediate|advanced,cambridge_22_25_intermediate_advanced,4,19,random,,128.26390075683594,783.107666015625,148.26390075683594,850.0868377685547,1,3,,,,,,,,,,,,2026-08-24T17:16:23.220Z,YVYMAZEH,2026-08-24,2026-08-24,13:16:23,2026-08-24 13:16:23,,,,,,,,6983fa3a644fcca4e5fd8b3b,6983fa3a644fcca4e5fd8b3b,,,,
2689,raw_position_sample,2,2,int,26,3,8,9,3, perform ,840,146,4412774.2,6983fa3a644fcca4e5fd8b3b,6983fa3a644fcca4e5fd8b3b,intermediate,3,6983fa3a644fcca4e5fd8b3b,6983fa3a644fcca4e5fd8b3b,spotlight_PROLIFIC,,36,Chile,Spanish,"Spanish, English",,Spanish:70|English:30,100,Spanish:70|English:30,100,Spanish:80|English:20,100,18,6,Bachelor's,10,10,10,6,8,9,7,17,14,16,TOEFL,80,,,,,23,25,C1,intermediate|advanced,intermediate|advanced,cambridge_22_25_intermediate_advanced,4,19,random,,128.26390075683594,783.107666015625,148.26390075683594,850.0868377685547,1,3,,,,,,,,,,,,2026-08-24T17:16:23.220Z,YVYMAZEH,2026-08-24,2026-08-24,13:16:23,2026-08-24 13:16:23,,,,,,,,6983fa3a644fcca4e5fd8b3b,6983fa3a644fcca4e5fd8b3b,,,,
2738,raw_position_sample,2,2,int,26,3,8,9,3, perform ,840,146,4412823.8,6983fa3a644fcca4e5fd8b3b,6983fa3a644fcca4e5fd8b3b,intermediate,3,6983fa3a644fcca4e5fd8b3b,6983fa3a644fcca4e5fd8b3b,spotlight_PROLIFIC,,36,Chile,Spanish,"Spanish, English",,Spanish:70|English:30,100,Spanish:70|English:30,100,Spanish:80|English:20,100,18,6,Bachelor's,10,10,10,6,8,9,7,17,14,16,TOEFL,80,,,,,23,25,C1,intermediate|advanced,intermediate|advanced,cambridge_22_25_intermediate_advanced,4,19,random,,128.26390075683594,783.107666015625,148.26390075683594,850.0868377685547,1,3,,,,,,,,,,,,2026-08-24T17:16:23.220Z,YVYMAZEH,2026-08-24,2026-08-24,13:16:23,2026-08-24 13:16:23,,,,,,,,6983fa3a644fcca4e5fd8b3b,6983fa3a644fcca4e5fd8b3b,,,,
2789,raw_position_sample,2,2,int,26,3,8,9,3, perform ,840,146,4412874.2,6983fa3a644fcca4e5fd8b3b,6983fa3a644fcca4e5fd8b3b,intermediate,3,6983fa3a644fcca4e5fd8b3b,6983fa3a644fcca4e5fd8b3b,spotlight_PROLIFIC,,36,Chile,Spanish,"Spanish, English",,Spanish:70|English:30,100,Spanish:70|English:30,100,Spanish:80|English:20,100,18,6,Bachelor's,10,10,10,6,8,9,7,17,14,16,TOEFL,80,,,,,23,25,C1,intermediate|advanced,intermediate|advanced,cambridge_22_25_intermediate_advanced,4,19,random,,128.26390075683594,783.107666015625,148.26390075683594,850.0868377685547,1,3,,,,,,,,,,,,2026-08-24T17:16:23.220Z,YVYMAZEH,2026-08-24,2026-08-24,13:16:23,2026-08-24 13:16:23,,,,,,,,6983fa3a644fcca4e5fd8b3b,6983fa3a644fcca4e5fd8b3b,,,,
2838,raw_position_sample,2,2,int,26,3,8,9,3, perform ,840,146,4412923.7,6983fa3a644fcca4e5fd8b3b,6983fa3a644fcca4e5fd8b3b,intermediate,3,6983fa3a644fcca4e5fd8b3b,6983fa3a644fcca4e5fd8b3b,spotlight_PROLIFIC,,36,Chile,Spanish,"Spanish, English",,Spanish:70|English:30,100,Spanish:70|English:30,100,Spanish:80|English:20,100,18,6,Bachelor's,10,10,10,6,8,9,7,17,14,16,TOEFL,80,,,,,23,25,C1,intermediate|advanced,intermediate|advanced,cambridge_22_25_intermediate_advanced,4,19,random,,128.26390075683594,783.107666015625,148.26390075683594,850.0868377685547,1,3,,,,,,,,,,,,2026-08-24T17:16:23.220Z,YVYMAZEH,2026-08-24,2026-08-24,13:16:23,2026-08-24 13:16:23,,,,,,,,6983fa3a644fcca4e5fd8b3b,6983fa3a644fcca4e5fd8b3b,,,,
2889,raw_position_sample,2,2,int,26,3,8,9,3, perform ,845,146,4412974.7,6983fa3a644fcca4e5fd8b3b,6983fa3a644fcca4e5fd8b3b,intermediate,3,6983fa3a644fcca4e5fd8b3b,6983fa3a644fcca4e5fd8b3b,spotlight_PROLIFIC,,36,Chile,Spanish,"Spanish, English",,Spanish:70|English:30,100,Spanish:70|English:30,100,Spanish:80|English:20,100,18,6,Bachelor's,10,10,10,6,8,9,7,17,14,16,TOEFL,80,,,,,23,25,C1,intermediate|advanced,intermediate|advanced,cambridge_22_25_intermediate_advanced,4,19,random,,128.26390075683594,783.107666015625,148.26390075683594,850.0868377685547,1,3,,,,,,,,,,,,2026-08-24T17:16:23.220Z,YVYMAZEH,2026-08-24,2026-08-24,13:16:23,2026-08-24 13:16:23,,,,,,,,6983fa3a644fcca4e5fd8b3b,6983fa3a644fcca4e5fd8b3b,,,,
2921,hover_association,2,2,int,26,3,8,9,3, perform ,785,135,,6983fa3a644fcca4e5fd8b3b,6983fa3a644fcca4e5fd8b3b,intermediate,3,6983fa3a644fcca4e5fd8b3b,6983fa3a644fcca4e5fd8b3b,spotlight_PROLIFIC,,36,Chile,Spanish,"Spanish, English",,Spanish:70|English:30,100,Spanish:70|English:30,100,Spanish:80|English:20,100,18,6,Bachelor's,10,10,10,6,8,9,7,17,14,16,TOEFL,80,,,,,23,25,C1,intermediate|advanced,intermediate|advanced,cambridge_22_25_intermediate_advanced,4,19,random,,118.26390075683594,783.1076774597168,158.26390075683594,850.0868453979492,1,3,hover,693.3000000007451,693.3000000007451,0.9987033968826052,0.6934024810791015,81,,,,,,2026-08-24T17:16:23.220Z,YVYMAZEH,2026-08-24,2026-08-24,13:16:23,2026-08-24 13:16:23,,,,,,,,6983fa3a644fcca4e5fd8b3b,6983fa3a644fcca4e5fd8b3b,,,,
2938,raw_position_sample,2,2,int,26,3,8,9,4, relatively ,858,146,4413023.500000001,6983fa3a644fcca4e5fd8b3b,6983fa3a644fcca4e5fd8b3b,intermediate,3,6983fa3a644fcca4e5fd8b3b,6983fa3a644fcca4e5fd8b3b,spotlight_PROLIFIC,,36,Chile,Spanish,"Spanish, English",,Spanish:70|English:30,100,Spanish:70|English:30,100,Spanish:80|English:20,100,18,6,Bachelor's,10,10,10,6,8,9,7,17,14,16,TOEFL,80,,,,,23,25,C1,intermediate|advanced,intermediate|advanced,cambridge_22_25_intermediate_advanced,4,19,random,,128.26390075683594,850.0868530273438,148.26390075683594,926.05908203125,1,4,,,,,,,,,,,,2026-08-24T17:16:23.220Z,YVYMAZEH,2026-08-24,2026-08-24,13:16:23,2026-08-24 13:16:23,,,,,,,,6983fa3a644fcca4e5fd8b3b,6983fa3a644fcca4e5fd8b3b,,,,
2988,raw_position_sample,2,2,int,26,3,8,9,4, relatively ,866,146,4413073.8,6983fa3a644fcca4e5fd8b3b,6983fa3a644fcca4e5fd8b3b,intermediate,3,6983fa3a644fcca4e5fd8b3b,6983fa3a644fcca4e5fd8b3b,spotlight_PROLIFIC,,36,Chile,Spanish,"Spanish, English",,Spanish:70|English:30,100,Spanish:70|English:30,100,Spanish:80|English:20,100,18,6,Bachelor's,10,10,10,6,8,9,7,17,14,16,TOEFL,80,,,,,23,25,C1,intermediate|advanced,intermediate|advanced,cambridge_22_25_intermediate_advanced,4,19,random,,128.26390075683594,850.0868530273438,148.26390075683594,926.05908203125,1,4,,,,,,,,,,,,2026-08-24T17:16:23.220Z,YVYMAZEH,2026-08-24,2026-08-24,13:16:23,2026-08-24 13:16:23,,,,,,,,6983fa3a644fcca4e5fd8b3b,6983fa3a644fcca4e5fd8b3b,,,,
3040,raw_position_sample,2,2,int,26,3,8,9,4, relatively ,880,146,4413125.500000001,6983fa3a644fcca4e5fd8b3b,6983fa3a644fcca4e5fd8b3b,intermediate,3,6983fa3a644fcca4e5fd8b3b,6983fa3a644fcca4e5fd8b3b,spotlight_PROLIFIC,,36,Chile,Spanish,"Spanish, English",,Spanish:70|English:30,100,Spanish:70|English:30,100,Spanish:80|English:20,100,18,6,Bachelor's,10,10,10,6,8,9,7,17,14,16,TOEFL,80,,,,,23,25,C1,intermediate|advanced,intermediate|advanced,cambridge_22_25_intermediate_advanced,4,19,random,,128.26390075683594,850.0868530273438,148.26390075683594,926.05908203125,1,4,,,,,,,,,,,,2026-08-24T17:16:23.220Z,YVYMAZEH,2026-08-24,2026-08-24,13:16:23,2026-08-24 13:16:23,,,,,,,,6983fa3a644fcca4e5fd8b3b,6983fa3a644fcca4e5fd8b3b,,,,
3089,raw_position_sample,2,2,int,26,3,8,9,4, relatively ,890,146,4413174.899999999,6983fa3a644fcca4e5fd8b3b,6983fa3a644fcca4e5fd8b3b,intermediate,3,6983fa3a644fcca4e5fd8b3b,6983fa3a644fcca4e5fd8b3b,spotlight_PROLIFIC,,36,Chile,Spanish,"Spanish, English",,Spanish:70|English:30,100,Spanish:70|English:30,100,Spanish:80|English:20,100,18,6,Bachelor's,10,10,10,6,8,9,7,17,14,16,TOEFL,80,,,,,23,25,C1,intermediate|advanced,intermediate|advanced,cambridge_22_25_intermediate_advanced,4,19,random,,128.26390075683594,850.0868530273438,148.26390075683594,926.05908203125,1,4,,,,,,,,,,,,2026-08-24T17:16:23.220Z,YVYMAZEH,2026-08-24,2026-08-24,13:16:23,2026-08-24 13:16:23,,,,,,,,6983fa3a644fcca4e5fd8b3b,6983fa3a644fcca4e5fd8b3b,,,,
3138,raw_position_sample,2,2,int,26,3,8,9,4, relatively ,900,148,4413223.7,6983fa3a644fcca4e5fd8b3b,6983fa3a644fcca4e5fd8b3b,intermediate,3,6983fa3a644fcca4e5fd8b3b,6983fa3a644fcca4e5fd8b3b,spotlight_PROLIFIC,,36,Chile,Spanish,"Spanish, English",,Spanish:70|English:30,100,Spanish:70|English:30,100,Spanish:80|English:20,100,18,6,Bachelor's,10,10,10,6,8,9,7,17,14,16,TOEFL,80,,,,,23,25,C1,intermediate|advanced,intermediate|advanced,cambridge_22_25_intermediate_advanced,4,19,random,,128.26390075683594,850.0868530273438,148.26390075683594,926.05908203125,1,4,,,,,,,,,,,,2026-08-24T17:16:23.220Z,YVYMAZEH,2026-08-24,2026-08-24,13:16:23,2026-08-24 13:16:23,,,,,,,,6983fa3a644fcca4e5fd8b3b,6983fa3a644fcca4e5fd8b3b,,,,
3188,raw_position_sample,2,2,int,26,3,8,9,4, relatively ,908,148,4413273.600000001,6983fa3a644fcca4e5fd8b3b,6983fa3a644fcca4e5fd8b3b,intermediate,3,6983fa3a644fcca4e5fd8b3b,6983fa3a644fcca4e5fd8b3b,spotlight_PROLIFIC,,36,Chile,Spanish,"Spanish, English",,Spanish:70|English:30,100,Spanish:70|English:30,100,Spanish:80|English:20,100,18,6,Bachelor's,10,10,10,6,8,9,7,17,14,16,TOEFL,80,,,,,23,25,C1,intermediate|advanced,intermediate|advanced,cambridge_22_25_intermediate_advanced,4,19,random,,128.26390075683594,850.0868530273438,148.26390075683594,926.05908203125,1,4,,,,,,,,,,,,2026-08-24T17:16:23.220Z,YVYMAZEH,2026-08-24,2026-08-24,13:16:23,2026-08-24 13:16:23,,,,,,,,6983fa3a644fcca4e5fd8b3b,6983fa3a644fcca4e5fd8b3b,,,,
3239,raw_position_sample,2,2,int,26,3,8,9,4, relatively ,908,148,4413324.000000001,6983fa3a644fcca4e5fd8b3b,6983fa3a644fcca4e5fd8b3b,intermediate,3,6983fa3a644fcca4e5fd8b3b,6983fa3a644fcca4e5fd8b3b,spotlight_PROLIFIC,,36,Chile,Spanish,"Spanish, English",,Spanish:70|English:30,100,Spanish:70|English:30,100,Spanish:80|English:20,100,18,6,Bachelor's,10,10,10,6,8,9,7,17,14,16,TOEFL,80,,,,,23,25,C1,intermediate|advanced,intermediate|advanced,cambridge_22_25_intermediate_advanced,4,19,random,,128.26390075683594,850.0868530273438,148.26390075683594,926.05908203125,1,4,,,,,,,,,,,,2026-08-24T17:16:23.220Z,YVYMAZEH,2026-08-24,2026-08-24,13:16:23,2026-08-24 13:16:23,,,,,,,,6983fa3a644fcca4e5fd8b3b,6983fa3a644fcca4e5fd8b3b,,,,
3289,raw_position_sample,2,2,int,26,3,8,9,4, relatively ,908,148,4413374.000000001,6983fa3a644fcca4e5fd8b3b,6983fa3a644fcca4e5fd8b3b,intermediate,3,6983fa3a644fcca4e5fd8b3b,6983fa3a644fcca4e5fd8b3b,spotlight_PROLIFIC,,36,Chile,Spanish,"Spanish, English",,Spanish:70|English:30,100,Spanish:70|English:30,100,Spanish:80|English:20,100,18,6,Bachelor's,10,10,10,6,8,9,7,17,14,16,TOEFL,80,,,,,23,25,C1,intermediate|advanced,intermediate|advanced,cambridge_22_25_intermediate_advanced,4,19,random,,128.26390075683594,850.0868530273438,148.26390075683594,926.05908203125,1,4,,,,,,,,,,,,2026-08-24T17:16:23.220Z,YVYMAZEH,2026-08-24,2026-08-24,13:16:23,2026-08-24 13:16:23,,,,,,,,6983fa3a644fcca4e5fd8b3b,6983fa3a644fcca4e5fd8b3b,,,,
3338,raw_position_sample,2,2,int,26,3,8,9,4, relatively ,908,148,4413423.8,6983fa3a644fcca4e5fd8b3b,6983fa3a644fcca4e5fd8b3b,intermediate,3,6983fa3a644fcca4e5fd8b3b,6983fa3a644fcca4e5fd8b3b,spotlight_PROLIFIC,,36,Chile,Spanish,"Spanish, English",,Spanish:70|English:30,100,Spanish:70|English:30,100,Spanish:80|English:20,100,18,6,Bachelor's,10,10,10,6,8,9,7,17,14,16,TOEFL,80,,,,,23,25,C1,intermediate|advanced,intermediate|advanced,cambridge_22_25_intermediate_advanced,4,19,random,,128.26390075683594,850.0868530273438,148.26390075683594,926.05908203125,1,4,,,,,,,,,,,,2026-08-24T17:16:23.220Z,YVYMAZEH,2026-08-24,2026-08-24,13:16:23,2026-08-24 13:16:23,,,,,,,,6983fa3a644fcca4e5fd8b3b,6983fa3a644fcca4e5fd8b3b,,,,
3388,raw_position_sample,2,2,int,26,3,8,9,4, relatively ,908,148,4413473.8,6983fa3a644fcca4e5fd8b3b,6983fa3a644fcca4e5fd8b3b,intermediate,3,6983fa3a644fcca4e5fd8b3b,6983fa3a644fcca4e5fd8b3b,spotlight_PROLIFIC,,36,Chile,Spanish,"Spanish, English",,Spanish:70|English:30,100,Spanish:70|English:30,100,Spanish:80|English:20,100,18,6,Bachelor's,10,10,10,6,8,9,7,17,14,16,TOEFL,80,,,,,23,25,C1,intermediate|advanced,intermediate|advanced,cambridge_22_25_intermediate_advanced,4,19,random,,128.26390075683594,850.0868530273438,148.26390075683594,926.05908203125,1,4,,,,,,,,,,,,2026-08-24T17:16:23.220Z,YVYMAZEH,2026-08-24,2026-08-24,13:16:23,2026-08-24 13:16:23,,,,,,,,6983fa3a644fcca4e5fd8b3b,6983fa3a644fcca4e5fd8b3b,,,,
3438,raw_position_sample,2,2,int,26,3,8,9,4, relatively ,908,148,4413523.7,6983fa3a644fcca4e5fd8b3b,6983fa3a644fcca4e5fd8b3b,intermediate,3,6983fa3a644fcca4e5fd8b3b,6983fa3a644fcca4e5fd8b3b,spotlight_PROLIFIC,,36,Chile,Spanish,"Spanish, English",,Spanish:70|English:30,100,Spanish:70|English:30,100,Spanish:80|English:20,100,18,6,Bachelor's,10,10,10,6,8,9,7,17,14,16,TOEFL,80,,,,,23,25,C1,intermediate|advanced,intermediate|advanced,cambridge_22_25_intermediate_advanced,4,19,random,,128.26390075683594,850.0868530273438,148.26390075683594,926.05908203125,1,4,,,,,,,,,,,,2026-08-24T17:16:23.220Z,YVYMAZEH,2026-08-24,2026-08-24,13:16:23,2026-08-24 13:16:23,,,,,,,,6983fa3a644fcca4e5fd8b3b,6983fa3a644fcca4e5fd8b3b,,,,
3488,raw_position_sample,2,2,int,26,3,8,9,4, relatively ,908,148,4413573.7,6983fa3a644fcca4e5fd8b3b,6983fa3a644fcca4e5fd8b3b,intermediate,3,6983fa3a644fcca4e5fd8b3b,6983fa3a644fcca4e5fd8b3b,spotlight_PROLIFIC,,36,Chile,Spanish,"Spanish, English",,Spanish:70|English:30,100,Spanish:70|English:30,100,Spanish:80|English:20,100,18,6,Bachelor's,10,10,10,6,8,9,7,17,14,16,TOEFL,80,,,,,23,25,C1,intermediate|advanced,intermediate|advanced,cambridge_22_25_intermediate_advanced,4,19,random,,128.26390075683594,850.0868530273438,148.26390075683594,926.05908203125,1,4,,,,,,,,,,,,2026-08-24T17:16:23.220Z,YVYMAZEH,2026-08-24,2026-08-24,13:16:23,2026-08-24 13:16:23,,,,,,,,6983fa3a644fcca4e5fd8b3b,6983fa3a644fcca4e5fd8b3b,,,,
3538,raw_position_sample,2,2,int,26,3,8,9,4, relatively ,908,148,4413623.600000001,6983fa3a644fcca4e5fd8b3b,6983fa3a644fcca4e5fd8b3b,intermediate,3,6983fa3a644fcca4e5fd8b3b,6983fa3a644fcca4e5fd8b3b,spotlight_PROLIFIC,,36,Chile,Spanish,"Spanish, English",,Spanish:70|English:30,100,Spanish:70|English:30,100,Spanish:80|English:20,100,18,6,Bachelor's,10,10,10,6,8,9,7,17,14,16,TOEFL,80,,,,,23,25,C1,intermediate|advanced,intermediate|advanced,cambridge_22_25_intermediate_advanced,4,19,random,,128.26390075683594,850.0868530273438,148.26390075683594,926.05908203125,1,4,,,,,,,,,,,,2026-08-24T17:16:23.220Z,YVYMAZEH,2026-08-24,2026-08-24,13:16:23,2026-08-24 13:16:23,,,,,,,,6983fa3a644fcca4e5fd8b3b,6983fa3a644fcca4e5fd8b3b,,,,
3591,raw_position_sample,2,2,int,26,3,8,9,4, relatively ,918,147,4413676.000000001,6983fa3a644fcca4e5fd8b3b,6983fa3a644fcca4e5fd8b3b,intermediate,3,6983fa3a644fcca4e5fd8b3b,6983fa3a644fcca4e5fd8b3b,spotlight_PROLIFIC,,36,Chile,Spanish,"Spanish, English",,Spanish:70|English:30,100,Spanish:70|English:30,100,Spanish:80|English:20,100,18,6,Bachelor's,10,10,10,6,8,9,7,17,14,16,TOEFL,80,,,,,23,25,C1,intermediate|advanced,intermediate|advanced,cambridge_22_25_intermediate_advanced,4,19,random,,128.26390075683594,850.0868530273438,148.26390075683594,926.05908203125,1,4,,,,,,,,,,,,2026-08-24T17:16:23.220Z,YVYMAZEH,2026-08-24,2026-08-24,13:16:23,2026-08-24 13:16:23,,,,,,,,6983fa3a644fcca4e5fd8b3b,6983fa3a644fcca4e5fd8b3b,,,,
3613,hover_association,2,2,int,26,3,8,9,4, relatively ,854,146,,6983fa3a644fcca4e5fd8b3b,6983fa3a644fcca4e5fd8b3b,intermediate,3,6983fa3a644fcca4e5fd8b3b,6983fa3a644fcca4e5fd8b3b,spotlight_PROLIFIC,,36,Chile,Spanish,"Spanish, English",,Spanish:70|English:30,100,Spanish:70|English:30,100,Spanish:80|English:20,100,18,6,Bachelor's,10,10,10,6,8,9,7,17,14,16,TOEFL,80,,,,,23,25,C1,intermediate|advanced,intermediate|advanced,cambridge_22_25_intermediate_advanced,4,19,random,,118.26390075683594,850.0868453979492,158.26390075683594,926.05908203125,1,4,hover,692.1999999992549,692.1999999992549,0.9992223207599484,0.6934024810791015,81,,,,,,2026-08-24T17:16:23.220Z,YVYMAZEH,2026-08-24,2026-08-24,13:16:23,2026-08-24 13:16:23,,,,,,,,6983fa3a644fcca4e5fd8b3b,6983fa3a644fcca4e5fd8b3b,,,,
3638,raw_position_sample,2,2,int,26,3,8,9,5, badly ,934,144,4413723.500000001,6983fa3a644fcca4e5fd8b3b,6983fa3a644fcca4e5fd8b3b,intermediate,3,6983fa3a644fcca4e5fd8b3b,6983fa3a644fcca4e5fd8b3b,spotlight_PROLIFIC,,36,Chile,Spanish,"Spanish, English",,Spanish:70|English:30,100,Spanish:70|English:30,100,Spanish:80|English:20,100,18,6,Bachelor's,10,10,10,6,8,9,7,17,14,16,TOEFL,80,,,,,23,25,C1,intermediate|advanced,intermediate|advanced,cambridge_22_25_intermediate_advanced,4,19,random,,128.26390075683594,926.05908203125,148.26390075683594,974.062557220459,1,5,,,,,,,,,,,,2026-08-24T17:16:23.220Z,YVYMAZEH,2026-08-24,2026-08-24,13:16:23,2026-08-24 13:16:23,,,,,,,,6983fa3a644fcca4e5fd8b3b,6983fa3a644fcca4e5fd8b3b,,,,
3691,raw_position_sample,2,2,int,26,3,8,9,5, badly ,948,143,4413776.3,6983fa3a644fcca4e5fd8b3b,6983fa3a644fcca4e5fd8b3b,intermediate,3,6983fa3a644fcca4e5fd8b3b,6983fa3a644fcca4e5fd8b3b,spotlight_PROLIFIC,,36,Chile,Spanish,"Spanish, English",,Spanish:70|English:30,100,Spanish:70|English:30,100,Spanish:80|English:20,100,18,6,Bachelor's,10,10,10,6,8,9,7,17,14,16,TOEFL,80,,,,,23,25,C1,intermediate|advanced,intermediate|advanced,cambridge_22_25_intermediate_advanced,4,19,random,,128.26390075683594,926.05908203125,148.26390075683594,974.062557220459,1,5,,,,,,,,,,,,2026-08-24T17:16:23.220Z,YVYMAZEH,2026-08-24,2026-08-24,13:16:23,2026-08-24 13:16:23,,,,,,,,6983fa3a644fcca4e5fd8b3b,6983fa3a644fcca4e5fd8b3b,,,,
3739,raw_position_sample,2,2,int,26,3,8,9,5, badly ,960,143,4413824.399999999,6983fa3a644fcca4e5fd8b3b,6983fa3a644fcca4e5fd8b3b,intermediate,3,6983fa3a644fcca4e5fd8b3b,6983fa3a644fcca4e5fd8b3b,spotlight_PROLIFIC,,36,Chile,Spanish,"Spanish, English",,Spanish:70|English:30,100,Spanish:70|English:30,100,Spanish:80|English:20,100,18,6,Bachelor's,10,10,10,6,8,9,7,17,14,16,TOEFL,80,,,,,23,25,C1,intermediate|advanced,intermediate|advanced,cambridge_22_25_intermediate_advanced,4,19,random,,128.26390075683594,926.05908203125,148.26390075683594,974.062557220459,1,5,,,,,,,,,,,,2026-08-24T17:16:23.220Z,YVYMAZEH,2026-08-24,2026-08-24,13:16:23,2026-08-24 13:16:23,,,,,,,,6983fa3a644fcca4e5fd8b3b,6983fa3a644fcca4e5fd8b3b,,,,
3789,raw_position_sample,2,2,int,26,3,8,9,5, badly ,970,143,4413874.100000001,6983fa3a644fcca4e5fd8b3b,6983fa3a644fcca4e5fd8b3b,intermediate,3,6983fa3a644fcca4e5fd8b3b,6983fa3a644fcca4e5fd8b3b,spotlight_PROLIFIC,,36,Chile,Spanish,"Spanish, English",,Spanish:70|English:30,100,Spanish:70|English:30,100,Spanish:80|English:20,100,18,6,Bachelor's,10,10,10,6,8,9,7,17,14,16,TOEFL,80,,,,,23,25,C1,intermediate|advanced,intermediate|advanced,cambridge_22_25_intermediate_advanced,4,19,random,,128.26390075683594,926.05908203125,148.26390075683594,974.062557220459,1,5,,,,,,,,,,,,2026-08-24T17:16:23.220Z,YVYMAZEH,2026-08-24,2026-08-24,13:16:23,2026-08-24 13:16:23,,,,,,,,6983fa3a644fcca4e5fd8b3b,6983fa3a644fcca4e5fd8b3b,,,,
3838,raw_position_sample,2,2,int,26,3,8,9,5, badly ,974,143,4413923.500000001,6983fa3a644fcca4e5fd8b3b,6983fa3a644fcca4e5fd8b3b,intermediate,3,6983fa3a644fcca4e5fd8b3b,6983fa3a644fcca4e5fd8b3b,spotlight_PROLIFIC,,36,Chile,Spanish,"Spanish, English",,Spanish:70|English:30,100,Spanish:70|English:30,100,Spanish:80|English:20,100,18,6,Bachelor's,10,10,10,6,8,9,7,17,14,16,TOEFL,80,,,,,23,25,C1,intermediate|advanced,intermediate|advanced,cambridge_22_25_intermediate_advanced,4,19,random,,128.26390075683594,926.05908203125,148.26390075683594,974.062557220459,1,5,,,,,,,,,,,,2026-08-24T17:16:23.220Z,YVYMAZEH,2026-08-24,2026-08-24,13:16:23,2026-08-24 13:16:23,,,,,,,,6983fa3a644fcca4e5fd8b3b,6983fa3a644fcca4e5fd8b3b,,,,
3839,hover_association,2,2,int,26,3,8,9,5, badly ,928,144,,6983fa3a644fcca4e5fd8b3b,6983fa3a644fcca4e5fd8b3b,intermediate,3,6983fa3a644fcca4e5fd8b3b,6983fa3a644fcca4e5fd8b3b,spotlight_PROLIFIC,,36,Chile,Spanish,"Spanish, English",,Spanish:70|English:30,100,Spanish:70|English:30,100,Spanish:80|English:20,100,18,6,Bachelor's,10,10,10,6,8,9,7,17,14,16,TOEFL,80,,,,,23,25,C1,intermediate|advanced,intermediate|advanced,cambridge_22_25_intermediate_advanced,4,19,random,,118.26390075683594,926.05908203125,158.26390075683594,974.0625591278076,1,5,hover,226.19999999925494,226.19999999925494,0.9986967792420165,0.6184024810791016,81,,,,,,2026-08-24T17:16:23.220Z,YVYMAZEH,2026-08-24,2026-08-24,13:16:23,2026-08-24 13:16:23,,,,,,,,6983fa3a644fcca4e5fd8b3b,6983fa3a644fcca4e5fd8b3b,,,,
3889,raw_position_sample,2,2,int,26,3,8,9,6, in ,980,143,4413975.000000001,6983fa3a644fcca4e5fd8b3b,6983fa3a644fcca4e5fd8b3b,intermediate,3,6983fa3a644fcca4e5fd8b3b,6983fa3a644fcca4e5fd8b3b,spotlight_PROLIFIC,,36,Chile,Spanish,"Spanish, English",,Spanish:70|English:30,100,Spanish:70|English:30,100,Spanish:80|English:20,100,18,6,Bachelor's,10,10,10,6,8,9,7,17,14,16,TOEFL,80,,,,,23,25,C1,intermediate|advanced,intermediate|advanced,cambridge_22_25_intermediate_advanced,4,19,random,,128.26390075683594,974.0625610351562,148.26390075683594,993.0729789733887,1,6,,,,,,,,,,,,2026-08-24T17:16:23.220Z,YVYMAZEH,2026-08-24,2026-08-24,13:16:23,2026-08-24 13:16:23,,,,,,,,6983fa3a644fcca4e5fd8b3b,6983fa3a644fcca4e5fd8b3b,,,,
3938,raw_position_sample,2,2,int,26,3,8,9,6, in ,987,143,4414023.600000001,6983fa3a644fcca4e5fd8b3b,6983fa3a644fcca4e5fd8b3b,intermediate,3,6983fa3a644fcca4e5fd8b3b,6983fa3a644fcca4e5fd8b3b,spotlight_PROLIFIC,,36,Chile,Spanish,"Spanish, English",,Spanish:70|English:30,100,Spanish:70|English:30,100,Spanish:80|English:20,100,18,6,Bachelor's,10,10,10,6,8,9,7,17,14,16,TOEFL,80,,,,,23,25,C1,intermediate|advanced,intermediate|advanced,cambridge_22_25_intermediate_advanced,4,19,random,,128.26390075683594,974.0625610351562,148.26390075683594,993.0729789733887,1,6,,,,,,,,,,,,2026-08-24T17:16:23.220Z,YVYMAZEH,2026-08-24,2026-08-24,13:16:23,2026-08-24 13:16:23,,,,,,,,6983fa3a644fcca4e5fd8b3b,6983fa3a644fcca4e5fd8b3b,,,,
3977,hover_association,2,2,int,26,3,8,9,6, in ,975,143,,6983fa3a644fcca4e5fd8b3b,6983fa3a644fcca4e5fd8b3b,intermediate,3,6983fa3a644fcca4e5fd8b3b,6983fa3a644fcca4e5fd8b3b,spotlight_PROLIFIC,,36,Chile,Spanish,"Spanish, English",,Spanish:70|English:30,100,Spanish:70|English:30,100,Spanish:80|English:20,100,18,6,Bachelor's,10,10,10,6,8,9,7,17,14,16,TOEFL,80,,,,,23,25,C1,intermediate|advanced,intermediate|advanced,cambridge_22_25_intermediate_advanced,4,19,random,,118.26390075683594,974.0625591278076,158.26390075683594,993.0729579925537,1,6,hover,137.30000000074506,137.30000000074506,0.9961622061129392,0.6434024810791016,81,,,,,,2026-08-24T17:16:23.220Z,YVYMAZEH,2026-08-24,2026-08-24,13:16:23,2026-08-24 13:16:23,,,,,,,,6983fa3a644fcca4e5fd8b3b,6983fa3a644fcca4e5fd8b3b,,,,
3989,raw_position_sample,2,2,int,26,3,8,9,7, the ,996,145,4414074.100000001,6983fa3a644fcca4e5fd8b3b,6983fa3a644fcca4e5fd8b3b,intermediate,3,6983fa3a644fcca4e5fd8b3b,6983fa3a644fcca4e5fd8b3b,spotlight_PROLIFIC,,36,Chile,Spanish,"Spanish, English",,Spanish:70|English:30,100,Spanish:70|English:30,100,Spanish:80|English:20,100,18,6,Bachelor's,10,10,10,6,8,9,7,17,14,16,TOEFL,80,,,,,23,25,C1,intermediate|advanced,intermediate|advanced,cambridge_22_25_intermediate_advanced,4,19,random,,128.26390075683594,993.0729370117188,148.26390075683594,1023.0902996063232,1,7,,,,,,,,,,,,2026-08-24T17:16:23.220Z,YVYMAZEH,2026-08-24,2026-08-24,13:16:23,2026-08-24 13:16:23,,,,,,,,6983fa3a644fcca4e5fd8b3b,6983fa3a644fcca4e5fd8b3b,,,,
4041,raw_position_sample,2,2,int,26,3,8,9,7, the ,1005,150,4414126.100000001,6983fa3a644fcca4e5fd8b3b,6983fa3a644fcca4e5fd8b3b,intermediate,3,6983fa3a644fcca4e5fd8b3b,6983fa3a644fcca4e5fd8b3b,spotlight_PROLIFIC,,36,Chile,Spanish,"Spanish, English",,Spanish:70|English:30,100,Spanish:70|English:30,100,Spanish:80|English:20,100,18,6,Bachelor's,10,10,10,6,8,9,7,17,14,16,TOEFL,80,,,,,23,25,C1,intermediate|advanced,intermediate|advanced,cambridge_22_25_intermediate_advanced,4,19,random,,128.26390075683594,993.0729370117188,148.26390075683594,1023.0902996063232,1,7,,,,,,,,,,,,2026-08-24T17:16:23.220Z,YVYMAZEH,2026-08-24,2026-08-24,13:16:23,2026-08-24 13:16:23,,,,,,,,6983fa3a644fcca4e5fd8b3b,6983fa3a644fcca4e5fd8b3b,,,,
4088,raw_position_sample,2,2,int,26,3,8,9,7, the ,1010,150,4414173.7,6983fa3a644fcca4e5fd8b3b,6983fa3a644fcca4e5fd8b3b,intermediate,3,6983fa3a644fcca4e5fd8b3b,6983fa3a644fcca4e5fd8b3b,spotlight_PROLIFIC,,36,Chile,Spanish,"Spanish, English",,Spanish:70|English:30,100,Spanish:70|English:30,100,Spanish:80|English:20,100,18,6,Bachelor's,10,10,10,6,8,9,7,17,14,16,TOEFL,80,,,,,23,25,C1,intermediate|advanced,intermediate|advanced,cambridge_22_25_intermediate_advanced,4,19,random,,128.26390075683594,993.0729370117188,148.26390075683594,1023.0902996063232,1,7,,,,,,,,,,,,2026-08-24T17:16:23.220Z,YVYMAZEH,2026-08-24,2026-08-24,13:16:23,2026-08-24 13:16:23,,,,,,,,6983fa3a644fcca4e5fd8b3b,6983fa3a644fcca4e5fd8b3b,,,,
4138,raw_position_sample,2,2,int,26,3,8,9,7, the ,1011,150,4414223.600000001,6983fa3a644fcca4e5fd8b3b,6983fa3a644fcca4e5fd8b3b,intermediate,3,6983fa3a644fcca4e5fd8b3b,6983fa3a644fcca4e5fd8b3b,spotlight_PROLIFIC,,36,Chile,Spanish,"Spanish, English",,Spanish:70|English:30,100,Spanish:70|English:30,100,Spanish:80|English:20,100,18,6,Bachelor's,10,10,10,6,8,9,7,17,14,16,TOEFL,80,,,,,23,25,C1,intermediate|advanced,intermediate|advanced,cambridge_22_25_intermediate_advanced,4,19,random,,128.26390075683594,993.0729370117188,148.26390075683594,1023.0902996063232,1,7,,,,,,,,,,,,2026-08-24T17:16:23.220Z,YVYMAZEH,2026-08-24,2026-08-24,13:16:23,2026-08-24 13:16:23,,,,,,,,6983fa3a644fcca4e5fd8b3b,6983fa3a644fcca4e5fd8b3b,,,,
4188,raw_position_sample,2,2,int,26,3,8,9,7, the ,1011,150,4414273.899999999,6983fa3a644fcca4e5fd8b3b,6983fa3a644fcca4e5fd8b3b,intermediate,3,6983fa3a644fcca4e5fd8b3b,6983fa3a644fcca4e5fd8b3b,spotlight_PROLIFIC,,36,Chile,Spanish,"Spanish, English",,Spanish:70|English:30,100,Spanish:70|English:30,100,Spanish:80|English:20,100,18,6,Bachelor's,10,10,10,6,8,9,7,17,14,16,TOEFL,80,,,,,23,25,C1,intermediate|advanced,intermediate|advanced,cambridge_22_25_intermediate_advanced,4,19,random,,128.26390075683594,993.0729370117188,148.26390075683594,1023.0902996063232,1,7,,,,,,,,,,,,2026-08-24T17:16:23.220Z,YVYMAZEH,2026-08-24,2026-08-24,13:16:23,2026-08-24 13:16:23,,,,,,,,6983fa3a644fcca4e5fd8b3b,6983fa3a644fcca4e5fd8b3b,,,,
4238,raw_position_sample,2,2,int,26,3,8,9,7, the ,1011,150,4414323.7,6983fa3a644fcca4e5fd8b3b,6983fa3a644fcca4e5fd8b3b,intermediate,3,6983fa3a644fcca4e5fd8b3b,6983fa3a644fcca4e5fd8b3b,spotlight_PROLIFIC,,36,Chile,Spanish,"Spanish, English",,Spanish:70|English:30,100,Spanish:70|English:30,100,Spanish:80|English:20,100,18,6,Bachelor's,10,10,10,6,8,9,7,17,14,16,TOEFL,80,,,,,23,25,C1,intermediate|advanced,intermediate|advanced,cambridge_22_25_intermediate_advanced,4,19,random,,128.26390075683594,993.0729370117188,148.26390075683594,1023.0902996063232,1,7,,,,,,,,,,,,2026-08-24T17:16:23.220Z,YVYMAZEH,2026-08-24,2026-08-24,13:16:23,2026-08-24 13:16:23,,,,,,,,6983fa3a644fcca4e5fd8b3b,6983fa3a644fcca4e5fd8b3b,,,,
4289,raw_position_sample,2,2,int,26,3,8,9,7, the ,1011,150,4414374.000000001,6983fa3a644fcca4e5fd8b3b,6983fa3a644fcca4e5fd8b3b,intermediate,3,6983fa3a644fcca4e5fd8b3b,6983fa3a644fcca4e5fd8b3b,spotlight_PROLIFIC,,36,Chile,Spanish,"Spanish, English",,Spanish:70|English:30,100,Spanish:70|English:30,100,Spanish:80|English:20,100,18,6,Bachelor's,10,10,10,6,8,9,7,17,14,16,TOEFL,80,,,,,23,25,C1,intermediate|advanced,intermediate|advanced,cambridge_22_25_intermediate_advanced,4,19,random,,128.26390075683594,993.0729370117188,148.26390075683594,1023.0902996063232,1,7,,,,,,,,,,,,2026-08-24T17:16:23.220Z,YVYMAZEH,2026-08-24,2026-08-24,13:16:23,2026-08-24 13:16:23,,,,,,,,6983fa3a644fcca4e5fd8b3b,6983fa3a644fcca4e5fd8b3b,,,,
4338,raw_position_sample,2,2,int,26,3,8,9,7, the ,1011,150,4414423.7,6983fa3a644fcca4e5fd8b3b,6983fa3a644fcca4e5fd8b3b,intermediate,3,6983fa3a644fcca4e5fd8b3b,6983fa3a644fcca4e5fd8b3b,spotlight_PROLIFIC,,36,Chile,Spanish,"Spanish, English",,Spanish:70|English:30,100,Spanish:70|English:30,100,Spanish:80|English:20,100,18,6,Bachelor's,10,10,10,6,8,9,7,17,14,16,TOEFL,80,,,,,23,25,C1,intermediate|advanced,intermediate|advanced,cambridge_22_25_intermediate_advanced,4,19,random,,128.26390075683594,993.0729370117188,148.26390075683594,1023.0902996063232,1,7,,,,,,,,,,,,2026-08-24T17:16:23.220Z,YVYMAZEH,2026-08-24,2026-08-24,13:16:23,2026-08-24 13:16:23,,,,,,,,6983fa3a644fcca4e5fd8b3b,6983fa3a644fcca4e5fd8b3b,,,,
4388,raw_position_sample,2,2,int,26,3,8,9,7, the ,1011,150,4414473.600000001,6983fa3a644fcca4e5fd8b3b,6983fa3a644fcca4e5fd8b3b,intermediate,3,6983fa3a644fcca4e5fd8b3b,6983fa3a644fcca4e5fd8b3b,spotlight_PROLIFIC,,36,Chile,Spanish,"Spanish, English",,Spanish:70|English:30,100,Spanish:70|English:30,100,Spanish:80|English:20,100,18,6,Bachelor's,10,10,10,6,8,9,7,17,14,16,TOEFL,80,,,,,23,25,C1,intermediate|advanced,intermediate|advanced,cambridge_22_25_intermediate_advanced,4,19,random,,128.26390075683594,993.0729370117188,148.26390075683594,1023.0902996063232,1,7,,,,,,,,,,,,2026-08-24T17:16:23.220Z,YVYMAZEH,2026-08-24,2026-08-24,13:16:23,2026-08-24 13:16:23,,,,,,,,6983fa3a644fcca4e5fd8b3b,6983fa3a644fcca4e5fd8b3b,,,,
4438,raw_position_sample,2,2,int,26,3,8,9,7, the ,1011,150,4414523.600000001,6983fa3a644fcca4e5fd8b3b,6983fa3a644fcca4e5fd8b3b,intermediate,3,6983fa3a644fcca4e5fd8b3b,6983fa3a644fcca4e5fd8b3b,spotlight_PROLIFIC,,36,Chile,Spanish,"Spanish, English",,Spanish:70|English:30,100,Spanish:70|English:30,100,Spanish:80|English:20,100,18,6,Bachelor's,10,10,10,6,8,9,7,17,14,16,TOEFL,80,,,,,23,25,C1,intermediate|advanced,intermediate|advanced,cambridge_22_25_intermediate_advanced,4,19,random,,128.26390075683594,993.0729370117188,148.26390075683594,1023.0902996063232,1,7,,,,,,,,,,,,2026-08-24T17:16:23.220Z,YVYMAZEH,2026-08-24,2026-08-24,13:16:23,2026-08-24 13:16:23,,,,,,,,6983fa3a644fcca4e5fd8b3b,6983fa3a644fcca4e5fd8b3b,,,,
4488,raw_position_sample,2,2,int,26,3,8,9,7, the ,1021,147,4414573.8,6983fa3a644fcca4e5fd8b3b,6983fa3a644fcca4e5fd8b3b,intermediate,3,6983fa3a644fcca4e5fd8b3b,6983fa3a644fcca4e5fd8b3b,spotlight_PROLIFIC,,36,Chile,Spanish,"Spanish, English",,Spanish:70|English:30,100,Spanish:70|English:30,100,Spanish:80|English:20,100,18,6,Bachelor's,10,10,10,6,8,9,7,17,14,16,TOEFL,80,,,,,23,25,C1,intermediate|advanced,intermediate|advanced,cambridge_22_25_intermediate_advanced,4,19,random,,128.26390075683594,993.0729370117188,148.26390075683594,1023.0902996063232,1,7,,,,,,,,,,,,2026-08-24T17:16:23.220Z,YVYMAZEH,2026-08-24,2026-08-24,13:16:23,2026-08-24 13:16:23,,,,,,,,6983fa3a644fcca4e5fd8b3b,6983fa3a644fcca4e5fd8b3b,,,,
4491,hover_association,2,2,int,26,3,8,9,7, the ,995,144,,6983fa3a644fcca4e5fd8b3b,6983fa3a644fcca4e5fd8b3b,intermediate,3,6983fa3a644fcca4e5fd8b3b,6983fa3a644fcca4e5fd8b3b,spotlight_PROLIFIC,,36,Chile,Spanish,"Spanish, English",,Spanish:70|English:30,100,Spanish:70|English:30,100,Spanish:80|English:20,100,18,6,Bachelor's,10,10,10,6,8,9,7,17,14,16,TOEFL,80,,,,,23,25,C1,intermediate|advanced,intermediate|advanced,cambridge_22_25_intermediate_advanced,4,19,random,,118.26390075683594,993.0729579925537,158.26390075683594,1023.0903158187866,1,7,hover,514.8000000007451,514.8000000007451,0.9303630975488508,0.7184024810791015,81,,,,,,2026-08-24T17:16:23.220Z,YVYMAZEH,2026-08-24,2026-08-24,13:16:23,2026-08-24 13:16:23,,,,,,,,6983fa3a644fcca4e5fd8b3b,6983fa3a644fcca4e5fd8b3b,,,,
4540,raw_position_sample,2,2,int,26,3,8,9,8," study, ",1047,142,4414625.2,6983fa3a644fcca4e5fd8b3b,6983fa3a644fcca4e5fd8b3b,intermediate,3,6983fa3a644fcca4e5fd8b3b,6983fa3a644fcca4e5fd8b3b,spotlight_PROLIFIC,,36,Chile,Spanish,"Spanish, English",,Spanish:70|English:30,100,Spanish:70|English:30,100,Spanish:80|English:20,100,18,6,Bachelor's,10,10,10,6,8,9,7,17,14,16,TOEFL,80,,,,,23,25,C1,intermediate|advanced,intermediate|advanced,cambridge_22_25_intermediate_advanced,4,19,random,,128.26390075683594,1023.09033203125,148.26390075683594,1074.7396392822266,1,8,,,,,,,,,,,,2026-08-24T17:16:23.220Z,YVYMAZEH,2026-08-24,2026-08-24,13:16:23,2026-08-24 13:16:23,,,,,,,,6983fa3a644fcca4e5fd8b3b,6983fa3a644fcca4e5fd8b3b,,,,
4588,raw_position_sample,2,2,int,26,3,8,9,8," study, ",1061,141,4414673.600000001,6983fa3a644fcca4e5fd8b3b,6983fa3a644fcca4e5fd8b3b,intermediate,3,6983fa3a644fcca4e5fd8b3b,6983fa3a644fcca4e5fd8b3b,spotlight_PROLIFIC,,36,Chile,Spanish,"Spanish, English",,Spanish:70|English:30,100,Spanish:70|English:30,100,Spanish:80|English:20,100,18,6,Bachelor's,10,10,10,6,8,9,7,17,14,16,TOEFL,80,,,,,23,25,C1,intermediate|advanced,intermediate|advanced,cambridge_22_25_intermediate_advanced,4,19,random,,128.26390075683594,1023.09033203125,148.26390075683594,1074.7396392822266,1,8,,,,,,,,,,,,2026-08-24T17:16:23.220Z,YVYMAZEH,2026-08-24,2026-08-24,13:16:23,2026-08-24 13:16:23,,,,,,,,6983fa3a644fcca4e5fd8b3b,6983fa3a644fcca4e5fd8b3b,,,,
4638,raw_position_sample,2,2,int,26,3,8,9,8," study, ",1068,141,4414723.7,6983fa3a644fcca4e5fd8b3b,6983fa3a644fcca4e5fd8b3b,intermediate,3,6983fa3a644fcca4e5fd8b3b,6983fa3a644fcca4e5fd8b3b,spotlight_PROLIFIC,,36,Chile,Spanish,"Spanish, English",,Spanish:70|English:30,100,Spanish:70|English:30,100,Spanish:80|English:20,100,18,6,Bachelor's,10,10,10,6,8,9,7,17,14,16,TOEFL,80,,,,,23,25,C1,intermediate|advanced,intermediate|advanced,cambridge_22_25_intermediate_advanced,4,19,random,,128.26390075683594,1023.09033203125,148.26390075683594,1074.7396392822266,1,8,,,,,,,,,,,,2026-08-24T17:16:23.220Z,YVYMAZEH,2026-08-24,2026-08-24,13:16:23,2026-08-24 13:16:23,,,,,,,,6983fa3a644fcca4e5fd8b3b,6983fa3a644fcca4e5fd8b3b,,,,
4688,hover_association,2,2,int,26,3,8,9,8," study, ",1024,147,,6983fa3a644fcca4e5fd8b3b,6983fa3a644fcca4e5fd8b3b,intermediate,3,6983fa3a644fcca4e5fd8b3b,6983fa3a644fcca4e5fd8b3b,spotlight_PROLIFIC,,36,Chile,Spanish,"Spanish, English",,Spanish:70|English:30,100,Spanish:70|English:30,100,Spanish:80|English:20,100,18,6,Bachelor's,10,10,10,6,8,9,7,17,14,16,TOEFL,80,,,,,23,25,C1,intermediate|advanced,intermediate|advanced,cambridge_22_25_intermediate_advanced,4,19,random,,118.26390075683594,1023.0903158187866,158.26390075683594,1074.739631652832,1,8,hover,196.2999999988824,196.2999999988824,0.9856797395882543,0.5684024810791015,81,,,,,,2026-08-24T17:16:23.220Z,YVYMAZEH,2026-08-24,2026-08-24,13:16:23,2026-08-24 13:16:23,,,,,,,,6983fa3a644fcca4e5fd8b3b,6983fa3a644fcca4e5fd8b3b,,,,
4690,raw_position_sample,2,2,int,26,3,8,9,9, mostly ,1075,141,4414775.8,6983fa3a644fcca4e5fd8b3b,6983fa3a644fcca4e5fd8b3b,intermediate,3,6983fa3a644fcca4e5fd8b3b,6983fa3a644fcca4e5fd8b3b,spotlight_PROLIFIC,,36,Chile,Spanish,"Spanish, English",,Spanish:70|English:30,100,Spanish:70|English:30,100,Spanish:80|English:20,100,18,6,Bachelor's,10,10,10,6,8,9,7,17,14,16,TOEFL,80,,,,,23,25,C1,intermediate|advanced,intermediate|advanced,cambridge_22_25_intermediate_advanced,4,19,random,,128.26390075683594,1074.7396240234375,148.26390075683594,1131.71879196167,1,9,,,,,,,,,,,,2026-08-24T17:16:23.220Z,YVYMAZEH,2026-08-24,2026-08-24,13:16:23,2026-08-24 13:16:23,,,,,,,,6983fa3a644fcca4e5fd8b3b,6983fa3a644fcca4e5fd8b3b,,,,
4738,raw_position_sample,2,2,int,26,3,8,9,9, mostly ,1080,140,4414823.600000001,6983fa3a644fcca4e5fd8b3b,6983fa3a644fcca4e5fd8b3b,intermediate,3,6983fa3a644fcca4e5fd8b3b,6983fa3a644fcca4e5fd8b3b,spotlight_PROLIFIC,,36,Chile,Spanish,"Spanish, English",,Spanish:70|English:30,100,Spanish:70|English:30,100,Spanish:80|English:20,100,18,6,Bachelor's,10,10,10,6,8,9,7,17,14,16,TOEFL,80,,,,,23,25,C1,intermediate|advanced,intermediate|advanced,cambridge_22_25_intermediate_advanced,4,19,random,,128.26390075683594,1074.7396240234375,148.26390075683594,1131.71879196167,1,9,,,,,,,,,,,,2026-08-24T17:16:23.220Z,YVYMAZEH,2026-08-24,2026-08-24,13:16:23,2026-08-24 13:16:23,,,,,,,,6983fa3a644fcca4e5fd8b3b,6983fa3a644fcca4e5fd8b3b,,,,
4788,raw_position_sample,2,2,int,26,3,8,9,9, mostly ,1082,140,4414873.8,6983fa3a644fcca4e5fd8b3b,6983fa3a644fcca4e5fd8b3b,intermediate,3,6983fa3a644fcca4e5fd8b3b,6983fa3a644fcca4e5fd8b3b,spotlight_PROLIFIC,,36,Chile,Spanish,"Spanish, English",,Spanish:70|English:30,100,Spanish:70|English:30,100,Spanish:80|English:20,100,18,6,Bachelor's,10,10,10,6,8,9,7,17,14,16,TOEFL,80,,,,,23,25,C1,intermediate|advanced,intermediate|advanced,cambridge_22_25_intermediate_advanced,4,19,random,,128.26390075683594,1074.7396240234375,148.26390075683594,1131.71879196167,1,9,,,,,,,,,,,,2026-08-24T17:16:23.220Z,YVYMAZEH,2026-08-24,2026-08-24,13:16:23,2026-08-24 13:16:23,,,,,,,,6983fa3a644fcca4e5fd8b3b,6983fa3a644fcca4e5fd8b3b,,,,
4838,raw_position_sample,2,2,int,26,3,8,9,9, mostly ,1082,138,4414923.600000001,6983fa3a644fcca4e5fd8b3b,6983fa3a644fcca4e5fd8b3b,intermediate,3,6983fa3a644fcca4e5fd8b3b,6983fa3a644fcca4e5fd8b3b,spotlight_PROLIFIC,,36,Chile,Spanish,"Spanish, English",,Spanish:70|English:30,100,Spanish:70|English:30,100,Spanish:80|English:20,100,18,6,Bachelor's,10,10,10,6,8,9,7,17,14,16,TOEFL,80,,,,,23,25,C1,intermediate|advanced,intermediate|advanced,cambridge_22_25_intermediate_advanced,4,19,random,,128.26390075683594,1074.7396240234375,148.26390075683594,1131.71879196167,1,9,,,,,,,,,,,,2026-08-24T17:16:23.220Z,YVYMAZEH,2026-08-24,2026-08-24,13:16:23,2026-08-24 13:16:23,,,,,,,,6983fa3a644fcca4e5fd8b3b,6983fa3a644fcca4e5fd8b3b,,,,
4889,raw_position_sample,2,2,int,26,3,8,9,9, mostly ,1082,137,4414974.2,6983fa3a644fcca4e5fd8b3b,6983fa3a644fcca4e5fd8b3b,intermediate,3,6983fa3a644fcca4e5fd8b3b,6983fa3a644fcca4e5fd8b3b,spotlight_PROLIFIC,,36,Chile,Spanish,"Spanish, English",,Spanish:70|English:30,100,Spanish:70|English:30,100,Spanish:80|English:20,100,18,6,Bachelor's,10,10,10,6,8,9,7,17,14,16,TOEFL,80,,,,,23,25,C1,intermediate|advanced,intermediate|advanced,cambridge_22_25_intermediate_advanced,4,19,random,,128.26390075683594,1074.7396240234375,148.26390075683594,1131.71879196167,1,9,,,,,,,,,,,,2026-08-24T17:16:23.220Z,YVYMAZEH,2026-08-24,2026-08-24,13:16:23,2026-08-24 13:16:23,,,,,,,,6983fa3a644fcca4e5fd8b3b,6983fa3a644fcca4e5fd8b3b,,,,
4939,raw_position_sample,2,2,int,26,3,8,9,9, mostly ,1082,137,4415024.100000001,6983fa3a644fcca4e5fd8b3b,6983fa3a644fcca4e5fd8b3b,intermediate,3,6983fa3a644fcca4e5fd8b3b,6983fa3a644fcca4e5fd8b3b,spotlight_PROLIFIC,,36,Chile,Spanish,"Spanish, English",,Spanish:70|English:30,100,Spanish:70|English:30,100,Spanish:80|English:20,100,18,6,Bachelor's,10,10,10,6,8,9,7,17,14,16,TOEFL,80,,,,,23,25,C1,intermediate|advanced,intermediate|advanced,cambridge_22_25_intermediate_advanced,4,19,random,,128.26390075683594,1074.7396240234375,148.26390075683594,1131.71879196167,1,9,,,,,,,,,,,,2026-08-24T17:16:23.220Z,YVYMAZEH,2026-08-24,2026-08-24,13:16:23,2026-08-24 13:16:23,,,,,,,,6983fa3a644fcca4e5fd8b3b,6983fa3a644fcca4e5fd8b3b,,,,
4989,raw_position_sample,2,2,int,26,3,8,9,9, mostly ,1082,137,4415074.2,6983fa3a644fcca4e5fd8b3b,6983fa3a644fcca4e5fd8b3b,intermediate,3,6983fa3a644fcca4e5fd8b3b,6983fa3a644fcca4e5fd8b3b,spotlight_PROLIFIC,,36,Chile,Spanish,"Spanish, English",,Spanish:70|English:30,100,Spanish:70|English:30,100,Spanish:80|English:20,100,18,6,Bachelor's,10,10,10,6,8,9,7,17,14,16,TOEFL,80,,,,,23,25,C1,intermediate|advanced,intermediate|advanced,cambridge_22_25_intermediate_advanced,4,19,random,,128.26390075683594,1074.7396240234375,148.26390075683594,1131.71879196167,1,9,,,,,,,,,,,,2026-08-24T17:16:23.220Z,YVYMAZEH,2026-08-24,2026-08-24,13:16:23,2026-08-24 13:16:23,,,,,,,,6983fa3a644fcca4e5fd8b3b,6983fa3a644fcca4e5fd8b3b,,,,
5039,raw_position_sample,2,2,int,26,3,8,9,9, mostly ,1082,137,4415124.100000001,6983fa3a644fcca4e5fd8b3b,6983fa3a644fcca4e5fd8b3b,intermediate,3,6983fa3a644fcca4e5fd8b3b,6983fa3a644fcca4e5fd8b3b,spotlight_PROLIFIC,,36,Chile,Spanish,"Spanish, English",,Spanish:70|English:30,100,Spanish:70|English:30,100,Spanish:80|English:20,100,18,6,Bachelor's,10,10,10,6,8,9,7,17,14,16,TOEFL,80,,,,,23,25,C1,intermediate|advanced,intermediate|advanced,cambridge_22_25_intermediate_advanced,4,19,random,,128.26390075683594,1074.7396240234375,148.26390075683594,1131.71879196167,1,9,,,,,,,,,,,,2026-08-24T17:16:23.220Z,YVYMAZEH,2026-08-24,2026-08-24,13:16:23,2026-08-24 13:16:23,,,,,,,,6983fa3a644fcca4e5fd8b3b,6983fa3a644fcca4e5fd8b3b,,,,
5088,raw_position_sample,2,2,int,26,3,8,9,9, mostly ,1082,137,4415173.7,6983fa3a644fcca4e5fd8b3b,6983fa3a644fcca4e5fd8b3b,intermediate,3,6983fa3a644fcca4e5fd8b3b,6983fa3a644fcca4e5fd8b3b,spotlight_PROLIFIC,,36,Chile,Spanish,"Spanish, English",,Spanish:70|English:30,100,Spanish:70|English:30,100,Spanish:80|English:20,100,18,6,Bachelor's,10,10,10,6,8,9,7,17,14,16,TOEFL,80,,,,,23,25,C1,intermediate|advanced,intermediate|advanced,cambridge_22_25_intermediate_advanced,4,19,random,,128.26390075683594,1074.7396240234375,148.26390075683594,1131.71879196167,1,9,,,,,,,,,,,,2026-08-24T17:16:23.220Z,YVYMAZEH,2026-08-24,2026-08-24,13:16:23,2026-08-24 13:16:23,,,,,,,,6983fa3a644fcca4e5fd8b3b,6983fa3a644fcca4e5fd8b3b,,,,
5138,raw_position_sample,2,2,int,26,3,8,9,9, mostly ,1082,137,4415223.600000001,6983fa3a644fcca4e5fd8b3b,6983fa3a644fcca4e5fd8b3b,intermediate,3,6983fa3a644fcca4e5fd8b3b,6983fa3a644fcca4e5fd8b3b,spotlight_PROLIFIC,,36,Chile,Spanish,"Spanish, English",,Spanish:70|English:30,100,Spanish:70|English:30,100,Spanish:80|English:20,100,18,6,Bachelor's,10,10,10,6,8,9,7,17,14,16,TOEFL,80,,,,,23,25,C1,intermediate|advanced,intermediate|advanced,cambridge_22_25_intermediate_advanced,4,19,random,,128.26390075683594,1074.7396240234375,148.26390075683594,1131.71879196167,1,9,,,,,,,,,,,,2026-08-24T17:16:23.220Z,YVYMAZEH,2026-08-24,2026-08-24,13:16:23,2026-08-24 13:16:23,,,,,,,,6983fa3a644fcca4e5fd8b3b,6983fa3a644fcca4e5fd8b3b,,,,
5188,raw_position_sample,2,2,int,26,3,8,9,9, mostly ,1082,137,4415273.7,6983fa3a644fcca4e5fd8b3b,6983fa3a644fcca4e5fd8b3b,intermediate,3,6983fa3a644fcca4e5fd8b3b,6983fa3a644fcca4e5fd8b3b,spotlight_PROLIFIC,,36,Chile,Spanish,"Spanish, English",,Spanish:70|English:30,100,Spanish:70|English:30,100,Spanish:80|English:20,100,18,6,Bachelor's,10,10,10,6,8,9,7,17,14,16,TOEFL,80,,,,,23,25,C1,intermediate|advanced,intermediate|advanced,cambridge_22_25_intermediate_advanced,4,19,random,,128.26390075683594,1074.7396240234375,148.26390075683594,1131.71879196167,1,9,,,,,,,,,,,,2026-08-24T17:16:23.220Z,YVYMAZEH,2026-08-24,2026-08-24,13:16:23,2026-08-24 13:16:23,,,,,,,,6983fa3a644fcca4e5fd8b3b,6983fa3a644fcca4e5fd8b3b,,,,
5238,raw_position_sample,2,2,int,26,3,8,9,9, mostly ,1082,137,4415323.600000001,6983fa3a644fcca4e5fd8b3b,6983fa3a644fcca4e5fd8b3b,intermediate,3,6983fa3a644fcca4e5fd8b3b,6983fa3a644fcca4e5fd8b3b,spotlight_PROLIFIC,,36,Chile,Spanish,"Spanish, English",,Spanish:70|English:30,100,Spanish:70|English:30,100,Spanish:80|English:20,100,18,6,Bachelor's,10,10,10,6,8,9,7,17,14,16,TOEFL,80,,,,,23,25,C1,intermediate|advanced,intermediate|advanced,cambridge_22_25_intermediate_advanced,4,19,random,,128.26390075683594,1074.7396240234375,148.26390075683594,1131.71879196167,1,9,,,,,,,,,,,,2026-08-24T17:16:23.220Z,YVYMAZEH,2026-08-24,2026-08-24,13:16:23,2026-08-24 13:16:23,,,,,,,,6983fa3a644fcca4e5fd8b3b,6983fa3a644fcca4e5fd8b3b,,,,
5288,raw_position_sample,2,2,int,26,3,8,9,9, mostly ,1088,138,4415373.600000001,6983fa3a644fcca4e5fd8b3b,6983fa3a644fcca4e5fd8b3b,intermediate,3,6983fa3a644fcca4e5fd8b3b,6983fa3a644fcca4e5fd8b3b,spotlight_PROLIFIC,,36,Chile,Spanish,"Spanish, English",,Spanish:70|English:30,100,Spanish:70|English:30,100,Spanish:80|English:20,100,18,6,Bachelor's,10,10,10,6,8,9,7,17,14,16,TOEFL,80,,,,,23,25,C1,intermediate|advanced,intermediate|advanced,cambridge_22_25_intermediate_advanced,4,19,random,,128.26390075683594,1074.7396240234375,148.26390075683594,1131.71879196167,1,9,,,,,,,,,,,,2026-08-24T17:16:23.220Z,YVYMAZEH,2026-08-24,2026-08-24,13:16:23,2026-08-24 13:16:23,,,,,,,,6983fa3a644fcca4e5fd8b3b,6983fa3a644fcca4e5fd8b3b,,,,
5338,raw_position_sample,2,2,int,26,3,8,9,9, mostly ,1103,138,4415423.7,6983fa3a644fcca4e5fd8b3b,6983fa3a644fcca4e5fd8b3b,intermediate,3,6983fa3a644fcca4e5fd8b3b,6983fa3a644fcca4e5fd8b3b,spotlight_PROLIFIC,,36,Chile,Spanish,"Spanish, English",,Spanish:70|English:30,100,Spanish:70|English:30,100,Spanish:80|English:20,100,18,6,Bachelor's,10,10,10,6,8,9,7,17,14,16,TOEFL,80,,,,,23,25,C1,intermediate|advanced,intermediate|advanced,cambridge_22_25_intermediate_advanced,4,19,random,,128.26390075683594,1074.7396240234375,148.26390075683594,1131.71879196167,1,9,,,,,,,,,,,,2026-08-24T17:16:23.220Z,YVYMAZEH,2026-08-24,2026-08-24,13:16:23,2026-08-24 13:16:23,,,,,,,,6983fa3a644fcca4e5fd8b3b,6983fa3a644fcca4e5fd8b3b,,,,
5388,raw_position_sample,2,2,int,26,3,8,9,9, mostly ,1114,138,4415473.7,6983fa3a644fcca4e5fd8b3b,6983fa3a644fcca4e5fd8b3b,intermediate,3,6983fa3a644fcca4e5fd8b3b,6983fa3a644fcca4e5fd8b3b,spotlight_PROLIFIC,,36,Chile,Spanish,"Spanish, English",,Spanish:70|English:30,100,Spanish:70|English:30,100,Spanish:80|English:20,100,18,6,Bachelor's,10,10,10,6,8,9,7,17,14,16,TOEFL,80,,,,,23,25,C1,intermediate|advanced,intermediate|advanced,cambridge_22_25_intermediate_advanced,4,19,random,,128.26390075683594,1074.7396240234375,148.26390075683594,1131.71879196167,1,9,,,,,,,,,,,,2026-08-24T17:16:23.220Z,YVYMAZEH,2026-08-24,2026-08-24,13:16:23,2026-08-24 13:16:23,,,,,,,,6983fa3a644fcca4e5fd8b3b,6983fa3a644fcca4e5fd8b3b,,,,
5439,raw_position_sample,2,2,int,26,3,8,9,9, mostly ,1125,138,4415524.899999999,6983fa3a644fcca4e5fd8b3b,6983fa3a644fcca4e5fd8b3b,intermediate,3,6983fa3a644fcca4e5fd8b3b,6983fa3a644fcca4e5fd8b3b,spotlight_PROLIFIC,,36,Chile,Spanish,"Spanish, English",,Spanish:70|English:30,100,Spanish:70|English:30,100,Spanish:80|English:20,100,18,6,Bachelor's,10,10,10,6,8,9,7,17,14,16,TOEFL,80,,,,,23,25,C1,intermediate|advanced,intermediate|advanced,cambridge_22_25_intermediate_advanced,4,19,random,,128.26390075683594,1074.7396240234375,148.26390075683594,1131.71879196167,1,9,,,,,,,,,,,,2026-08-24T17:16:23.220Z,YVYMAZEH,2026-08-24,2026-08-24,13:16:23,2026-08-24 13:16:23,,,,,,,,6983fa3a644fcca4e5fd8b3b,6983fa3a644fcca4e5fd8b3b,,,,
5469,hover_association,2,2,int,26,3,8,9,9, mostly ,1075,141,,6983fa3a644fcca4e5fd8b3b,6983fa3a644fcca4e5fd8b3b,intermediate,3,6983fa3a644fcca4e5fd8b3b,6983fa3a644fcca4e5fd8b3b,spotlight_PROLIFIC,,36,Chile,Spanish,"Spanish, English",,Spanish:70|English:30,100,Spanish:70|English:30,100,Spanish:80|English:20,100,18,6,Bachelor's,10,10,10,6,8,9,7,17,14,16,TOEFL,80,,,,,23,25,C1,intermediate|advanced,intermediate|advanced,cambridge_22_25_intermediate_advanced,4,19,random,,118.26390075683594,1074.739631652832,158.26390075683594,1131.718770980835,1,9,hover,781.0999999996275,781.0999999996275,0.9873853661302723,0.49340248107910156,81,,,,,,2026-08-24T17:16:23.220Z,YVYMAZEH,2026-08-24,2026-08-24,13:16:23,2026-08-24 13:16:23,,,,,,,,6983fa3a644fcca4e5fd8b3b,6983fa3a644fcca4e5fd8b3b,,,,
5488,raw_position_sample,2,2,int,26,3,8,9,10, because ,1135,138,4415573.7,6983fa3a644fcca4e5fd8b3b,6983fa3a644fcca4e5fd8b3b,intermediate,3,6983fa3a644fcca4e5fd8b3b,6983fa3a644fcca4e5fd8b3b,spotlight_PROLIFIC,,36,Chile,Spanish,"Spanish, English",,Spanish:70|English:30,100,Spanish:70|English:30,100,Spanish:80|English:20,100,18,6,Bachelor's,10,10,10,6,8,9,7,17,14,16,TOEFL,80,,,,,23,25,C1,intermediate|advanced,intermediate|advanced,cambridge_22_25_intermediate_advanced,4,19,random,,128.26390075683594,1131.71875,148.26390075683594,1204.7222290039062,1,10,,,,,,,,,,,,2026-08-24T17:16:23.220Z,YVYMAZEH,2026-08-24,2026-08-24,13:16:23,2026-08-24 13:16:23,,,,,,,,6983fa3a644fcca4e5fd8b3b,6983fa3a644fcca4e5fd8b3b,,,,
5538,raw_position_sample,2,2,int,26,3,8,9,10, because ,1145,140,4415623.7,6983fa3a644fcca4e5fd8b3b,6983fa3a644fcca4e5fd8b3b,intermediate,3,6983fa3a644fcca4e5fd8b3b,6983fa3a644fcca4e5fd8b3b,spotlight_PROLIFIC,,36,Chile,Spanish,"Spanish, English",,Spanish:70|English:30,100,Spanish:70|English:30,100,Spanish:80|English:20,100,18,6,Bachelor's,10,10,10,6,8,9,7,17,14,16,TOEFL,80,,,,,23,25,C1,intermediate|advanced,intermediate|advanced,cambridge_22_25_intermediate_advanced,4,19,random,,128.26390075683594,1131.71875,148.26390075683594,1204.7222290039062,1,10,,,,,,,,,,,,2026-08-24T17:16:23.220Z,YVYMAZEH,2026-08-24,2026-08-24,13:16:23,2026-08-24 13:16:23,,,,,,,,6983fa3a644fcca4e5fd8b3b,6983fa3a644fcca4e5fd8b3b,,,,
5588,raw_position_sample,2,2,int,26,3,8,9,10, because ,1153,142,4415673.7,6983fa3a644fcca4e5fd8b3b,6983fa3a644fcca4e5fd8b3b,intermediate,3,6983fa3a644fcca4e5fd8b3b,6983fa3a644fcca4e5fd8b3b,spotlight_PROLIFIC,,36,Chile,Spanish,"Spanish, English",,Spanish:70|English:30,100,Spanish:70|English:30,100,Spanish:80|English:20,100,18,6,Bachelor's,10,10,10,6,8,9,7,17,14,16,TOEFL,80,,,,,23,25,C1,intermediate|advanced,intermediate|advanced,cambridge_22_25_intermediate_advanced,4,19,random,,128.26390075683594,1131.71875,148.26390075683594,1204.7222290039062,1,10,,,,,,,,,,,,2026-08-24T17:16:23.220Z,YVYMAZEH,2026-08-24,2026-08-24,13:16:23,2026-08-24 13:16:23,,,,,,,,6983fa3a644fcca4e5fd8b3b,6983fa3a644fcca4e5fd8b3b,,,,
5638,raw_position_sample,2,2,int,26,3,8,9,10, because ,1161,143,4415723.600000001,6983fa3a644fcca4e5fd8b3b,6983fa3a644fcca4e5fd8b3b,intermediate,3,6983fa3a644fcca4e5fd8b3b,6983fa3a644fcca4e5fd8b3b,spotlight_PROLIFIC,,36,Chile,Spanish,"Spanish, English",,Spanish:70|English:30,100,Spanish:70|English:30,100,Spanish:80|English:20,100,18,6,Bachelor's,10,10,10,6,8,9,7,17,14,16,TOEFL,80,,,,,23,25,C1,intermediate|advanced,intermediate|advanced,cambridge_22_25_intermediate_advanced,4,19,random,,128.26390075683594,1131.71875,148.26390075683594,1204.7222290039062,1,10,,,,,,,,,,,,2026-08-24T17:16:23.220Z,YVYMAZEH,2026-08-24,2026-08-24,13:16:23,2026-08-24 13:16:23,,,,,,,,6983fa3a644fcca4e5fd8b3b,6983fa3a644fcca4e5fd8b3b,,,,
5691,raw_position_sample,2,2,int,26,3,8,9,10, because ,1168,144,4415776.3,6983fa3a644fcca4e5fd8b3b,6983fa3a644fcca4e5fd8b3b,intermediate,3,6983fa3a644fcca4e5fd8b3b,6983fa3a644fcca4e5fd8b3b,spotlight_PROLIFIC,,36,Chile,Spanish,"Spanish, English",,Spanish:70|English:30,100,Spanish:70|English:30,100,Spanish:80|English:20,100,18,6,Bachelor's,10,10,10,6,8,9,7,17,14,16,TOEFL,80,,,,,23,25,C1,intermediate|advanced,intermediate|advanced,cambridge_22_25_intermediate_advanced,4,19,random,,128.26390075683594,1131.71875,148.26390075683594,1204.7222290039062,1,10,,,,,,,,,,,,2026-08-24T17:16:23.220Z,YVYMAZEH,2026-08-24,2026-08-24,13:16:23,2026-08-24 13:16:23,,,,,,,,6983fa3a644fcca4e5fd8b3b,6983fa3a644fcca4e5fd8b3b,,,,
5739,raw_position_sample,2,2,int,26,3,8,9,10, because ,1180,144,4415824.100000001,6983fa3a644fcca4e5fd8b3b,6983fa3a644fcca4e5fd8b3b,intermediate,3,6983fa3a644fcca4e5fd8b3b,6983fa3a644fcca4e5fd8b3b,spotlight_PROLIFIC,,36,Chile,Spanish,"Spanish, English",,Spanish:70|English:30,100,Spanish:70|English:30,100,Spanish:80|English:20,100,18,6,Bachelor's,10,10,10,6,8,9,7,17,14,16,TOEFL,80,,,,,23,25,C1,intermediate|advanced,intermediate|advanced,cambridge_22_25_intermediate_advanced,4,19,random,,128.26390075683594,1131.71875,148.26390075683594,1204.7222290039062,1,10,,,,,,,,,,,,2026-08-24T17:16:23.220Z,YVYMAZEH,2026-08-24,2026-08-24,13:16:23,2026-08-24 13:16:23,,,,,,,,6983fa3a644fcca4e5fd8b3b,6983fa3a644fcca4e5fd8b3b,,,,
5788,raw_position_sample,2,2,int,26,3,8,9,10, because ,1190,146,4415873.7,6983fa3a644fcca4e5fd8b3b,6983fa3a644fcca4e5fd8b3b,intermediate,3,6983fa3a644fcca4e5fd8b3b,6983fa3a644fcca4e5fd8b3b,spotlight_PROLIFIC,,36,Chile,Spanish,"Spanish, English",,Spanish:70|English:30,100,Spanish:70|English:30,100,Spanish:80|English:20,100,18,6,Bachelor's,10,10,10,6,8,9,7,17,14,16,TOEFL,80,,,,,23,25,C1,intermediate|advanced,intermediate|advanced,cambridge_22_25_intermediate_advanced,4,19,random,,128.26390075683594,1131.71875,148.26390075683594,1204.7222290039062,1,10,,,,,,,,,,,,2026-08-24T17:16:23.220Z,YVYMAZEH,2026-08-24,2026-08-24,13:16:23,2026-08-24 13:16:23,,,,,,,,6983fa3a644fcca4e5fd8b3b,6983fa3a644fcca4e5fd8b3b,,,,
5838,raw_position_sample,2,2,int,26,3,8,9,10, because ,1200,146,4415923.600000001,6983fa3a644fcca4e5fd8b3b,6983fa3a644fcca4e5fd8b3b,intermediate,3,6983fa3a644fcca4e5fd8b3b,6983fa3a644fcca4e5fd8b3b,spotlight_PROLIFIC,,36,Chile,Spanish,"Spanish, English",,Spanish:70|English:30,100,Spanish:70|English:30,100,Spanish:80|English:20,100,18,6,Bachelor's,10,10,10,6,8,9,7,17,14,16,TOEFL,80,,,,,23,25,C1,intermediate|advanced,intermediate|advanced,cambridge_22_25_intermediate_advanced,4,19,random,,128.26390075683594,1131.71875,148.26390075683594,1204.7222290039062,1,10,,,,,,,,,,,,2026-08-24T17:16:23.220Z,YVYMAZEH,2026-08-24,2026-08-24,13:16:23,2026-08-24 13:16:23,,,,,,,,6983fa3a644fcca4e5fd8b3b,6983fa3a644fcca4e5fd8b3b,,,,
5861,hover_association,2,2,int,26,3,8,9,10, because ,1133,138,,6983fa3a644fcca4e5fd8b3b,6983fa3a644fcca4e5fd8b3b,intermediate,3,6983fa3a644fcca4e5fd8b3b,6983fa3a644fcca4e5fd8b3b,spotlight_PROLIFIC,,36,Chile,Spanish,"Spanish, English",,Spanish:70|English:30,100,Spanish:70|English:30,100,Spanish:80|English:20,100,18,6,Bachelor's,10,10,10,6,8,9,7,17,14,16,TOEFL,80,,,,,23,25,C1,intermediate|advanced,intermediate|advanced,cambridge_22_25_intermediate_advanced,4,19,random,,118.26390075683594,1131.718770980835,158.26390075683594,1204.7222595214844,1,10,hover,391.80000000074506,391.80000000074506,0.990106506744781,0.6934024810791015,81,,,,,,2026-08-24T17:16:23.220Z,YVYMAZEH,2026-08-24,2026-08-24,13:16:23,2026-08-24 13:16:23,,,,,,,,6983fa3a644fcca4e5fd8b3b,6983fa3a644fcca4e5fd8b3b,,,,
5889,raw_position_sample,2,2,int,26,3,8,9,11, of ,1208,146,4415974.899999999,6983fa3a644fcca4e5fd8b3b,6983fa3a644fcca4e5fd8b3b,intermediate,3,6983fa3a644fcca4e5fd8b3b,6983fa3a644fcca4e5fd8b3b,spotlight_PROLIFIC,,36,Chile,Spanish,"Spanish, English",,Spanish:70|English:30,100,Spanish:70|English:30,100,Spanish:80|English:20,100,18,6,Bachelor's,10,10,10,6,8,9,7,17,14,16,TOEFL,80,,,,,23,25,C1,intermediate|advanced,intermediate|advanced,cambridge_22_25_intermediate_advanced,4,19,random,,128.26390075683594,1204.7222900390625,148.26390075683594,1224.7222900390625,1,11,,,,,,,,,,,,2026-08-24T17:16:23.220Z,YVYMAZEH,2026-08-24,2026-08-24,13:16:23,2026-08-24 13:16:23,,,,,,,,6983fa3a644fcca4e5fd8b3b,6983fa3a644fcca4e5fd8b3b,,,,
5939,raw_position_sample,2,2,int,26,3,8,9,11, of ,1217,146,4416024.100000001,6983fa3a644fcca4e5fd8b3b,6983fa3a644fcca4e5fd8b3b,intermediate,3,6983fa3a644fcca4e5fd8b3b,6983fa3a644fcca4e5fd8b3b,spotlight_PROLIFIC,,36,Chile,Spanish,"Spanish, English",,Spanish:70|English:30,100,Spanish:70|English:30,100,Spanish:80|English:20,100,18,6,Bachelor's,10,10,10,6,8,9,7,17,14,16,TOEFL,80,,,,,23,25,C1,intermediate|advanced,intermediate|advanced,cambridge_22_25_intermediate_advanced,4,19,random,,128.26390075683594,1204.7222900390625,148.26390075683594,1224.7222900390625,1,11,,,,,,,,,,,,2026-08-24T17:16:23.220Z,YVYMAZEH,2026-08-24,2026-08-24,13:16:23,2026-08-24 13:16:23,,,,,,,,6983fa3a644fcca4e5fd8b3b,6983fa3a644fcca4e5fd8b3b,,,,
5976,hover_association,2,2,int,26,3,8,9,11, of ,1205,146,,6983fa3a644fcca4e5fd8b3b,6983fa3a644fcca4e5fd8b3b,intermediate,3,6983fa3a644fcca4e5fd8b3b,6983fa3a644fcca4e5fd8b3b,spotlight_PROLIFIC,,36,Chile,Spanish,"Spanish, English",,Spanish:70|English:30,100,Spanish:70|English:30,100,Spanish:80|English:20,100,18,6,Bachelor's,10,10,10,6,8,9,7,17,14,16,TOEFL,80,,,,,23,25,C1,intermediate|advanced,intermediate|advanced,cambridge_22_25_intermediate_advanced,4,19,random,,118.26390075683594,1204.7222595214844,158.26390075683594,1224.7222900390625,1,11,hover,115.69999999925494,115.69999999925494,0.9638855531531476,0.6934024810791015,81,,,,,,2026-08-24T17:16:23.220Z,YVYMAZEH,2026-08-24,2026-08-24,13:16:23,2026-08-24 13:16:23,,,,,,,,6983fa3a644fcca4e5fd8b3b,6983fa3a644fcca4e5fd8b3b,,,,
5988,raw_position_sample,2,2,int,26,3,8,9,12, issues ,1225,146,4416073.600000001,6983fa3a644fcca4e5fd8b3b,6983fa3a644fcca4e5fd8b3b,intermediate,3,6983fa3a644fcca4e5fd8b3b,6983fa3a644fcca4e5fd8b3b,spotlight_PROLIFIC,,36,Chile,Spanish,"Spanish, English",,Spanish:70|English:30,100,Spanish:70|English:30,100,Spanish:80|English:20,100,18,6,Bachelor's,10,10,10,6,8,9,7,17,14,16,TOEFL,80,,,,,23,25,C1,intermediate|advanced,intermediate|advanced,cambridge_22_25_intermediate_advanced,4,19,random,,128.26390075683594,1224.7222900390625,148.26390075683594,1280.7118759155273,1,12,,,,,,,,,,,,2026-08-24T17:16:23.220Z,YVYMAZEH,2026-08-24,2026-08-24,13:16:23,2026-08-24 13:16:23,,,,,,,,6983fa3a644fcca4e5fd8b3b,6983fa3a644fcca4e5fd8b3b,,,,
6040,raw_position_sample,2,2,int,26,3,8,9,12, issues ,1234,146,4416125.8,6983fa3a644fcca4e5fd8b3b,6983fa3a644fcca4e5fd8b3b,intermediate,3,6983fa3a644fcca4e5fd8b3b,6983fa3a644fcca4e5fd8b3b,spotlight_PROLIFIC,,36,Chile,Spanish,"Spanish, English",,Spanish:70|English:30,100,Spanish:70|English:30,100,Spanish:80|English:20,100,18,6,Bachelor's,10,10,10,6,8,9,7,17,14,16,TOEFL,80,,,,,23,25,C1,intermediate|advanced,intermediate|advanced,cambridge_22_25_intermediate_advanced,4,19,random,,128.26390075683594,1224.7222900390625,148.26390075683594,1280.7118759155273,1,12,,,,,,,,,,,,2026-08-24T17:16:23.220Z,YVYMAZEH,2026-08-24,2026-08-24,13:16:23,2026-08-24 13:16:23,,,,,,,,6983fa3a644fcca4e5fd8b3b,6983fa3a644fcca4e5fd8b3b,,,,
6088,raw_position_sample,2,2,int,26,3,8,9,12, issues ,1243,146,4416173.600000001,6983fa3a644fcca4e5fd8b3b,6983fa3a644fcca4e5fd8b3b,intermediate,3,6983fa3a644fcca4e5fd8b3b,6983fa3a644fcca4e5fd8b3b,spotlight_PROLIFIC,,36,Chile,Spanish,"Spanish, English",,Spanish:70|English:30,100,Spanish:70|English:30,100,Spanish:80|English:20,100,18,6,Bachelor's,10,10,10,6,8,9,7,17,14,16,TOEFL,80,,,,,23,25,C1,intermediate|advanced,intermediate|advanced,cambridge_22_25_intermediate_advanced,4,19,random,,128.26390075683594,1224.7222900390625,148.26390075683594,1280.7118759155273,1,12,,,,,,,,,,,,2026-08-24T17:16:23.220Z,YVYMAZEH,2026-08-24,2026-08-24,13:16:23,2026-08-24 13:16:23,,,,,,,,6983fa3a644fcca4e5fd8b3b,6983fa3a644fcca4e5fd8b3b,,,,
6138,raw_position_sample,2,2,int,26,3,8,9,12, issues ,1247,146,4416223.600000001,6983fa3a644fcca4e5fd8b3b,6983fa3a644fcca4e5fd8b3b,intermediate,3,6983fa3a644fcca4e5fd8b3b,6983fa3a644fcca4e5fd8b3b,spotlight_PROLIFIC,,36,Chile,Spanish,"Spanish, English",,Spanish:70|English:30,100,Spanish:70|English:30,100,Spanish:80|English:20,100,18,6,Bachelor's,10,10,10,6,8,9,7,17,14,16,TOEFL,80,,,,,23,25,C1,intermediate|advanced,intermediate|advanced,cambridge_22_25_intermediate_advanced,4,19,random,,128.26390075683594,1224.7222900390625,148.26390075683594,1280.7118759155273,1,12,,,,,,,,,,,,2026-08-24T17:16:23.220Z,YVYMAZEH,2026-08-24,2026-08-24,13:16:23,2026-08-24 13:16:23,,,,,,,,6983fa3a644fcca4e5fd8b3b,6983fa3a644fcca4e5fd8b3b,,,,
6188,raw_position_sample,2,2,int,26,3,8,9,12, issues ,1248,146,4416273.7,6983fa3a644fcca4e5fd8b3b,6983fa3a644fcca4e5fd8b3b,intermediate,3,6983fa3a644fcca4e5fd8b3b,6983fa3a644fcca4e5fd8b3b,spotlight_PROLIFIC,,36,Chile,Spanish,"Spanish, English",,Spanish:70|English:30,100,Spanish:70|English:30,100,Spanish:80|English:20,100,18,6,Bachelor's,10,10,10,6,8,9,7,17,14,16,TOEFL,80,,,,,23,25,C1,intermediate|advanced,intermediate|advanced,cambridge_22_25_intermediate_advanced,4,19,random,,128.26390075683594,1224.7222900390625,148.26390075683594,1280.7118759155273,1,12,,,,,,,,,,,,2026-08-24T17:16:23.220Z,YVYMAZEH,2026-08-24,2026-08-24,13:16:23,2026-08-24 13:16:23,,,,,,,,6983fa3a644fcca4e5fd8b3b,6983fa3a644fcca4e5fd8b3b,,,,
6238,raw_position_sample,2,2,int,26,3,8,9,12, issues ,1250,146,4416323.7,6983fa3a644fcca4e5fd8b3b,6983fa3a644fcca4e5fd8b3b,intermediate,3,6983fa3a644fcca4e5fd8b3b,6983fa3a644fcca4e5fd8b3b,spotlight_PROLIFIC,,36,Chile,Spanish,"Spanish, English",,Spanish:70|English:30,100,Spanish:70|English:30,100,Spanish:80|English:20,100,18,6,Bachelor's,10,10,10,6,8,9,7,17,14,16,TOEFL,80,,,,,23,25,C1,intermediate|advanced,intermediate|advanced,cambridge_22_25_intermediate_advanced,4,19,random,,128.26390075683594,1224.7222900390625,148.26390075683594,1280.7118759155273,1,12,,,,,,,,,,,,2026-08-24T17:16:23.220Z,YVYMAZEH,2026-08-24,2026-08-24,13:16:23,2026-08-24 13:16:23,,,,,,,,6983fa3a644fcca4e5fd8b3b,6983fa3a644fcca4e5fd8b3b,,,,
6288,raw_position_sample,2,2,int,26,3,8,9,12, issues ,1250,146,4416373.7,6983fa3a644fcca4e5fd8b3b,6983fa3a644fcca4e5fd8b3b,intermediate,3,6983fa3a644fcca4e5fd8b3b,6983fa3a644fcca4e5fd8b3b,spotlight_PROLIFIC,,36,Chile,Spanish,"Spanish, English",,Spanish:70|English:30,100,Spanish:70|English:30,100,Spanish:80|English:20,100,18,6,Bachelor's,10,10,10,6,8,9,7,17,14,16,TOEFL,80,,,,,23,25,C1,intermediate|advanced,intermediate|advanced,cambridge_22_25_intermediate_advanced,4,19,random,,128.26390075683594,1224.7222900390625,148.26390075683594,1280.7118759155273,1,12,,,,,,,,,,,,2026-08-24T17:16:23.220Z,YVYMAZEH,2026-08-24,2026-08-24,13:16:23,2026-08-24 13:16:23,,,,,,,,6983fa3a644fcca4e5fd8b3b,6983fa3a644fcca4e5fd8b3b,,,,
6338,raw_position_sample,2,2,int,26,3,8,9,12, issues ,1252,146,4416423.600000001,6983fa3a644fcca4e5fd8b3b,6983fa3a644fcca4e5fd8b3b,intermediate,3,6983fa3a644fcca4e5fd8b3b,6983fa3a644fcca4e5fd8b3b,spotlight_PROLIFIC,,36,Chile,Spanish,"Spanish, English",,Spanish:70|English:30,100,Spanish:70|English:30,100,Spanish:80|English:20,100,18,6,Bachelor's,10,10,10,6,8,9,7,17,14,16,TOEFL,80,,,,,23,25,C1,intermediate|advanced,intermediate|advanced,cambridge_22_25_intermediate_advanced,4,19,random,,128.26390075683594,1224.7222900390625,148.26390075683594,1280.7118759155273,1,12,,,,,,,,,,,,2026-08-24T17:16:23.220Z,YVYMAZEH,2026-08-24,2026-08-24,13:16:23,2026-08-24 13:16:23,,,,,,,,6983fa3a644fcca4e5fd8b3b,6983fa3a644fcca4e5fd8b3b,,,,
6391,raw_position_sample,2,2,int,26,3,8,9,12, issues ,1261,144,4416476.500000001,6983fa3a644fcca4e5fd8b3b,6983fa3a644fcca4e5fd8b3b,intermediate,3,6983fa3a644fcca4e5fd8b3b,6983fa3a644fcca4e5fd8b3b,spotlight_PROLIFIC,,36,Chile,Spanish,"Spanish, English",,Spanish:70|English:30,100,Spanish:70|English:30,100,Spanish:80|English:20,100,18,6,Bachelor's,10,10,10,6,8,9,7,17,14,16,TOEFL,80,,,,,23,25,C1,intermediate|advanced,intermediate|advanced,cambridge_22_25_intermediate_advanced,4,19,random,,128.26390075683594,1224.7222900390625,148.26390075683594,1280.7118759155273,1,12,,,,,,,,,,,,2026-08-24T17:16:23.220Z,YVYMAZEH,2026-08-24,2026-08-24,13:16:23,2026-08-24 13:16:23,,,,,,,,6983fa3a644fcca4e5fd8b3b,6983fa3a644fcca4e5fd8b3b,,,,
6439,raw_position_sample,2,2,int,26,3,8,9,12, issues ,1275,144,4416524.899999999,6983fa3a644fcca4e5fd8b3b,6983fa3a644fcca4e5fd8b3b,intermediate,3,6983fa3a644fcca4e5fd8b3b,6983fa3a644fcca4e5fd8b3b,spotlight_PROLIFIC,,36,Chile,Spanish,"Spanish, English",,Spanish:70|English:30,100,Spanish:70|English:30,100,Spanish:80|English:20,100,18,6,Bachelor's,10,10,10,6,8,9,7,17,14,16,TOEFL,80,,,,,23,25,C1,intermediate|advanced,intermediate|advanced,cambridge_22_25_intermediate_advanced,4,19,random,,128.26390075683594,1224.7222900390625,148.26390075683594,1280.7118759155273,1,12,,,,,,,,,,,,2026-08-24T17:16:23.220Z,YVYMAZEH,2026-08-24,2026-08-24,13:16:23,2026-08-24 13:16:23,,,,,,,,6983fa3a644fcca4e5fd8b3b,6983fa3a644fcca4e5fd8b3b,,,,
6449,hover_association,2,2,int,26,3,8,9,12, issues ,1225,146,,6983fa3a644fcca4e5fd8b3b,6983fa3a644fcca4e5fd8b3b,intermediate,3,6983fa3a644fcca4e5fd8b3b,6983fa3a644fcca4e5fd8b3b,spotlight_PROLIFIC,,36,Chile,Spanish,"Spanish, English",,Spanish:70|English:30,100,Spanish:70|English:30,100,Spanish:80|English:20,100,18,6,Bachelor's,10,10,10,6,8,9,7,17,14,16,TOEFL,80,,,,,23,25,C1,intermediate|advanced,intermediate|advanced,cambridge_22_25_intermediate_advanced,4,19,random,,118.26390075683594,1224.7222900390625,158.26390075683594,1280.7118949890137,1,12,hover,472.6000000014901,472.6000000014901,0.9515643128498974,0.6434024810791016,81,,,,,,2026-08-24T17:16:23.220Z,YVYMAZEH,2026-08-24,2026-08-24,13:16:23,2026-08-24 13:16:23,,,,,,,,6983fa3a644fcca4e5fd8b3b,6983fa3a644fcca4e5fd8b3b,,,,
6488,raw_position_sample,2,2,int,26,3,8,9,13, around ,1292,144,4416573.600000001,6983fa3a644fcca4e5fd8b3b,6983fa3a644fcca4e5fd8b3b,intermediate,3,6983fa3a644fcca4e5fd8b3b,6983fa3a644fcca4e5fd8b3b,spotlight_PROLIFIC,,36,Chile,Spanish,"Spanish, English",,Spanish:70|English:30,100,Spanish:70|English:30,100,Spanish:80|English:20,100,18,6,Bachelor's,10,10,10,6,8,9,7,17,14,16,TOEFL,80,,,,,23,25,C1,intermediate|advanced,intermediate|advanced,cambridge_22_25_intermediate_advanced,4,19,random,,128.26390075683594,1280.7119140625,148.26390075683594,1336.7188606262207,1,13,,,,,,,,,,,,2026-08-24T17:16:23.220Z,YVYMAZEH,2026-08-24,2026-08-24,13:16:23,2026-08-24 13:16:23,,,,,,,,6983fa3a644fcca4e5fd8b3b,6983fa3a644fcca4e5fd8b3b,,,,
6538,raw_position_sample,2,2,int,26,3,8,9,13, around ,1304,144,4416623.600000001,6983fa3a644fcca4e5fd8b3b,6983fa3a644fcca4e5fd8b3b,intermediate,3,6983fa3a644fcca4e5fd8b3b,6983fa3a644fcca4e5fd8b3b,spotlight_PROLIFIC,,36,Chile,Spanish,"Spanish, English",,Spanish:70|English:30,100,Spanish:70|English:30,100,Spanish:80|English:20,100,18,6,Bachelor's,10,10,10,6,8,9,7,17,14,16,TOEFL,80,,,,,23,25,C1,intermediate|advanced,intermediate|advanced,cambridge_22_25_intermediate_advanced,4,19,random,,128.26390075683594,1280.7119140625,148.26390075683594,1336.7188606262207,1,13,,,,,,,,,,,,2026-08-24T17:16:23.220Z,YVYMAZEH,2026-08-24,2026-08-24,13:16:23,2026-08-24 13:16:23,,,,,,,,6983fa3a644fcca4e5fd8b3b,6983fa3a644fcca4e5fd8b3b,,,,
6588,raw_position_sample,2,2,int,26,3,8,9,13, around ,1308,144,4416673.7,6983fa3a644fcca4e5fd8b3b,6983fa3a644fcca4e5fd8b3b,intermediate,3,6983fa3a644fcca4e5fd8b3b,6983fa3a644fcca4e5fd8b3b,spotlight_PROLIFIC,,36,Chile,Spanish,"Spanish, English",,Spanish:70|English:30,100,Spanish:70|English:30,100,Spanish:80|English:20,100,18,6,Bachelor's,10,10,10,6,8,9,7,17,14,16,TOEFL,80,,,,,23,25,C1,intermediate|advanced,intermediate|advanced,cambridge_22_25_intermediate_advanced,4,19,random,,128.26390075683594,1280.7119140625,148.26390075683594,1336.7188606262207,1,13,,,,,,,,,,,,2026-08-24T17:16:23.220Z,YVYMAZEH,2026-08-24,2026-08-24,13:16:23,2026-08-24 13:16:23,,,,,,,,6983fa3a644fcca4e5fd8b3b,6983fa3a644fcca4e5fd8b3b,,,,
6638,raw_position_sample,2,2,int,26,3,8,9,13, around ,1302,143,4416723.600000001,6983fa3a644fcca4e5fd8b3b,6983fa3a644fcca4e5fd8b3b,intermediate,3,6983fa3a644fcca4e5fd8b3b,6983fa3a644fcca4e5fd8b3b,spotlight_PROLIFIC,,36,Chile,Spanish,"Spanish, English",,Spanish:70|English:30,100,Spanish:70|English:30,100,Spanish:80|English:20,100,18,6,Bachelor's,10,10,10,6,8,9,7,17,14,16,TOEFL,80,,,,,23,25,C1,intermediate|advanced,intermediate|advanced,cambridge_22_25_intermediate_advanced,4,19,random,,128.26390075683594,1280.7119140625,148.26390075683594,1336.7188606262207,1,13,,,,,,,,,,,,2026-08-24T17:16:23.220Z,YVYMAZEH,2026-08-24,2026-08-24,13:16:23,2026-08-24 13:16:23,,,,,,,,6983fa3a644fcca4e5fd8b3b,6983fa3a644fcca4e5fd8b3b,,,,
6661,hover_association,2,2,int,26,3,8,9,13, around ,1281,144,,6983fa3a644fcca4e5fd8b3b,6983fa3a644fcca4e5fd8b3b,intermediate,3,6983fa3a644fcca4e5fd8b3b,6983fa3a644fcca4e5fd8b3b,spotlight_PROLIFIC,,36,Chile,Spanish,"Spanish, English",,Spanish:70|English:30,100,Spanish:70|English:30,100,Spanish:80|English:20,100,18,6,Bachelor's,10,10,10,6,8,9,7,17,14,16,TOEFL,80,,,,,23,25,C1,intermediate|advanced,intermediate|advanced,cambridge_22_25_intermediate_advanced,4,19,random,,118.26390075683594,1280.7118949890137,158.26390075683594,1340.4688608646393,1,13,hover,212.39999999850988,212.39999999850988,0.05502463123428962,0.5434024810791016,81,,,,,,2026-08-24T17:16:23.220Z,YVYMAZEH,2026-08-24,2026-08-24,13:16:23,2026-08-24 13:16:23,,,,,,,,6983fa3a644fcca4e5fd8b3b,6983fa3a644fcca4e5fd8b3b,,,,
6682,hover_association,2,2,int,26,3,8,9,12, issues ,1273,138,,6983fa3a644fcca4e5fd8b3b,6983fa3a644fcca4e5fd8b3b,intermediate,3,6983fa3a644fcca4e5fd8b3b,6983fa3a644fcca4e5fd8b3b,spotlight_PROLIFIC,,36,Chile,Spanish,"Spanish, English",,Spanish:70|English:30,100,Spanish:70|English:30,100,Spanish:80|English:20,100,18,6,Bachelor's,10,10,10,6,8,9,7,17,14,16,TOEFL,80,,,,,23,25,C1,intermediate|advanced,intermediate|advanced,cambridge_22_25_intermediate_advanced,4,19,random,,118.26390075683594,1224.7222900390625,158.26390075683594,1280.7118949890137,1,12,hover,20.40000000037253,20.40000000037253,0.004960027154786027,0.41840248107910155,81,,,,,,2026-08-24T17:16:23.220Z,YVYMAZEH,2026-08-24,2026-08-24,13:16:23,2026-08-24 13:16:23,,,,,,,,6983fa3a644fcca4e5fd8b3b,6983fa3a644fcca4e5fd8b3b,,,,
6688,raw_position_sample,2,2,int,26,3,8,9,10, because ,1197,132,4416773.7,6983fa3a644fcca4e5fd8b3b,6983fa3a644fcca4e5fd8b3b,intermediate,3,6983fa3a644fcca4e5fd8b3b,6983fa3a644fcca4e5fd8b3b,spotlight_PROLIFIC,,36,Chile,Spanish,"Spanish, English",,Spanish:70|English:30,100,Spanish:70|English:30,100,Spanish:80|English:20,100,18,6,Bachelor's,10,10,10,6,8,9,7,17,14,16,TOEFL,80,,,,,23,25,C1,intermediate|advanced,intermediate|advanced,cambridge_22_25_intermediate_advanced,4,19,random,,128.26390075683594,1131.71875,148.26390075683594,1204.7222290039062,1,10,,,,,,,,,,,,2026-08-24T17:16:23.220Z,YVYMAZEH,2026-08-24,2026-08-24,13:16:23,2026-08-24 13:16:23,,,,,,,,6983fa3a644fcca4e5fd8b3b,6983fa3a644fcca4e5fd8b3b,,,,
6710,hover_association,2,2,int,26,3,8,9,10, because ,1197,132,,6983fa3a644fcca4e5fd8b3b,6983fa3a644fcca4e5fd8b3b,intermediate,3,6983fa3a644fcca4e5fd8b3b,6983fa3a644fcca4e5fd8b3b,spotlight_PROLIFIC,,36,Chile,Spanish,"Spanish, English",,Spanish:70|English:30,100,Spanish:70|English:30,100,Spanish:80|English:20,100,18,6,Bachelor's,10,10,10,6,8,9,7,17,14,16,TOEFL,80,,,,,23,25,C1,intermediate|advanced,intermediate|advanced,cambridge_22_25_intermediate_advanced,4,19,random,,118.26390075683594,1131.718770980835,158.26390075683594,1204.7222595214844,1,10,hover,27.90000000037253,27.90000000037253,0.04494619482927864,0.29340248107910155,81,,,,,,2026-08-24T17:16:23.220Z,YVYMAZEH,2026-08-24,2026-08-24,13:16:23,2026-08-24 13:16:23,,,,,,,,6983fa3a644fcca4e5fd8b3b,6983fa3a644fcca4e5fd8b3b,,,,
6730,hover_association,2,2,int,26,3,8,9,9, mostly ,1121,130,,6983fa3a644fcca4e5fd8b3b,6983fa3a644fcca4e5fd8b3b,intermediate,3,6983fa3a644fcca4e5fd8b3b,6983fa3a644fcca4e5fd8b3b,spotlight_PROLIFIC,,36,Chile,Spanish,"Spanish, English",,Spanish:70|English:30,100,Spanish:70|English:30,100,Spanish:80|English:20,100,18,6,Bachelor's,10,10,10,6,8,9,7,17,14,16,TOEFL,80,,,,,23,25,C1,intermediate|advanced,intermediate|advanced,cambridge_22_25_intermediate_advanced,4,19,random,,118.26390075683594,1074.739631652832,158.26390075683594,1131.718770980835,1,9,hover,20.199999999254942,20.199999999254942,0.21517292980840966,0.29340248107910155,81,,,,,,2026-08-24T17:16:23.220Z,YVYMAZEH,2026-08-24,2026-08-24,13:16:23,2026-08-24 13:16:23,,,,,,,,6983fa3a644fcca4e5fd8b3b,6983fa3a644fcca4e5fd8b3b,,,,
6739,raw_position_sample,2,2,int,26,3,8,9,8," study, ",1054,131,4416824.7,6983fa3a644fcca4e5fd8b3b,6983fa3a644fcca4e5fd8b3b,intermediate,3,6983fa3a644fcca4e5fd8b3b,6983fa3a644fcca4e5fd8b3b,spotlight_PROLIFIC,,36,Chile,Spanish,"Spanish, English",,Spanish:70|English:30,100,Spanish:70|English:30,100,Spanish:80|English:20,100,18,6,Bachelor's,10,10,10,6,8,9,7,17,14,16,TOEFL,80,,,,,23,25,C1,intermediate|advanced,intermediate|advanced,cambridge_22_25_intermediate_advanced,4,19,random,,128.26390075683594,1023.09033203125,148.26390075683594,1074.7396392822266,1,8,,,,,,,,,,,,2026-08-24T17:16:23.220Z,YVYMAZEH,2026-08-24,2026-08-24,13:16:23,2026-08-24 13:16:23,,,,,,,,6983fa3a644fcca4e5fd8b3b,6983fa3a644fcca4e5fd8b3b,,,,
6753,hover_association,2,2,int,26,3,8,9,8," study, ",1071,130,,6983fa3a644fcca4e5fd8b3b,6983fa3a644fcca4e5fd8b3b,intermediate,3,6983fa3a644fcca4e5fd8b3b,6983fa3a644fcca4e5fd8b3b,spotlight_PROLIFIC,,36,Chile,Spanish,"Spanish, English",,Spanish:70|English:30,100,Spanish:70|English:30,100,Spanish:80|English:20,100,18,6,Bachelor's,10,10,10,6,8,9,7,17,14,16,TOEFL,80,,,,,23,25,C1,intermediate|advanced,intermediate|advanced,cambridge_22_25_intermediate_advanced,4,19,random,,118.26390075683594,1023.0903158187866,158.26390075683594,1074.739631652832,1,8,hover,22.600000001490116,22.600000001490116,0.2886714749353067,0.34340248107910154,81,,,,,,2026-08-24T17:16:23.220Z,YVYMAZEH,2026-08-24,2026-08-24,13:16:23,2026-08-24 13:16:23,,,,,,,,6983fa3a644fcca4e5fd8b3b,6983fa3a644fcca4e5fd8b3b,,,,
6771,hover_association,2,2,int,26,3,8,9,7, the ,1023,132,,6983fa3a644fcca4e5fd8b3b,6983fa3a644fcca4e5fd8b3b,intermediate,3,6983fa3a644fcca4e5fd8b3b,6983fa3a644fcca4e5fd8b3b,spotlight_PROLIFIC,,36,Chile,Spanish,"Spanish, English",,Spanish:70|English:30,100,Spanish:70|English:30,100,Spanish:80|English:20,100,18,6,Bachelor's,10,10,10,6,8,9,7,17,14,16,TOEFL,80,,,,,23,25,C1,intermediate|advanced,intermediate|advanced,cambridge_22_25_intermediate_advanced,4,19,random,,118.26390075683594,993.0729579925537,158.26390075683594,1023.0903158187866,1,7,hover,18.399999998509884,18.399999998509884,0.1308257052529237,0.3934024810791016,81,,,,,,2026-08-24T17:16:23.220Z,YVYMAZEH,2026-08-24,2026-08-24,13:16:23,2026-08-24 13:16:23,,,,,,,,6983fa3a644fcca4e5fd8b3b,6983fa3a644fcca4e5fd8b3b,,,,
6785,hover_association,2,2,int,26,3,8,9,6, in ,986,134,,6983fa3a644fcca4e5fd8b3b,6983fa3a644fcca4e5fd8b3b,intermediate,3,6983fa3a644fcca4e5fd8b3b,6983fa3a644fcca4e5fd8b3b,spotlight_PROLIFIC,,36,Chile,Spanish,"Spanish, English",,Spanish:70|English:30,100,Spanish:70|English:30,100,Spanish:80|English:20,100,18,6,Bachelor's,10,10,10,6,8,9,7,17,14,16,TOEFL,80,,,,,23,25,C1,intermediate|advanced,intermediate|advanced,cambridge_22_25_intermediate_advanced,4,19,random,,118.26390075683594,974.0625591278076,158.26390075683594,993.0729579925537,1,6,hover,13.800000000745058,13.800000000745058,0.04931200438570616,0.3934024810791016,81,,,,,,2026-08-24T17:16:23.220Z,YVYMAZEH,2026-08-24,2026-08-24,13:16:23,2026-08-24 13:16:23,,,,,,,,6983fa3a644fcca4e5fd8b3b,6983fa3a644fcca4e5fd8b3b,,,,
6788,raw_position_sample,2,2,int,26,3,8,9,5, badly ,963,134,4416873.8,6983fa3a644fcca4e5fd8b3b,6983fa3a644fcca4e5fd8b3b,intermediate,3,6983fa3a644fcca4e5fd8b3b,6983fa3a644fcca4e5fd8b3b,spotlight_PROLIFIC,,36,Chile,Spanish,"Spanish, English",,Spanish:70|English:30,100,Spanish:70|English:30,100,Spanish:80|English:20,100,18,6,Bachelor's,10,10,10,6,8,9,7,17,14,16,TOEFL,80,,,,,23,25,C1,intermediate|advanced,intermediate|advanced,cambridge_22_25_intermediate_advanced,4,19,random,,128.26390075683594,926.05908203125,148.26390075683594,974.062557220459,1,5,,,,,,,,,,,,2026-08-24T17:16:23.220Z,YVYMAZEH,2026-08-24,2026-08-24,13:16:23,2026-08-24 13:16:23,,,,,,,,6983fa3a644fcca4e5fd8b3b,6983fa3a644fcca4e5fd8b3b,,,,
6813,hover_association,2,2,int,26,3,8,9,5, badly ,963,134,,6983fa3a644fcca4e5fd8b3b,6983fa3a644fcca4e5fd8b3b,intermediate,3,6983fa3a644fcca4e5fd8b3b,6983fa3a644fcca4e5fd8b3b,spotlight_PROLIFIC,,36,Chile,Spanish,"Spanish, English",,Spanish:70|English:30,100,Spanish:70|English:30,100,Spanish:80|English:20,100,18,6,Bachelor's,10,10,10,6,8,9,7,17,14,16,TOEFL,80,,,,,23,25,C1,intermediate|advanced,intermediate|advanced,cambridge_22_25_intermediate_advanced,4,19,random,,118.26390075683594,926.05908203125,158.26390075683594,974.0625591278076,1,5,hover,28.300000000745058,28.300000000745058,0.16542380779577845,0.3934024810791016,81,,,,,,2026-08-24T17:16:23.220Z,YVYMAZEH,2026-08-24,2026-08-24,13:16:23,2026-08-24 13:16:23,,,,,,,,6983fa3a644fcca4e5fd8b3b,6983fa3a644fcca4e5fd8b3b,,,,
6838,raw_position_sample,2,2,int,26,3,8,9,4, relatively ,898,134,4416923.600000001,6983fa3a644fcca4e5fd8b3b,6983fa3a644fcca4e5fd8b3b,intermediate,3,6983fa3a644fcca4e5fd8b3b,6983fa3a644fcca4e5fd8b3b,spotlight_PROLIFIC,,36,Chile,Spanish,"Spanish, English",,Spanish:70|English:30,100,Spanish:70|English:30,100,Spanish:80|English:20,100,18,6,Bachelor's,10,10,10,6,8,9,7,17,14,16,TOEFL,80,,,,,23,25,C1,intermediate|advanced,intermediate|advanced,cambridge_22_25_intermediate_advanced,4,19,random,,128.26390075683594,850.0868530273438,148.26390075683594,926.05908203125,1,4,,,,,,,,,,,,2026-08-24T17:16:23.220Z,YVYMAZEH,2026-08-24,2026-08-24,13:16:23,2026-08-24 13:16:23,,,,,,,,6983fa3a644fcca4e5fd8b3b,6983fa3a644fcca4e5fd8b3b,,,,
6881,hover_association,2,2,int,26,3,8,9,4, relatively ,925,134,,6983fa3a644fcca4e5fd8b3b,6983fa3a644fcca4e5fd8b3b,intermediate,3,6983fa3a644fcca4e5fd8b3b,6983fa3a644fcca4e5fd8b3b,spotlight_PROLIFIC,,36,Chile,Spanish,"Spanish, English",,Spanish:70|English:30,100,Spanish:70|English:30,100,Spanish:80|English:20,100,18,6,Bachelor's,10,10,10,6,8,9,7,17,14,16,TOEFL,80,,,,,23,25,C1,intermediate|advanced,intermediate|advanced,cambridge_22_25_intermediate_advanced,4,19,random,,118.26390075683594,850.0868453979492,158.26390075683594,926.05908203125,1,4,hover,67.59999999962747,67.59999999962747,0.038344989316450674,0.41840248107910155,81,,,,,,2026-08-24T17:16:23.220Z,YVYMAZEH,2026-08-24,2026-08-24,13:16:23,2026-08-24 13:16:23,,,,,,,,6983fa3a644fcca4e5fd8b3b,6983fa3a644fcca4e5fd8b3b,,,,
6890,raw_position_sample,2,2,int,26,3,8,9,3, perform ,838,136,4416975.500000001,6983fa3a644fcca4e5fd8b3b,6983fa3a644fcca4e5fd8b3b,intermediate,3,6983fa3a644fcca4e5fd8b3b,6983fa3a644fcca4e5fd8b3b,spotlight_PROLIFIC,,36,Chile,Spanish,"Spanish, English",,Spanish:70|English:30,100,Spanish:70|English:30,100,Spanish:80|English:20,100,18,6,Bachelor's,10,10,10,6,8,9,7,17,14,16,TOEFL,80,,,,,23,25,C1,intermediate|advanced,intermediate|advanced,cambridge_22_25_intermediate_advanced,4,19,random,,128.26390075683594,783.107666015625,148.26390075683594,850.0868377685547,1,3,,,,,,,,,,,,2026-08-24T17:16:23.220Z,YVYMAZEH,2026-08-24,2026-08-24,13:16:23,2026-08-24 13:16:23,,,,,,,,6983fa3a644fcca4e5fd8b3b,6983fa3a644fcca4e5fd8b3b,,,,
6938,raw_position_sample,2,2,int,26,3,8,9,3, perform ,794,144,4417023.7,6983fa3a644fcca4e5fd8b3b,6983fa3a644fcca4e5fd8b3b,intermediate,3,6983fa3a644fcca4e5fd8b3b,6983fa3a644fcca4e5fd8b3b,spotlight_PROLIFIC,,36,Chile,Spanish,"Spanish, English",,Spanish:70|English:30,100,Spanish:70|English:30,100,Spanish:80|English:20,100,18,6,Bachelor's,10,10,10,6,8,9,7,17,14,16,TOEFL,80,,,,,23,25,C1,intermediate|advanced,intermediate|advanced,cambridge_22_25_intermediate_advanced,4,19,random,,128.26390075683594,783.107666015625,148.26390075683594,850.0868377685547,1,3,,,,,,,,,,,,2026-08-24T17:16:23.220Z,YVYMAZEH,2026-08-24,2026-08-24,13:16:23,2026-08-24 13:16:23,,,,,,,,6983fa3a644fcca4e5fd8b3b,6983fa3a644fcca4e5fd8b3b,,,,
6959,hover_association,2,2,int,26,3,8,9,3, perform ,845,136,,6983fa3a644fcca4e5fd8b3b,6983fa3a644fcca4e5fd8b3b,intermediate,3,6983fa3a644fcca4e5fd8b3b,6983fa3a644fcca4e5fd8b3b,spotlight_PROLIFIC,,36,Chile,Spanish,"Spanish, English",,Spanish:70|English:30,100,Spanish:70|English:30,100,Spanish:80|English:20,100,18,6,Bachelor's,10,10,10,6,8,9,7,17,14,16,TOEFL,80,,,,,23,25,C1,intermediate|advanced,intermediate|advanced,cambridge_22_25_intermediate_advanced,4,19,random,,118.26390075683594,783.1076774597168,158.26390075683594,850.0868453979492,1,3,hover,78.09999999962747,78.09999999962747,0.013322389150998334,0.7184024810791015,81,,,,,,2026-08-24T17:16:23.220Z,YVYMAZEH,2026-08-24,2026-08-24,13:16:23,2026-08-24 13:16:23,,,,,,,,6983fa3a644fcca4e5fd8b3b,6983fa3a644fcca4e5fd8b3b,,,,
6988,raw_position_sample,2,2,int,26,3,8,9,2, cities ,762,153,4417073.7,6983fa3a644fcca4e5fd8b3b,6983fa3a644fcca4e5fd8b3b,intermediate,3,6983fa3a644fcca4e5fd8b3b,6983fa3a644fcca4e5fd8b3b,spotlight_PROLIFIC,,36,Chile,Spanish,"Spanish, English",,Spanish:70|English:30,100,Spanish:70|English:30,100,Spanish:80|English:20,100,18,6,Bachelor's,10,10,10,6,8,9,7,17,14,16,TOEFL,80,,,,,23,25,C1,intermediate|advanced,intermediate|advanced,cambridge_22_25_intermediate_advanced,4,19,random,,128.26390075683594,737.1181030273438,148.26390075683594,783.1076889038086,1,2,,,,,,,,,,,,2026-08-24T17:16:23.220Z,YVYMAZEH,2026-08-24,2026-08-24,13:16:23,2026-08-24 13:16:23,,,,,,,,6983fa3a644fcca4e5fd8b3b,6983fa3a644fcca4e5fd8b3b,,,,
7031,hover_association,2,2,int,26,3,8,9,2, cities ,778,148,,6983fa3a644fcca4e5fd8b3b,6983fa3a644fcca4e5fd8b3b,intermediate,3,6983fa3a644fcca4e5fd8b3b,6983fa3a644fcca4e5fd8b3b,spotlight_PROLIFIC,,36,Chile,Spanish,"Spanish, English",,Spanish:70|English:30,100,Spanish:70|English:30,100,Spanish:80|English:20,100,18,6,Bachelor's,10,10,10,6,8,9,7,17,14,16,TOEFL,80,,,,,23,25,C1,intermediate|advanced,intermediate|advanced,cambridge_22_25_intermediate_advanced,4,19,random,,118.26390075683594,737.1181039810181,158.26390075683594,783.1076774597168,1,2,hover,72.40000000037253,72.40000000037253,0.23661658928022386,0.9684024810791015,81,,,,,,2026-08-24T17:16:23.220Z,YVYMAZEH,2026-08-24,2026-08-24,13:16:23,2026-08-24 13:16:23,,,,,,,,6983fa3a644fcca4e5fd8b3b,6983fa3a644fcca4e5fd8b3b,,,,
7039,raw_position_sample,2,2,int,26,3,8,9,14, personal ,740,161,4417125.000000001,6983fa3a644fcca4e5fd8b3b,6983fa3a644fcca4e5fd8b3b,intermediate,3,6983fa3a644fcca4e5fd8b3b,6983fa3a644fcca4e5fd8b3b,spotlight_PROLIFIC,,36,Chile,Spanish,"Spanish, English",,Spanish:70|English:30,100,Spanish:70|English:30,100,Spanish:80|English:20,100,18,6,Bachelor's,10,10,10,6,8,9,7,17,14,16,TOEFL,80,,,,,23,25,C1,intermediate|advanced,intermediate|advanced,cambridge_22_25_intermediate_advanced,4,19,random,,168.26390075683594,707.1181030273438,188.26390075683594,781.1111602783203,2,1,,,,,,,,,,,,2026-08-24T17:16:23.220Z,YVYMAZEH,2026-08-24,2026-08-24,13:16:23,2026-08-24 13:16:23,,,,,,,,6983fa3a644fcca4e5fd8b3b,6983fa3a644fcca4e5fd8b3b,,,,
7088,raw_position_sample,2,2,int,26,3,8,9,14, personal ,722,167,4417173.7,6983fa3a644fcca4e5fd8b3b,6983fa3a644fcca4e5fd8b3b,intermediate,3,6983fa3a644fcca4e5fd8b3b,6983fa3a644fcca4e5fd8b3b,spotlight_PROLIFIC,,36,Chile,Spanish,"Spanish, English",,Spanish:70|English:30,100,Spanish:70|English:30,100,Spanish:80|English:20,100,18,6,Bachelor's,10,10,10,6,8,9,7,17,14,16,TOEFL,80,,,,,23,25,C1,intermediate|advanced,intermediate|advanced,cambridge_22_25_intermediate_advanced,4,19,random,,168.26390075683594,707.1181030273438,188.26390075683594,781.1111602783203,2,1,,,,,,,,,,,,2026-08-24T17:16:23.220Z,YVYMAZEH,2026-08-24,2026-08-24,13:16:23,2026-08-24 13:16:23,,,,,,,,6983fa3a644fcca4e5fd8b3b,6983fa3a644fcca4e5fd8b3b,,,,
7138,raw_position_sample,2,2,int,26,3,8,9,14, personal ,711,174,4417223.600000001,6983fa3a644fcca4e5fd8b3b,6983fa3a644fcca4e5fd8b3b,intermediate,3,6983fa3a644fcca4e5fd8b3b,6983fa3a644fcca4e5fd8b3b,spotlight_PROLIFIC,,36,Chile,Spanish,"Spanish, English",,Spanish:70|English:30,100,Spanish:70|English:30,100,Spanish:80|English:20,100,18,6,Bachelor's,10,10,10,6,8,9,7,17,14,16,TOEFL,80,,,,,23,25,C1,intermediate|advanced,intermediate|advanced,cambridge_22_25_intermediate_advanced,4,19,random,,168.26390075683594,707.1181030273438,188.26390075683594,781.1111602783203,2,1,,,,,,,,,,,,2026-08-24T17:16:23.220Z,YVYMAZEH,2026-08-24,2026-08-24,13:16:23,2026-08-24 13:16:23,,,,,,,,6983fa3a644fcca4e5fd8b3b,6983fa3a644fcca4e5fd8b3b,,,,
7188,raw_position_sample,2,2,int,26,3,8,9,14, personal ,707,178,4417273.7,6983fa3a644fcca4e5fd8b3b,6983fa3a644fcca4e5fd8b3b,intermediate,3,6983fa3a644fcca4e5fd8b3b,6983fa3a644fcca4e5fd8b3b,spotlight_PROLIFIC,,36,Chile,Spanish,"Spanish, English",,Spanish:70|English:30,100,Spanish:70|English:30,100,Spanish:80|English:20,100,18,6,Bachelor's,10,10,10,6,8,9,7,17,14,16,TOEFL,80,,,,,23,25,C1,intermediate|advanced,intermediate|advanced,cambridge_22_25_intermediate_advanced,4,19,random,,168.26390075683594,707.1181030273438,188.26390075683594,781.1111602783203,2,1,,,,,,,,,,,,2026-08-24T17:16:23.220Z,YVYMAZEH,2026-08-24,2026-08-24,13:16:23,2026-08-24 13:16:23,,,,,,,,6983fa3a644fcca4e5fd8b3b,6983fa3a644fcca4e5fd8b3b,,,,
7238,raw_position_sample,2,2,int,26,3,8,9,14, personal ,710,185,4417323.7,6983fa3a644fcca4e5fd8b3b,6983fa3a644fcca4e5fd8b3b,intermediate,3,6983fa3a644fcca4e5fd8b3b,6983fa3a644fcca4e5fd8b3b,spotlight_PROLIFIC,,36,Chile,Spanish,"Spanish, English",,Spanish:70|English:30,100,Spanish:70|English:30,100,Spanish:80|English:20,100,18,6,Bachelor's,10,10,10,6,8,9,7,17,14,16,TOEFL,80,,,,,23,25,C1,intermediate|advanced,intermediate|advanced,cambridge_22_25_intermediate_advanced,4,19,random,,168.26390075683594,707.1181030273438,188.26390075683594,781.1111602783203,2,1,,,,,,,,,,,,2026-08-24T17:16:23.220Z,YVYMAZEH,2026-08-24,2026-08-24,13:16:23,2026-08-24 13:16:23,,,,,,,,6983fa3a644fcca4e5fd8b3b,6983fa3a644fcca4e5fd8b3b,,,,
7288,raw_position_sample,2,2,int,26,3,8,9,14, personal ,715,191,4417373.7,6983fa3a644fcca4e5fd8b3b,6983fa3a644fcca4e5fd8b3b,intermediate,3,6983fa3a644fcca4e5fd8b3b,6983fa3a644fcca4e5fd8b3b,spotlight_PROLIFIC,,36,Chile,Spanish,"Spanish, English",,Spanish:70|English:30,100,Spanish:70|English:30,100,Spanish:80|English:20,100,18,6,Bachelor's,10,10,10,6,8,9,7,17,14,16,TOEFL,80,,,,,23,25,C1,intermediate|advanced,intermediate|advanced,cambridge_22_25_intermediate_advanced,4,19,random,,168.26390075683594,707.1181030273438,188.26390075683594,781.1111602783203,2,1,,,,,,,,,,,,2026-08-24T17:16:23.220Z,YVYMAZEH,2026-08-24,2026-08-24,13:16:23,2026-08-24 13:16:23,,,,,,,,6983fa3a644fcca4e5fd8b3b,6983fa3a644fcca4e5fd8b3b,,,,
7338,raw_position_sample,2,2,int,26,3,8,9,14, personal ,717,191,4417423.7,6983fa3a644fcca4e5fd8b3b,6983fa3a644fcca4e5fd8b3b,intermediate,3,6983fa3a644fcca4e5fd8b3b,6983fa3a644fcca4e5fd8b3b,spotlight_PROLIFIC,,36,Chile,Spanish,"Spanish, English",,Spanish:70|English:30,100,Spanish:70|English:30,100,Spanish:80|English:20,100,18,6,Bachelor's,10,10,10,6,8,9,7,17,14,16,TOEFL,80,,,,,23,25,C1,intermediate|advanced,intermediate|advanced,cambridge_22_25_intermediate_advanced,4,19,random,,168.26390075683594,707.1181030273438,188.26390075683594,781.1111602783203,2,1,,,,,,,,,,,,2026-08-24T17:16:23.220Z,YVYMAZEH,2026-08-24,2026-08-24,13:16:23,2026-08-24 13:16:23,,,,,,,,6983fa3a644fcca4e5fd8b3b,6983fa3a644fcca4e5fd8b3b,,,,
7388,raw_position_sample,2,2,int,26,3,8,9,14, personal ,717,191,4417473.7,6983fa3a644fcca4e5fd8b3b,6983fa3a644fcca4e5fd8b3b,intermediate,3,6983fa3a644fcca4e5fd8b3b,6983fa3a644fcca4e5fd8b3b,spotlight_PROLIFIC,,36,Chile,Spanish,"Spanish, English",,Spanish:70|English:30,100,Spanish:70|English:30,100,Spanish:80|English:20,100,18,6,Bachelor's,10,10,10,6,8,9,7,17,14,16,TOEFL,80,,,,,23,25,C1,intermediate|advanced,intermediate|advanced,cambridge_22_25_intermediate_advanced,4,19,random,,168.26390075683594,707.1181030273438,188.26390075683594,781.1111602783203,2,1,,,,,,,,,,,,2026-08-24T17:16:23.220Z,YVYMAZEH,2026-08-24,2026-08-24,13:16:23,2026-08-24 13:16:23,,,,,,,,6983fa3a644fcca4e5fd8b3b,6983fa3a644fcca4e5fd8b3b,,,,
7438,raw_position_sample,2,2,int,26,3,8,9,14, personal ,718,191,4417523.8,6983fa3a644fcca4e5fd8b3b,6983fa3a644fcca4e5fd8b3b,intermediate,3,6983fa3a644fcca4e5fd8b3b,6983fa3a644fcca4e5fd8b3b,spotlight_PROLIFIC,,36,Chile,Spanish,"Spanish, English",,Spanish:70|English:30,100,Spanish:70|English:30,100,Spanish:80|English:20,100,18,6,Bachelor's,10,10,10,6,8,9,7,17,14,16,TOEFL,80,,,,,23,25,C1,intermediate|advanced,intermediate|advanced,cambridge_22_25_intermediate_advanced,4,19,random,,168.26390075683594,707.1181030273438,188.26390075683594,781.1111602783203,2,1,,,,,,,,,,,,2026-08-24T17:16:23.220Z,YVYMAZEH,2026-08-24,2026-08-24,13:16:23,2026-08-24 13:16:23,,,,,,,,6983fa3a644fcca4e5fd8b3b,6983fa3a644fcca4e5fd8b3b,,,,
7488,raw_position_sample,2,2,int,26,3,8,9,14, personal ,725,191,4417573.7,6983fa3a644fcca4e5fd8b3b,6983fa3a644fcca4e5fd8b3b,intermediate,3,6983fa3a644fcca4e5fd8b3b,6983fa3a644fcca4e5fd8b3b,spotlight_PROLIFIC,,36,Chile,Spanish,"Spanish, English",,Spanish:70|English:30,100,Spanish:70|English:30,100,Spanish:80|English:20,100,18,6,Bachelor's,10,10,10,6,8,9,7,17,14,16,TOEFL,80,,,,,23,25,C1,intermediate|advanced,intermediate|advanced,cambridge_22_25_intermediate_advanced,4,19,random,,168.26390075683594,707.1181030273438,188.26390075683594,781.1111602783203,2,1,,,,,,,,,,,,2026-08-24T17:16:23.220Z,YVYMAZEH,2026-08-24,2026-08-24,13:16:23,2026-08-24 13:16:23,,,,,,,,6983fa3a644fcca4e5fd8b3b,6983fa3a644fcca4e5fd8b3b,,,,
7538,raw_position_sample,2,2,int,26,3,8,9,14, personal ,735,186,4417623.600000001,6983fa3a644fcca4e5fd8b3b,6983fa3a644fcca4e5fd8b3b,intermediate,3,6983fa3a644fcca4e5fd8b3b,6983fa3a644fcca4e5fd8b3b,spotlight_PROLIFIC,,36,Chile,Spanish,"Spanish, English",,Spanish:70|English:30,100,Spanish:70|English:30,100,Spanish:80|English:20,100,18,6,Bachelor's,10,10,10,6,8,9,7,17,14,16,TOEFL,80,,,,,23,25,C1,intermediate|advanced,intermediate|advanced,cambridge_22_25_intermediate_advanced,4,19,random,,168.26390075683594,707.1181030273438,188.26390075683594,781.1111602783203,2,1,,,,,,,,,,,,2026-08-24T17:16:23.220Z,YVYMAZEH,2026-08-24,2026-08-24,13:16:23,2026-08-24 13:16:23,,,,,,,,6983fa3a644fcca4e5fd8b3b,6983fa3a644fcca4e5fd8b3b,,,,
7591,raw_position_sample,2,2,int,26,3,8,9,14, personal ,744,186,4417676.899999999,6983fa3a644fcca4e5fd8b3b,6983fa3a644fcca4e5fd8b3b,intermediate,3,6983fa3a644fcca4e5fd8b3b,6983fa3a644fcca4e5fd8b3b,spotlight_PROLIFIC,,36,Chile,Spanish,"Spanish, English",,Spanish:70|English:30,100,Spanish:70|English:30,100,Spanish:80|English:20,100,18,6,Bachelor's,10,10,10,6,8,9,7,17,14,16,TOEFL,80,,,,,23,25,C1,intermediate|advanced,intermediate|advanced,cambridge_22_25_intermediate_advanced,4,19,random,,168.26390075683594,707.1181030273438,188.26390075683594,781.1111602783203,2,1,,,,,,,,,,,,2026-08-24T17:16:23.220Z,YVYMAZEH,2026-08-24,2026-08-24,13:16:23,2026-08-24 13:16:23,,,,,,,,6983fa3a644fcca4e5fd8b3b,6983fa3a644fcca4e5fd8b3b,,,,
7639,raw_position_sample,2,2,int,26,3,8,9,14, personal ,751,185,4417724.2,6983fa3a644fcca4e5fd8b3b,6983fa3a644fcca4e5fd8b3b,intermediate,3,6983fa3a644fcca4e5fd8b3b,6983fa3a644fcca4e5fd8b3b,spotlight_PROLIFIC,,36,Chile,Spanish,"Spanish, English",,Spanish:70|English:30,100,Spanish:70|English:30,100,Spanish:80|English:20,100,18,6,Bachelor's,10,10,10,6,8,9,7,17,14,16,TOEFL,80,,,,,23,25,C1,intermediate|advanced,intermediate|advanced,cambridge_22_25_intermediate_advanced,4,19,random,,168.26390075683594,707.1181030273438,188.26390075683594,781.1111602783203,2,1,,,,,,,,,,,,2026-08-24T17:16:23.220Z,YVYMAZEH,2026-08-24,2026-08-24,13:16:23,2026-08-24 13:16:23,,,,,,,,6983fa3a644fcca4e5fd8b3b,6983fa3a644fcca4e5fd8b3b,,,,
7688,raw_position_sample,2,2,int,26,3,8,9,14, personal ,756,185,4417773.600000001,6983fa3a644fcca4e5fd8b3b,6983fa3a644fcca4e5fd8b3b,intermediate,3,6983fa3a644fcca4e5fd8b3b,6983fa3a644fcca4e5fd8b3b,spotlight_PROLIFIC,,36,Chile,Spanish,"Spanish, English",,Spanish:70|English:30,100,Spanish:70|English:30,100,Spanish:80|English:20,100,18,6,Bachelor's,10,10,10,6,8,9,7,17,14,16,TOEFL,80,,,,,23,25,C1,intermediate|advanced,intermediate|advanced,cambridge_22_25_intermediate_advanced,4,19,random,,168.26390075683594,707.1181030273438,188.26390075683594,781.1111602783203,2,1,,,,,,,,,,,,2026-08-24T17:16:23.220Z,YVYMAZEH,2026-08-24,2026-08-24,13:16:23,2026-08-24 13:16:23,,,,,,,,6983fa3a644fcca4e5fd8b3b,6983fa3a644fcca4e5fd8b3b,,,,
7738,raw_position_sample,2,2,int,26,3,8,9,14, personal ,761,185,4417823.600000001,6983fa3a644fcca4e5fd8b3b,6983fa3a644fcca4e5fd8b3b,intermediate,3,6983fa3a644fcca4e5fd8b3b,6983fa3a644fcca4e5fd8b3b,spotlight_PROLIFIC,,36,Chile,Spanish,"Spanish, English",,Spanish:70|English:30,100,Spanish:70|English:30,100,Spanish:80|English:20,100,18,6,Bachelor's,10,10,10,6,8,9,7,17,14,16,TOEFL,80,,,,,23,25,C1,intermediate|advanced,intermediate|advanced,cambridge_22_25_intermediate_advanced,4,19,random,,168.26390075683594,707.1181030273438,188.26390075683594,781.1111602783203,2,1,,,,,,,,,,,,2026-08-24T17:16:23.220Z,YVYMAZEH,2026-08-24,2026-08-24,13:16:23,2026-08-24 13:16:23,,,,,,,,6983fa3a644fcca4e5fd8b3b,6983fa3a644fcca4e5fd8b3b,,,,
7792,raw_position_sample,2,2,int,26,3,8,9,14, personal ,766,185,4417877.7,6983fa3a644fcca4e5fd8b3b,6983fa3a644fcca4e5fd8b3b,intermediate,3,6983fa3a644fcca4e5fd8b3b,6983fa3a644fcca4e5fd8b3b,spotlight_PROLIFIC,,36,Chile,Spanish,"Spanish, English",,Spanish:70|English:30,100,Spanish:70|English:30,100,Spanish:80|English:20,100,18,6,Bachelor's,10,10,10,6,8,9,7,17,14,16,TOEFL,80,,,,,23,25,C1,intermediate|advanced,intermediate|advanced,cambridge_22_25_intermediate_advanced,4,19,random,,168.26390075683594,707.1181030273438,188.26390075683594,781.1111602783203,2,1,,,,,,,,,,,,2026-08-24T17:16:23.220Z,YVYMAZEH,2026-08-24,2026-08-24,13:16:23,2026-08-24 13:16:23,,,,,,,,6983fa3a644fcca4e5fd8b3b,6983fa3a644fcca4e5fd8b3b,,,,
7839,raw_position_sample,2,2,int,26,3,8,9,14, personal ,771,185,4417924.399999999,6983fa3a644fcca4e5fd8b3b,6983fa3a644fcca4e5fd8b3b,intermediate,3,6983fa3a644fcca4e5fd8b3b,6983fa3a644fcca4e5fd8b3b,spotlight_PROLIFIC,,36,Chile,Spanish,"Spanish, English",,Spanish:70|English:30,100,Spanish:70|English:30,100,Spanish:80|English:20,100,18,6,Bachelor's,10,10,10,6,8,9,7,17,14,16,TOEFL,80,,,,,23,25,C1,intermediate|advanced,intermediate|advanced,cambridge_22_25_intermediate_advanced,4,19,random,,168.26390075683594,707.1181030273438,188.26390075683594,781.1111602783203,2,1,,,,,,,,,,,,2026-08-24T17:16:23.220Z,YVYMAZEH,2026-08-24,2026-08-24,13:16:23,2026-08-24 13:16:23,,,,,,,,6983fa3a644fcca4e5fd8b3b,6983fa3a644fcca4e5fd8b3b,,,,
7888,raw_position_sample,2,2,int,26,3,8,9,14, personal ,778,185,4417973.899999999,6983fa3a644fcca4e5fd8b3b,6983fa3a644fcca4e5fd8b3b,intermediate,3,6983fa3a644fcca4e5fd8b3b,6983fa3a644fcca4e5fd8b3b,spotlight_PROLIFIC,,36,Chile,Spanish,"Spanish, English",,Spanish:70|English:30,100,Spanish:70|English:30,100,Spanish:80|English:20,100,18,6,Bachelor's,10,10,10,6,8,9,7,17,14,16,TOEFL,80,,,,,23,25,C1,intermediate|advanced,intermediate|advanced,cambridge_22_25_intermediate_advanced,4,19,random,,168.26390075683594,707.1181030273438,188.26390075683594,781.1111602783203,2,1,,,,,,,,,,,,2026-08-24T17:16:23.220Z,YVYMAZEH,2026-08-24,2026-08-24,13:16:23,2026-08-24 13:16:23,,,,,,,,6983fa3a644fcca4e5fd8b3b,6983fa3a644fcca4e5fd8b3b,,,,
7904,hover_association,2,2,int,26,3,8,9,14, personal ,742,161,,6983fa3a644fcca4e5fd8b3b,6983fa3a644fcca4e5fd8b3b,intermediate,3,6983fa3a644fcca4e5fd8b3b,6983fa3a644fcca4e5fd8b3b,spotlight_PROLIFIC,,36,Chile,Spanish,"Spanish, English",,Spanish:70|English:30,100,Spanish:70|English:30,100,Spanish:80|English:20,100,18,6,Bachelor's,10,10,10,6,8,9,7,17,14,16,TOEFL,80,,,,,23,25,C1,intermediate|advanced,intermediate|advanced,cambridge_22_25_intermediate_advanced,4,19,random,,158.26390075683594,703.3681027889252,198.26390075683594,781.1111526489258,2,1,hover,872.5,872.5,0.9985702561306001,0.6684024810791016,81,,,,,,2026-08-24T17:16:23.220Z,YVYMAZEH,2026-08-24,2026-08-24,13:16:23,2026-08-24 13:16:23,,,,,,,,6983fa3a644fcca4e5fd8b3b,6983fa3a644fcca4e5fd8b3b,,,,
7938,raw_position_sample,2,2,int,26,3,8,9,15, safety ,784,185,4418023.7,6983fa3a644fcca4e5fd8b3b,6983fa3a644fcca4e5fd8b3b,intermediate,3,6983fa3a644fcca4e5fd8b3b,6983fa3a644fcca4e5fd8b3b,spotlight_PROLIFIC,,36,Chile,Spanish,"Spanish, English",,Spanish:70|English:30,100,Spanish:70|English:30,100,Spanish:80|English:20,100,18,6,Bachelor's,10,10,10,6,8,9,7,17,14,16,TOEFL,80,,,,,23,25,C1,intermediate|advanced,intermediate|advanced,cambridge_22_25_intermediate_advanced,4,19,random,,168.26390075683594,781.1111450195312,188.26390075683594,834.0972595214844,2,2,,,,,,,,,,,,2026-08-24T17:16:23.220Z,YVYMAZEH,2026-08-24,2026-08-24,13:16:23,2026-08-24 13:16:23,,,,,,,,6983fa3a644fcca4e5fd8b3b,6983fa3a644fcca4e5fd8b3b,,,,
7990,raw_position_sample,2,2,int,26,3,8,9,15, safety ,788,185,4418075.2,6983fa3a644fcca4e5fd8b3b,6983fa3a644fcca4e5fd8b3b,intermediate,3,6983fa3a644fcca4e5fd8b3b,6983fa3a644fcca4e5fd8b3b,spotlight_PROLIFIC,,36,Chile,Spanish,"Spanish, English",,Spanish:70|English:30,100,Spanish:70|English:30,100,Spanish:80|English:20,100,18,6,Bachelor's,10,10,10,6,8,9,7,17,14,16,TOEFL,80,,,,,23,25,C1,intermediate|advanced,intermediate|advanced,cambridge_22_25_intermediate_advanced,4,19,random,,168.26390075683594,781.1111450195312,188.26390075683594,834.0972595214844,2,2,,,,,,,,,,,,2026-08-24T17:16:23.220Z,YVYMAZEH,2026-08-24,2026-08-24,13:16:23,2026-08-24 13:16:23,,,,,,,,6983fa3a644fcca4e5fd8b3b,6983fa3a644fcca4e5fd8b3b,,,,
8038,raw_position_sample,2,2,int,26,3,8,9,15, safety ,791,185,4418123.8,6983fa3a644fcca4e5fd8b3b,6983fa3a644fcca4e5fd8b3b,intermediate,3,6983fa3a644fcca4e5fd8b3b,6983fa3a644fcca4e5fd8b3b,spotlight_PROLIFIC,,36,Chile,Spanish,"Spanish, English",,Spanish:70|English:30,100,Spanish:70|English:30,100,Spanish:80|English:20,100,18,6,Bachelor's,10,10,10,6,8,9,7,17,14,16,TOEFL,80,,,,,23,25,C1,intermediate|advanced,intermediate|advanced,cambridge_22_25_intermediate_advanced,4,19,random,,168.26390075683594,781.1111450195312,188.26390075683594,834.0972595214844,2,2,,,,,,,,,,,,2026-08-24T17:16:23.220Z,YVYMAZEH,2026-08-24,2026-08-24,13:16:23,2026-08-24 13:16:23,,,,,,,,6983fa3a644fcca4e5fd8b3b,6983fa3a644fcca4e5fd8b3b,,,,
8088,raw_position_sample,2,2,int,26,3,8,9,15, safety ,793,185,4418173.7,6983fa3a644fcca4e5fd8b3b,6983fa3a644fcca4e5fd8b3b,intermediate,3,6983fa3a644fcca4e5fd8b3b,6983fa3a644fcca4e5fd8b3b,spotlight_PROLIFIC,,36,Chile,Spanish,"Spanish, English",,Spanish:70|English:30,100,Spanish:70|English:30,100,Spanish:80|English:20,100,18,6,Bachelor's,10,10,10,6,8,9,7,17,14,16,TOEFL,80,,,,,23,25,C1,intermediate|advanced,intermediate|advanced,cambridge_22_25_intermediate_advanced,4,19,random,,168.26390075683594,781.1111450195312,188.26390075683594,834.0972595214844,2,2,,,,,,,,,,,,2026-08-24T17:16:23.220Z,YVYMAZEH,2026-08-24,2026-08-24,13:16:23,2026-08-24 13:16:23,,,,,,,,6983fa3a644fcca4e5fd8b3b,6983fa3a644fcca4e5fd8b3b,,,,
8138,raw_position_sample,2,2,int,26,3,8,9,15, safety ,797,185,4418223.600000001,6983fa3a644fcca4e5fd8b3b,6983fa3a644fcca4e5fd8b3b,intermediate,3,6983fa3a644fcca4e5fd8b3b,6983fa3a644fcca4e5fd8b3b,spotlight_PROLIFIC,,36,Chile,Spanish,"Spanish, English",,Spanish:70|English:30,100,Spanish:70|English:30,100,Spanish:80|English:20,100,18,6,Bachelor's,10,10,10,6,8,9,7,17,14,16,TOEFL,80,,,,,23,25,C1,intermediate|advanced,intermediate|advanced,cambridge_22_25_intermediate_advanced,4,19,random,,168.26390075683594,781.1111450195312,188.26390075683594,834.0972595214844,2,2,,,,,,,,,,,,2026-08-24T17:16:23.220Z,YVYMAZEH,2026-08-24,2026-08-24,13:16:23,2026-08-24 13:16:23,,,,,,,,6983fa3a644fcca4e5fd8b3b,6983fa3a644fcca4e5fd8b3b,,,,
8188,raw_position_sample,2,2,int,26,3,8,9,15, safety ,801,185,4418273.600000001,6983fa3a644fcca4e5fd8b3b,6983fa3a644fcca4e5fd8b3b,intermediate,3,6983fa3a644fcca4e5fd8b3b,6983fa3a644fcca4e5fd8b3b,spotlight_PROLIFIC,,36,Chile,Spanish,"Spanish, English",,Spanish:70|English:30,100,Spanish:70|English:30,100,Spanish:80|English:20,100,18,6,Bachelor's,10,10,10,6,8,9,7,17,14,16,TOEFL,80,,,,,23,25,C1,intermediate|advanced,intermediate|advanced,cambridge_22_25_intermediate_advanced,4,19,random,,168.26390075683594,781.1111450195312,188.26390075683594,834.0972595214844,2,2,,,,,,,,,,,,2026-08-24T17:16:23.220Z,YVYMAZEH,2026-08-24,2026-08-24,13:16:23,2026-08-24 13:16:23,,,,,,,,6983fa3a644fcca4e5fd8b3b,6983fa3a644fcca4e5fd8b3b,,,,
8238,raw_position_sample,2,2,int,26,3,8,9,15, safety ,801,185,4418323.7,6983fa3a644fcca4e5fd8b3b,6983fa3a644fcca4e5fd8b3b,intermediate,3,6983fa3a644fcca4e5fd8b3b,6983fa3a644fcca4e5fd8b3b,spotlight_PROLIFIC,,36,Chile,Spanish,"Spanish, English",,Spanish:70|English:30,100,Spanish:70|English:30,100,Spanish:80|English:20,100,18,6,Bachelor's,10,10,10,6,8,9,7,17,14,16,TOEFL,80,,,,,23,25,C1,intermediate|advanced,intermediate|advanced,cambridge_22_25_intermediate_advanced,4,19,random,,168.26390075683594,781.1111450195312,188.26390075683594,834.0972595214844,2,2,,,,,,,,,,,,2026-08-24T17:16:23.220Z,YVYMAZEH,2026-08-24,2026-08-24,13:16:23,2026-08-24 13:16:23,,,,,,,,6983fa3a644fcca4e5fd8b3b,6983fa3a644fcca4e5fd8b3b,,,,
8289,raw_position_sample,2,2,int,26,3,8,9,15, safety ,801,185,4418374.100000001,6983fa3a644fcca4e5fd8b3b,6983fa3a644fcca4e5fd8b3b,intermediate,3,6983fa3a644fcca4e5fd8b3b,6983fa3a644fcca4e5fd8b3b,spotlight_PROLIFIC,,36,Chile,Spanish,"Spanish, English",,Spanish:70|English:30,100,Spanish:70|English:30,100,Spanish:80|English:20,100,18,6,Bachelor's,10,10,10,6,8,9,7,17,14,16,TOEFL,80,,,,,23,25,C1,intermediate|advanced,intermediate|advanced,cambridge_22_25_intermediate_advanced,4,19,random,,168.26390075683594,781.1111450195312,188.26390075683594,834.0972595214844,2,2,,,,,,,,,,,,2026-08-24T17:16:23.220Z,YVYMAZEH,2026-08-24,2026-08-24,13:16:23,2026-08-24 13:16:23,,,,,,,,6983fa3a644fcca4e5fd8b3b,6983fa3a644fcca4e5fd8b3b,,,,
8338,raw_position_sample,2,2,int,26,3,8,9,15, safety ,801,185,4418424.000000001,6983fa3a644fcca4e5fd8b3b,6983fa3a644fcca4e5fd8b3b,intermediate,3,6983fa3a644fcca4e5fd8b3b,6983fa3a644fcca4e5fd8b3b,spotlight_PROLIFIC,,36,Chile,Spanish,"Spanish, English",,Spanish:70|English:30,100,Spanish:70|English:30,100,Spanish:80|English:20,100,18,6,Bachelor's,10,10,10,6,8,9,7,17,14,16,TOEFL,80,,,,,23,25,C1,intermediate|advanced,intermediate|advanced,cambridge_22_25_intermediate_advanced,4,19,random,,168.26390075683594,781.1111450195312,188.26390075683594,834.0972595214844,2,2,,,,,,,,,,,,2026-08-24T17:16:23.220Z,YVYMAZEH,2026-08-24,2026-08-24,13:16:23,2026-08-24 13:16:23,,,,,,,,6983fa3a644fcca4e5fd8b3b,6983fa3a644fcca4e5fd8b3b,,,,
8388,raw_position_sample,2,2,int,26,3,8,9,15, safety ,801,185,4418473.8,6983fa3a644fcca4e5fd8b3b,6983fa3a644fcca4e5fd8b3b,intermediate,3,6983fa3a644fcca4e5fd8b3b,6983fa3a644fcca4e5fd8b3b,spotlight_PROLIFIC,,36,Chile,Spanish,"Spanish, English",,Spanish:70|English:30,100,Spanish:70|English:30,100,Spanish:80|English:20,100,18,6,Bachelor's,10,10,10,6,8,9,7,17,14,16,TOEFL,80,,,,,23,25,C1,intermediate|advanced,intermediate|advanced,cambridge_22_25_intermediate_advanced,4,19,random,,168.26390075683594,781.1111450195312,188.26390075683594,834.0972595214844,2,2,,,,,,,,,,,,2026-08-24T17:16:23.220Z,YVYMAZEH,2026-08-24,2026-08-24,13:16:23,2026-08-24 13:16:23,,,,,,,,6983fa3a644fcca4e5fd8b3b,6983fa3a644fcca4e5fd8b3b,,,,
8438,raw_position_sample,2,2,int,26,3,8,9,15, safety ,801,185,4418523.7,6983fa3a644fcca4e5fd8b3b,6983fa3a644fcca4e5fd8b3b,intermediate,3,6983fa3a644fcca4e5fd8b3b,6983fa3a644fcca4e5fd8b3b,spotlight_PROLIFIC,,36,Chile,Spanish,"Spanish, English",,Spanish:70|English:30,100,Spanish:70|English:30,100,Spanish:80|English:20,100,18,6,Bachelor's,10,10,10,6,8,9,7,17,14,16,TOEFL,80,,,,,23,25,C1,intermediate|advanced,intermediate|advanced,cambridge_22_25_intermediate_advanced,4,19,random,,168.26390075683594,781.1111450195312,188.26390075683594,834.0972595214844,2,2,,,,,,,,,,,,2026-08-24T17:16:23.220Z,YVYMAZEH,2026-08-24,2026-08-24,13:16:23,2026-08-24 13:16:23,,,,,,,,6983fa3a644fcca4e5fd8b3b,6983fa3a644fcca4e5fd8b3b,,,,
8488,raw_position_sample,2,2,int,26,3,8,9,15, safety ,801,185,4418573.7,6983fa3a644fcca4e5fd8b3b,6983fa3a644fcca4e5fd8b3b,intermediate,3,6983fa3a644fcca4e5fd8b3b,6983fa3a644fcca4e5fd8b3b,spotlight_PROLIFIC,,36,Chile,Spanish,"Spanish, English",,Spanish:70|English:30,100,Spanish:70|English:30,100,Spanish:80|English:20,100,18,6,Bachelor's,10,10,10,6,8,9,7,17,14,16,TOEFL,80,,,,,23,25,C1,intermediate|advanced,intermediate|advanced,cambridge_22_25_intermediate_advanced,4,19,random,,168.26390075683594,781.1111450195312,188.26390075683594,834.0972595214844,2,2,,,,,,,,,,,,2026-08-24T17:16:23.220Z,YVYMAZEH,2026-08-24,2026-08-24,13:16:23,2026-08-24 13:16:23,,,,,,,,6983fa3a644fcca4e5fd8b3b,6983fa3a644fcca4e5fd8b3b,,,,
8538,raw_position_sample,2,2,int,26,3,8,9,15, safety ,808,185,4418623.899999999,6983fa3a644fcca4e5fd8b3b,6983fa3a644fcca4e5fd8b3b,intermediate,3,6983fa3a644fcca4e5fd8b3b,6983fa3a644fcca4e5fd8b3b,spotlight_PROLIFIC,,36,Chile,Spanish,"Spanish, English",,Spanish:70|English:30,100,Spanish:70|English:30,100,Spanish:80|English:20,100,18,6,Bachelor's,10,10,10,6,8,9,7,17,14,16,TOEFL,80,,,,,23,25,C1,intermediate|advanced,intermediate|advanced,cambridge_22_25_intermediate_advanced,4,19,random,,168.26390075683594,781.1111450195312,188.26390075683594,834.0972595214844,2,2,,,,,,,,,,,,2026-08-24T17:16:23.220Z,YVYMAZEH,2026-08-24,2026-08-24,13:16:23,2026-08-24 13:16:23,,,,,,,,6983fa3a644fcca4e5fd8b3b,6983fa3a644fcca4e5fd8b3b,,,,
8588,raw_position_sample,2,2,int,26,3,8,9,15, safety ,828,185,4418673.7,6983fa3a644fcca4e5fd8b3b,6983fa3a644fcca4e5fd8b3b,intermediate,3,6983fa3a644fcca4e5fd8b3b,6983fa3a644fcca4e5fd8b3b,spotlight_PROLIFIC,,36,Chile,Spanish,"Spanish, English",,Spanish:70|English:30,100,Spanish:70|English:30,100,Spanish:80|English:20,100,18,6,Bachelor's,10,10,10,6,8,9,7,17,14,16,TOEFL,80,,,,,23,25,C1,intermediate|advanced,intermediate|advanced,cambridge_22_25_intermediate_advanced,4,19,random,,168.26390075683594,781.1111450195312,188.26390075683594,834.0972595214844,2,2,,,,,,,,,,,,2026-08-24T17:16:23.220Z,YVYMAZEH,2026-08-24,2026-08-24,13:16:23,2026-08-24 13:16:23,,,,,,,,6983fa3a644fcca4e5fd8b3b,6983fa3a644fcca4e5fd8b3b,,,,
8603,hover_association,2,2,int,26,3,8,9,15, safety ,782,185,,6983fa3a644fcca4e5fd8b3b,6983fa3a644fcca4e5fd8b3b,intermediate,3,6983fa3a644fcca4e5fd8b3b,6983fa3a644fcca4e5fd8b3b,spotlight_PROLIFIC,,36,Chile,Spanish,"Spanish, English",,Spanish:70|English:30,100,Spanish:70|English:30,100,Spanish:80|English:20,100,18,6,Bachelor's,10,10,10,6,8,9,7,17,14,16,TOEFL,80,,,,,23,25,C1,intermediate|advanced,intermediate|advanced,cambridge_22_25_intermediate_advanced,4,19,random,,158.26390075683594,781.1111526489258,198.26390075683594,834.0972747802734,2,2,hover,699.7999999988824,699.7999999988824,0.9981641460752251,0.6684024810791016,81,,,,,,2026-08-24T17:16:23.220Z,YVYMAZEH,2026-08-24,2026-08-24,13:16:23,2026-08-24 13:16:23,,,,,,,,6983fa3a644fcca4e5fd8b3b,6983fa3a644fcca4e5fd8b3b,,,,
8640,raw_position_sample,2,2,int,26,3,8,9,16, and ,847,184,4418725.899999999,6983fa3a644fcca4e5fd8b3b,6983fa3a644fcca4e5fd8b3b,intermediate,3,6983fa3a644fcca4e5fd8b3b,6983fa3a644fcca4e5fd8b3b,spotlight_PROLIFIC,,36,Chile,Spanish,"Spanish, English",,Spanish:70|English:30,100,Spanish:70|English:30,100,Spanish:80|English:20,100,18,6,Bachelor's,10,10,10,6,8,9,7,17,14,16,TOEFL,80,,,,,23,25,C1,intermediate|advanced,intermediate|advanced,cambridge_22_25_intermediate_advanced,4,19,random,,168.26390075683594,834.0972900390625,188.26390075683594,869.1146545410156,2,3,,,,,,,,,,,,2026-08-24T17:16:23.220Z,YVYMAZEH,2026-08-24,2026-08-24,13:16:23,2026-08-24 13:16:23,,,,,,,,6983fa3a644fcca4e5fd8b3b,6983fa3a644fcca4e5fd8b3b,,,,
8688,raw_position_sample,2,2,int,26,3,8,9,16, and ,863,184,4418773.8,6983fa3a644fcca4e5fd8b3b,6983fa3a644fcca4e5fd8b3b,intermediate,3,6983fa3a644fcca4e5fd8b3b,6983fa3a644fcca4e5fd8b3b,spotlight_PROLIFIC,,36,Chile,Spanish,"Spanish, English",,Spanish:70|English:30,100,Spanish:70|English:30,100,Spanish:80|English:20,100,18,6,Bachelor's,10,10,10,6,8,9,7,17,14,16,TOEFL,80,,,,,23,25,C1,intermediate|advanced,intermediate|advanced,cambridge_22_25_intermediate_advanced,4,19,random,,168.26390075683594,834.0972900390625,188.26390075683594,869.1146545410156,2,3,,,,,,,,,,,,2026-08-24T17:16:23.220Z,YVYMAZEH,2026-08-24,2026-08-24,13:16:23,2026-08-24 13:16:23,,,,,,,,6983fa3a644fcca4e5fd8b3b,6983fa3a644fcca4e5fd8b3b,,,,
8722,hover_association,2,2,int,26,3,8,9,16, and ,837,185,,6983fa3a644fcca4e5fd8b3b,6983fa3a644fcca4e5fd8b3b,intermediate,3,6983fa3a644fcca4e5fd8b3b,6983fa3a644fcca4e5fd8b3b,spotlight_PROLIFIC,,36,Chile,Spanish,"Spanish, English",,Spanish:70|English:30,100,Spanish:70|English:30,100,Spanish:80|English:20,100,18,6,Bachelor's,10,10,10,6,8,9,7,17,14,16,TOEFL,80,,,,,23,25,C1,intermediate|advanced,intermediate|advanced,cambridge_22_25_intermediate_advanced,4,19,random,,158.26390075683594,834.0972747802734,198.26390075683594,869.1146392822266,2,3,hover,118.20000000111759,118.20000000111759,0.9681689556572884,0.6434024810791016,81,,,,,,2026-08-24T17:16:23.220Z,YVYMAZEH,2026-08-24,2026-08-24,13:16:23,2026-08-24 13:16:23,,,,,,,,6983fa3a644fcca4e5fd8b3b,6983fa3a644fcca4e5fd8b3b,,,,
8738,raw_position_sample,2,2,int,26,3,8,9,17, crime. ,873,184,4418823.8,6983fa3a644fcca4e5fd8b3b,6983fa3a644fcca4e5fd8b3b,intermediate,3,6983fa3a644fcca4e5fd8b3b,6983fa3a644fcca4e5fd8b3b,spotlight_PROLIFIC,,36,Chile,Spanish,"Spanish, English",,Spanish:70|English:30,100,Spanish:70|English:30,100,Spanish:80|English:20,100,18,6,Bachelor's,10,10,10,6,8,9,7,17,14,16,TOEFL,80,,,,,23,25,C1,intermediate|advanced,intermediate|advanced,cambridge_22_25_intermediate_advanced,4,19,random,,168.26390075683594,869.1146240234375,188.26390075683594,922.7604598999023,2,4,,,,,,,,,,,,2026-08-24T17:16:23.220Z,YVYMAZEH,2026-08-24,2026-08-24,13:16:23,2026-08-24 13:16:23,,,,,,,,6983fa3a644fcca4e5fd8b3b,6983fa3a644fcca4e5fd8b3b,,,,
8791,raw_position_sample,2,2,int,26,3,8,9,17, crime. ,882,184,4418876.600000001,6983fa3a644fcca4e5fd8b3b,6983fa3a644fcca4e5fd8b3b,intermediate,3,6983fa3a644fcca4e5fd8b3b,6983fa3a644fcca4e5fd8b3b,spotlight_PROLIFIC,,36,Chile,Spanish,"Spanish, English",,Spanish:70|English:30,100,Spanish:70|English:30,100,Spanish:80|English:20,100,18,6,Bachelor's,10,10,10,6,8,9,7,17,14,16,TOEFL,80,,,,,23,25,C1,intermediate|advanced,intermediate|advanced,cambridge_22_25_intermediate_advanced,4,19,random,,168.26390075683594,869.1146240234375,188.26390075683594,922.7604598999023,2,4,,,,,,,,,,,,2026-08-24T17:16:23.220Z,YVYMAZEH,2026-08-24,2026-08-24,13:16:23,2026-08-24 13:16:23,,,,,,,,6983fa3a644fcca4e5fd8b3b,6983fa3a644fcca4e5fd8b3b,,,,
8840,raw_position_sample,2,2,int,26,3,8,9,17, crime. ,886,184,4418925.100000001,6983fa3a644fcca4e5fd8b3b,6983fa3a644fcca4e5fd8b3b,intermediate,3,6983fa3a644fcca4e5fd8b3b,6983fa3a644fcca4e5fd8b3b,spotlight_PROLIFIC,,36,Chile,Spanish,"Spanish, English",,Spanish:70|English:30,100,Spanish:70|English:30,100,Spanish:80|English:20,100,18,6,Bachelor's,10,10,10,6,8,9,7,17,14,16,TOEFL,80,,,,,23,25,C1,intermediate|advanced,intermediate|advanced,cambridge_22_25_intermediate_advanced,4,19,random,,168.26390075683594,869.1146240234375,188.26390075683594,922.7604598999023,2,4,,,,,,,,,,,,2026-08-24T17:16:23.220Z,YVYMAZEH,2026-08-24,2026-08-24,13:16:23,2026-08-24 13:16:23,,,,,,,,6983fa3a644fcca4e5fd8b3b,6983fa3a644fcca4e5fd8b3b,,,,
8888,raw_position_sample,2,2,int,26,3,8,9,17, crime. ,886,184,4418973.7,6983fa3a644fcca4e5fd8b3b,6983fa3a644fcca4e5fd8b3b,intermediate,3,6983fa3a644fcca4e5fd8b3b,6983fa3a644fcca4e5fd8b3b,spotlight_PROLIFIC,,36,Chile,Spanish,"Spanish, English",,Spanish:70|English:30,100,Spanish:70|English:30,100,Spanish:80|English:20,100,18,6,Bachelor's,10,10,10,6,8,9,7,17,14,16,TOEFL,80,,,,,23,25,C1,intermediate|advanced,intermediate|advanced,cambridge_22_25_intermediate_advanced,4,19,random,,168.26390075683594,869.1146240234375,188.26390075683594,922.7604598999023,2,4,,,,,,,,,,,,2026-08-24T17:16:23.220Z,YVYMAZEH,2026-08-24,2026-08-24,13:16:23,2026-08-24 13:16:23,,,,,,,,6983fa3a644fcca4e5fd8b3b,6983fa3a644fcca4e5fd8b3b,,,,
8938,raw_position_sample,2,2,int,26,3,8,9,17, crime. ,886,184,4419023.7,6983fa3a644fcca4e5fd8b3b,6983fa3a644fcca4e5fd8b3b,intermediate,3,6983fa3a644fcca4e5fd8b3b,6983fa3a644fcca4e5fd8b3b,spotlight_PROLIFIC,,36,Chile,Spanish,"Spanish, English",,Spanish:70|English:30,100,Spanish:70|English:30,100,Spanish:80|English:20,100,18,6,Bachelor's,10,10,10,6,8,9,7,17,14,16,TOEFL,80,,,,,23,25,C1,intermediate|advanced,intermediate|advanced,cambridge_22_25_intermediate_advanced,4,19,random,,168.26390075683594,869.1146240234375,188.26390075683594,922.7604598999023,2,4,,,,,,,,,,,,2026-08-24T17:16:23.220Z,YVYMAZEH,2026-08-24,2026-08-24,13:16:23,2026-08-24 13:16:23,,,,,,,,6983fa3a644fcca4e5fd8b3b,6983fa3a644fcca4e5fd8b3b,,,,
8988,raw_position_sample,2,2,int,26,3,8,9,17, crime. ,891,184,4419073.7,6983fa3a644fcca4e5fd8b3b,6983fa3a644fcca4e5fd8b3b,intermediate,3,6983fa3a644fcca4e5fd8b3b,6983fa3a644fcca4e5fd8b3b,spotlight_PROLIFIC,,36,Chile,Spanish,"Spanish, English",,Spanish:70|English:30,100,Spanish:70|English:30,100,Spanish:80|English:20,100,18,6,Bachelor's,10,10,10,6,8,9,7,17,14,16,TOEFL,80,,,,,23,25,C1,intermediate|advanced,intermediate|advanced,cambridge_22_25_intermediate_advanced,4,19,random,,168.26390075683594,869.1146240234375,188.26390075683594,922.7604598999023,2,4,,,,,,,,,,,,2026-08-24T17:16:23.220Z,YVYMAZEH,2026-08-24,2026-08-24,13:16:23,2026-08-24 13:16:23,,,,,,,,6983fa3a644fcca4e5fd8b3b,6983fa3a644fcca4e5fd8b3b,,,,
9040,raw_position_sample,2,2,int,26,3,8,9,17, crime. ,898,184,4419125.3,6983fa3a644fcca4e5fd8b3b,6983fa3a644fcca4e5fd8b3b,intermediate,3,6983fa3a644fcca4e5fd8b3b,6983fa3a644fcca4e5fd8b3b,spotlight_PROLIFIC,,36,Chile,Spanish,"Spanish, English",,Spanish:70|English:30,100,Spanish:70|English:30,100,Spanish:80|English:20,100,18,6,Bachelor's,10,10,10,6,8,9,7,17,14,16,TOEFL,80,,,,,23,25,C1,intermediate|advanced,intermediate|advanced,cambridge_22_25_intermediate_advanced,4,19,random,,168.26390075683594,869.1146240234375,188.26390075683594,922.7604598999023,2,4,,,,,,,,,,,,2026-08-24T17:16:23.220Z,YVYMAZEH,2026-08-24,2026-08-24,13:16:23,2026-08-24 13:16:23,,,,,,,,6983fa3a644fcca4e5fd8b3b,6983fa3a644fcca4e5fd8b3b,,,,
9089,raw_position_sample,2,2,int,26,3,8,9,17, crime. ,907,184,4419174.000000001,6983fa3a644fcca4e5fd8b3b,6983fa3a644fcca4e5fd8b3b,intermediate,3,6983fa3a644fcca4e5fd8b3b,6983fa3a644fcca4e5fd8b3b,spotlight_PROLIFIC,,36,Chile,Spanish,"Spanish, English",,Spanish:70|English:30,100,Spanish:70|English:30,100,Spanish:80|English:20,100,18,6,Bachelor's,10,10,10,6,8,9,7,17,14,16,TOEFL,80,,,,,23,25,C1,intermediate|advanced,intermediate|advanced,cambridge_22_25_intermediate_advanced,4,19,random,,168.26390075683594,869.1146240234375,188.26390075683594,922.7604598999023,2,4,,,,,,,,,,,,2026-08-24T17:16:23.220Z,YVYMAZEH,2026-08-24,2026-08-24,13:16:23,2026-08-24 13:16:23,,,,,,,,6983fa3a644fcca4e5fd8b3b,6983fa3a644fcca4e5fd8b3b,,,,
9138,raw_position_sample,2,2,int,26,3,8,9,17, crime. ,917,184,4419223.7,6983fa3a644fcca4e5fd8b3b,6983fa3a644fcca4e5fd8b3b,intermediate,3,6983fa3a644fcca4e5fd8b3b,6983fa3a644fcca4e5fd8b3b,spotlight_PROLIFIC,,36,Chile,Spanish,"Spanish, English",,Spanish:70|English:30,100,Spanish:70|English:30,100,Spanish:80|English:20,100,18,6,Bachelor's,10,10,10,6,8,9,7,17,14,16,TOEFL,80,,,,,23,25,C1,intermediate|advanced,intermediate|advanced,cambridge_22_25_intermediate_advanced,4,19,random,,168.26390075683594,869.1146240234375,188.26390075683594,922.7604598999023,2,4,,,,,,,,,,,,2026-08-24T17:16:23.220Z,YVYMAZEH,2026-08-24,2026-08-24,13:16:23,2026-08-24 13:16:23,,,,,,,,6983fa3a644fcca4e5fd8b3b,6983fa3a644fcca4e5fd8b3b,,,,
9188,raw_position_sample,2,2,int,26,3,8,9,17, crime. ,922,184,4419273.7,6983fa3a644fcca4e5fd8b3b,6983fa3a644fcca4e5fd8b3b,intermediate,3,6983fa3a644fcca4e5fd8b3b,6983fa3a644fcca4e5fd8b3b,spotlight_PROLIFIC,,36,Chile,Spanish,"Spanish, English",,Spanish:70|English:30,100,Spanish:70|English:30,100,Spanish:80|English:20,100,18,6,Bachelor's,10,10,10,6,8,9,7,17,14,16,TOEFL,80,,,,,23,25,C1,intermediate|advanced,intermediate|advanced,cambridge_22_25_intermediate_advanced,4,19,random,,168.26390075683594,869.1146240234375,188.26390075683594,922.7604598999023,2,4,,,,,,,,,,,,2026-08-24T17:16:23.220Z,YVYMAZEH,2026-08-24,2026-08-24,13:16:23,2026-08-24 13:16:23,,,,,,,,6983fa3a644fcca4e5fd8b3b,6983fa3a644fcca4e5fd8b3b,,,,
9214,hover_association,2,2,int,26,3,8,9,17, crime. ,871,184,,6983fa3a644fcca4e5fd8b3b,6983fa3a644fcca4e5fd8b3b,intermediate,3,6983fa3a644fcca4e5fd8b3b,6983fa3a644fcca4e5fd8b3b,spotlight_PROLIFIC,,36,Chile,Spanish,"Spanish, English",,Spanish:70|English:30,100,Spanish:70|English:30,100,Spanish:80|English:20,100,18,6,Bachelor's,10,10,10,6,8,9,7,17,14,16,TOEFL,80,,,,,23,25,C1,intermediate|advanced,intermediate|advanced,cambridge_22_25_intermediate_advanced,4,19,random,,158.26390075683594,869.1146392822266,198.26390075683594,922.7604484558105,2,4,hover,492.19999999925494,492.19999999925494,0.9858246437601503,0.6434024810791016,81,,,,,,2026-08-24T17:16:23.220Z,YVYMAZEH,2026-08-24,2026-08-24,13:16:23,2026-08-24 13:16:23,,,,,,,,6983fa3a644fcca4e5fd8b3b,6983fa3a644fcca4e5fd8b3b,,,,
9238,raw_position_sample,2,2,int,26,3,8,9,18, The ,923,184,4419323.600000001,6983fa3a644fcca4e5fd8b3b,6983fa3a644fcca4e5fd8b3b,intermediate,3,6983fa3a644fcca4e5fd8b3b,6983fa3a644fcca4e5fd8b3b,spotlight_PROLIFIC,,36,Chile,Spanish,"Spanish, English",,Spanish:70|English:30,100,Spanish:70|English:30,100,Spanish:80|English:20,100,18,6,Bachelor's,10,10,10,6,8,9,7,17,14,16,TOEFL,80,,,,,23,25,C1,intermediate|advanced,intermediate|advanced,cambridge_22_25_intermediate_advanced,4,19,random,,168.26390075683594,922.7604370117188,188.26390075683594,958.7673835754395,2,5,,,,,,,,,,,,2026-08-24T17:16:23.220Z,YVYMAZEH,2026-08-24,2026-08-24,13:16:23,2026-08-24 13:16:23,,,,,,,,6983fa3a644fcca4e5fd8b3b,6983fa3a644fcca4e5fd8b3b,,,,
9288,raw_position_sample,2,2,int,26,3,8,9,18, The ,923,184,4419373.7,6983fa3a644fcca4e5fd8b3b,6983fa3a644fcca4e5fd8b3b,intermediate,3,6983fa3a644fcca4e5fd8b3b,6983fa3a644fcca4e5fd8b3b,spotlight_PROLIFIC,,36,Chile,Spanish,"Spanish, English",,Spanish:70|English:30,100,Spanish:70|English:30,100,Spanish:80|English:20,100,18,6,Bachelor's,10,10,10,6,8,9,7,17,14,16,TOEFL,80,,,,,23,25,C1,intermediate|advanced,intermediate|advanced,cambridge_22_25_intermediate_advanced,4,19,random,,168.26390075683594,922.7604370117188,188.26390075683594,958.7673835754395,2,5,,,,,,,,,,,,2026-08-24T17:16:23.220Z,YVYMAZEH,2026-08-24,2026-08-24,13:16:23,2026-08-24 13:16:23,,,,,,,,6983fa3a644fcca4e5fd8b3b,6983fa3a644fcca4e5fd8b3b,,,,
9338,raw_position_sample,2,2,int,26,3,8,9,18, The ,923,184,4419423.7,6983fa3a644fcca4e5fd8b3b,6983fa3a644fcca4e5fd8b3b,intermediate,3,6983fa3a644fcca4e5fd8b3b,6983fa3a644fcca4e5fd8b3b,spotlight_PROLIFIC,,36,Chile,Spanish,"Spanish, English",,Spanish:70|English:30,100,Spanish:70|English:30,100,Spanish:80|English:20,100,18,6,Bachelor's,10,10,10,6,8,9,7,17,14,16,TOEFL,80,,,,,23,25,C1,intermediate|advanced,intermediate|advanced,cambridge_22_25_intermediate_advanced,4,19,random,,168.26390075683594,922.7604370117188,188.26390075683594,958.7673835754395,2,5,,,,,,,,,,,,2026-08-24T17:16:23.220Z,YVYMAZEH,2026-08-24,2026-08-24,13:16:23,2026-08-24 13:16:23,,,,,,,,6983fa3a644fcca4e5fd8b3b,6983fa3a644fcca4e5fd8b3b,,,,
9388,raw_position_sample,2,2,int,26,3,8,9,18, The ,923,184,4419473.899999999,6983fa3a644fcca4e5fd8b3b,6983fa3a644fcca4e5fd8b3b,intermediate,3,6983fa3a644fcca4e5fd8b3b,6983fa3a644fcca4e5fd8b3b,spotlight_PROLIFIC,,36,Chile,Spanish,"Spanish, English",,Spanish:70|English:30,100,Spanish:70|English:30,100,Spanish:80|English:20,100,18,6,Bachelor's,10,10,10,6,8,9,7,17,14,16,TOEFL,80,,,,,23,25,C1,intermediate|advanced,intermediate|advanced,cambridge_22_25_intermediate_advanced,4,19,random,,168.26390075683594,922.7604370117188,188.26390075683594,958.7673835754395,2,5,,,,,,,,,,,,2026-08-24T17:16:23.220Z,YVYMAZEH,2026-08-24,2026-08-24,13:16:23,2026-08-24 13:16:23,,,,,,,,6983fa3a644fcca4e5fd8b3b,6983fa3a644fcca4e5fd8b3b,,,,
9439,raw_position_sample,2,2,int,26,3,8,9,18, The ,923,184,4419524.100000001,6983fa3a644fcca4e5fd8b3b,6983fa3a644fcca4e5fd8b3b,intermediate,3,6983fa3a644fcca4e5fd8b3b,6983fa3a644fcca4e5fd8b3b,spotlight_PROLIFIC,,36,Chile,Spanish,"Spanish, English",,Spanish:70|English:30,100,Spanish:70|English:30,100,Spanish:80|English:20,100,18,6,Bachelor's,10,10,10,6,8,9,7,17,14,16,TOEFL,80,,,,,23,25,C1,intermediate|advanced,intermediate|advanced,cambridge_22_25_intermediate_advanced,4,19,random,,168.26390075683594,922.7604370117188,188.26390075683594,958.7673835754395,2,5,,,,,,,,,,,,2026-08-24T17:16:23.220Z,YVYMAZEH,2026-08-24,2026-08-24,13:16:23,2026-08-24 13:16:23,,,,,,,,6983fa3a644fcca4e5fd8b3b,6983fa3a644fcca4e5fd8b3b,,,,
9488,raw_position_sample,2,2,int,26,3,8,9,18, The ,923,184,4419573.899999999,6983fa3a644fcca4e5fd8b3b,6983fa3a644fcca4e5fd8b3b,intermediate,3,6983fa3a644fcca4e5fd8b3b,6983fa3a644fcca4e5fd8b3b,spotlight_PROLIFIC,,36,Chile,Spanish,"Spanish, English",,Spanish:70|English:30,100,Spanish:70|English:30,100,Spanish:80|English:20,100,18,6,Bachelor's,10,10,10,6,8,9,7,17,14,16,TOEFL,80,,,,,23,25,C1,intermediate|advanced,intermediate|advanced,cambridge_22_25_intermediate_advanced,4,19,random,,168.26390075683594,922.7604370117188,188.26390075683594,958.7673835754395,2,5,,,,,,,,,,,,2026-08-24T17:16:23.220Z,YVYMAZEH,2026-08-24,2026-08-24,13:16:23,2026-08-24 13:16:23,,,,,,,,6983fa3a644fcca4e5fd8b3b,6983fa3a644fcca4e5fd8b3b,,,,
9538,raw_position_sample,2,2,int,26,3,8,9,18, The ,923,184,4419623.8,6983fa3a644fcca4e5fd8b3b,6983fa3a644fcca4e5fd8b3b,intermediate,3,6983fa3a644fcca4e5fd8b3b,6983fa3a644fcca4e5fd8b3b,spotlight_PROLIFIC,,36,Chile,Spanish,"Spanish, English",,Spanish:70|English:30,100,Spanish:70|English:30,100,Spanish:80|English:20,100,18,6,Bachelor's,10,10,10,6,8,9,7,17,14,16,TOEFL,80,,,,,23,25,C1,intermediate|advanced,intermediate|advanced,cambridge_22_25_intermediate_advanced,4,19,random,,168.26390075683594,922.7604370117188,188.26390075683594,958.7673835754395,2,5,,,,,,,,,,,,2026-08-24T17:16:23.220Z,YVYMAZEH,2026-08-24,2026-08-24,13:16:23,2026-08-24 13:16:23,,,,,,,,6983fa3a644fcca4e5fd8b3b,6983fa3a644fcca4e5fd8b3b,,,,
9588,raw_position_sample,2,2,int,26,3,8,9,18, The ,923,184,4419673.8,6983fa3a644fcca4e5fd8b3b,6983fa3a644fcca4e5fd8b3b,intermediate,3,6983fa3a644fcca4e5fd8b3b,6983fa3a644fcca4e5fd8b3b,spotlight_PROLIFIC,,36,Chile,Spanish,"Spanish, English",,Spanish:70|English:30,100,Spanish:70|English:30,100,Spanish:80|English:20,100,18,6,Bachelor's,10,10,10,6,8,9,7,17,14,16,TOEFL,80,,,,,23,25,C1,intermediate|advanced,intermediate|advanced,cambridge_22_25_intermediate_advanced,4,19,random,,168.26390075683594,922.7604370117188,188.26390075683594,958.7673835754395,2,5,,,,,,,,,,,,2026-08-24T17:16:23.220Z,YVYMAZEH,2026-08-24,2026-08-24,13:16:23,2026-08-24 13:16:23,,,,,,,,6983fa3a644fcca4e5fd8b3b,6983fa3a644fcca4e5fd8b3b,,,,
9638,raw_position_sample,2,2,int,26,3,8,9,18, The ,923,184,4419723.600000001,6983fa3a644fcca4e5fd8b3b,6983fa3a644fcca4e5fd8b3b,intermediate,3,6983fa3a644fcca4e5fd8b3b,6983fa3a644fcca4e5fd8b3b,spotlight_PROLIFIC,,36,Chile,Spanish,"Spanish, English",,Spanish:70|English:30,100,Spanish:70|English:30,100,Spanish:80|English:20,100,18,6,Bachelor's,10,10,10,6,8,9,7,17,14,16,TOEFL,80,,,,,23,25,C1,intermediate|advanced,intermediate|advanced,cambridge_22_25_intermediate_advanced,4,19,random,,168.26390075683594,922.7604370117188,188.26390075683594,958.7673835754395,2,5,,,,,,,,,,,,2026-08-24T17:16:23.220Z,YVYMAZEH,2026-08-24,2026-08-24,13:16:23,2026-08-24 13:16:23,,,,,,,,6983fa3a644fcca4e5fd8b3b,6983fa3a644fcca4e5fd8b3b,,,,
9688,raw_position_sample,2,2,int,26,3,8,9,18, The ,923,184,4419773.7,6983fa3a644fcca4e5fd8b3b,6983fa3a644fcca4e5fd8b3b,intermediate,3,6983fa3a644fcca4e5fd8b3b,6983fa3a644fcca4e5fd8b3b,spotlight_PROLIFIC,,36,Chile,Spanish,"Spanish, English",,Spanish:70|English:30,100,Spanish:70|English:30,100,Spanish:80|English:20,100,18,6,Bachelor's,10,10,10,6,8,9,7,17,14,16,TOEFL,80,,,,,23,25,C1,intermediate|advanced,intermediate|advanced,cambridge_22_25_intermediate_advanced,4,19,random,,168.26390075683594,922.7604370117188,188.26390075683594,958.7673835754395,2,5,,,,,,,,,,,,2026-08-24T17:16:23.220Z,YVYMAZEH,2026-08-24,2026-08-24,13:16:23,2026-08-24 13:16:23,,,,,,,,6983fa3a644fcca4e5fd8b3b,6983fa3a644fcca4e5fd8b3b,,,,
9739,raw_position_sample,2,2,int,26,3,8,9,18, The ,933,184,4419824.000000001,6983fa3a644fcca4e5fd8b3b,6983fa3a644fcca4e5fd8b3b,intermediate,3,6983fa3a644fcca4e5fd8b3b,6983fa3a644fcca4e5fd8b3b,spotlight_PROLIFIC,,36,Chile,Spanish,"Spanish, English",,Spanish:70|English:30,100,Spanish:70|English:30,100,Spanish:80|English:20,100,18,6,Bachelor's,10,10,10,6,8,9,7,17,14,16,TOEFL,80,,,,,23,25,C1,intermediate|advanced,intermediate|advanced,cambridge_22_25_intermediate_advanced,4,19,random,,168.26390075683594,922.7604370117188,188.26390075683594,958.7673835754395,2,5,,,,,,,,,,,,2026-08-24T17:16:23.220Z,YVYMAZEH,2026-08-24,2026-08-24,13:16:23,2026-08-24 13:16:23,,,,,,,,6983fa3a644fcca4e5fd8b3b,6983fa3a644fcca4e5fd8b3b,,,,
9788,raw_position_sample,2,2,int,26,3,8,9,18, The ,937,184,4419873.899999999,6983fa3a644fcca4e5fd8b3b,6983fa3a644fcca4e5fd8b3b,intermediate,3,6983fa3a644fcca4e5fd8b3b,6983fa3a644fcca4e5fd8b3b,spotlight_PROLIFIC,,36,Chile,Spanish,"Spanish, English",,Spanish:70|English:30,100,Spanish:70|English:30,100,Spanish:80|English:20,100,18,6,Bachelor's,10,10,10,6,8,9,7,17,14,16,TOEFL,80,,,,,23,25,C1,intermediate|advanced,intermediate|advanced,cambridge_22_25_intermediate_advanced,4,19,random,,168.26390075683594,922.7604370117188,188.26390075683594,958.7673835754395,2,5,,,,,,,,,,,,2026-08-24T17:16:23.220Z,YVYMAZEH,2026-08-24,2026-08-24,13:16:23,2026-08-24 13:16:23,,,,,,,,6983fa3a644fcca4e5fd8b3b,6983fa3a644fcca4e5fd8b3b,,,,
9839,raw_position_sample,2,2,int,26,3,8,9,18, The ,942,184,4419924.600000001,6983fa3a644fcca4e5fd8b3b,6983fa3a644fcca4e5fd8b3b,intermediate,3,6983fa3a644fcca4e5fd8b3b,6983fa3a644fcca4e5fd8b3b,spotlight_PROLIFIC,,36,Chile,Spanish,"Spanish, English",,Spanish:70|English:30,100,Spanish:70|English:30,100,Spanish:80|English:20,100,18,6,Bachelor's,10,10,10,6,8,9,7,17,14,16,TOEFL,80,,,,,23,25,C1,intermediate|advanced,intermediate|advanced,cambridge_22_25_intermediate_advanced,4,19,random,,168.26390075683594,922.7604370117188,188.26390075683594,958.7673835754395,2,5,,,,,,,,,,,,2026-08-24T17:16:23.220Z,YVYMAZEH,2026-08-24,2026-08-24,13:16:23,2026-08-24 13:16:23,,,,,,,,6983fa3a644fcca4e5fd8b3b,6983fa3a644fcca4e5fd8b3b,,,,
9890,raw_position_sample,2,2,int,26,3,8,9,18, The ,946,183,4419975.000000001,6983fa3a644fcca4e5fd8b3b,6983fa3a644fcca4e5fd8b3b,intermediate,3,6983fa3a644fcca4e5fd8b3b,6983fa3a644fcca4e5fd8b3b,spotlight_PROLIFIC,,36,Chile,Spanish,"Spanish, English",,Spanish:70|English:30,100,Spanish:70|English:30,100,Spanish:80|English:20,100,18,6,Bachelor's,10,10,10,6,8,9,7,17,14,16,TOEFL,80,,,,,23,25,C1,intermediate|advanced,intermediate|advanced,cambridge_22_25_intermediate_advanced,4,19,random,,168.26390075683594,922.7604370117188,188.26390075683594,958.7673835754395,2,5,,,,,,,,,,,,2026-08-24T17:16:23.220Z,YVYMAZEH,2026-08-24,2026-08-24,13:16:23,2026-08-24 13:16:23,,,,,,,,6983fa3a644fcca4e5fd8b3b,6983fa3a644fcca4e5fd8b3b,,,,
9938,raw_position_sample,2,2,int,26,3,8,9,18, The ,954,181,4420023.8,6983fa3a644fcca4e5fd8b3b,6983fa3a644fcca4e5fd8b3b,intermediate,3,6983fa3a644fcca4e5fd8b3b,6983fa3a644fcca4e5fd8b3b,spotlight_PROLIFIC,,36,Chile,Spanish,"Spanish, English",,Spanish:70|English:30,100,Spanish:70|English:30,100,Spanish:80|English:20,100,18,6,Bachelor's,10,10,10,6,8,9,7,17,14,16,TOEFL,80,,,,,23,25,C1,intermediate|advanced,intermediate|advanced,cambridge_22_25_intermediate_advanced,4,19,random,,168.26390075683594,922.7604370117188,188.26390075683594,958.7673835754395,2,5,,,,,,,,,,,,2026-08-24T17:16:23.220Z,YVYMAZEH,2026-08-24,2026-08-24,13:16:23,2026-08-24 13:16:23,,,,,,,,6983fa3a644fcca4e5fd8b3b,6983fa3a644fcca4e5fd8b3b,,,,
9965,hover_association,2,2,int,26,3,8,9,18, The ,923,184,,6983fa3a644fcca4e5fd8b3b,6983fa3a644fcca4e5fd8b3b,intermediate,3,6983fa3a644fcca4e5fd8b3b,6983fa3a644fcca4e5fd8b3b,spotlight_PROLIFIC,,36,Chile,Spanish,"Spanish, English",,Spanish:70|English:30,100,Spanish:70|English:30,100,Spanish:80|English:20,100,18,6,Bachelor's,10,10,10,6,8,9,7,17,14,16,TOEFL,80,,,,,23,25,C1,intermediate|advanced,intermediate|advanced,cambridge_22_25_intermediate_advanced,4,19,random,,158.26390075683594,922.7604484558105,198.26390075683594,958.7673892974854,2,5,hover,750.7000000011176,750.7000000011176,0.9786877396538735,0.5684024810791015,81,,,,,,2026-08-24T17:16:23.220Z,YVYMAZEH,2026-08-24,2026-08-24,13:16:23,2026-08-24 13:16:23,,,,,,,,6983fa3a644fcca4e5fd8b3b,6983fa3a644fcca4e5fd8b3b,,,,
9988,raw_position_sample,2,2,int,26,3,8,9,19, highest ,967,180,4420073.8,6983fa3a644fcca4e5fd8b3b,6983fa3a644fcca4e5fd8b3b,intermediate,3,6983fa3a644fcca4e5fd8b3b,6983fa3a644fcca4e5fd8b3b,spotlight_PROLIFIC,,36,Chile,Spanish,"Spanish, English",,Spanish:70|English:30,100,Spanish:70|English:30,100,Spanish:80|English:20,100,18,6,Bachelor's,10,10,10,6,8,9,7,17,14,16,TOEFL,80,,,,,23,25,C1,intermediate|advanced,intermediate|advanced,cambridge_22_25_intermediate_advanced,4,19,random,,168.26390075683594,958.7673950195312,188.26390075683594,1021.7708702087402,2,6,,,,,,,,,,,,2026-08-24T17:16:23.220Z,YVYMAZEH,2026-08-24,2026-08-24,13:16:23,2026-08-24 13:16:23,,,,,,,,6983fa3a644fcca4e5fd8b3b,6983fa3a644fcca4e5fd8b3b,,,,
10040,raw_position_sample,2,2,int,26,3,8,9,19, highest ,985,177,4420125.899999999,6983fa3a644fcca4e5fd8b3b,6983fa3a644fcca4e5fd8b3b,intermediate,3,6983fa3a644fcca4e5fd8b3b,6983fa3a644fcca4e5fd8b3b,spotlight_PROLIFIC,,36,Chile,Spanish,"Spanish, English",,Spanish:70|English:30,100,Spanish:70|English:30,100,Spanish:80|English:20,100,18,6,Bachelor's,10,10,10,6,8,9,7,17,14,16,TOEFL,80,,,,,23,25,C1,intermediate|advanced,intermediate|advanced,cambridge_22_25_intermediate_advanced,4,19,random,,168.26390075683594,958.7673950195312,188.26390075683594,1021.7708702087402,2,6,,,,,,,,,,,,2026-08-24T17:16:23.220Z,YVYMAZEH,2026-08-24,2026-08-24,13:16:23,2026-08-24 13:16:23,,,,,,,,6983fa3a644fcca4e5fd8b3b,6983fa3a644fcca4e5fd8b3b,,,,
10089,raw_position_sample,2,2,int,26,3,8,9,19, highest ,996,176,4420174.3,6983fa3a644fcca4e5fd8b3b,6983fa3a644fcca4e5fd8b3b,intermediate,3,6983fa3a644fcca4e5fd8b3b,6983fa3a644fcca4e5fd8b3b,spotlight_PROLIFIC,,36,Chile,Spanish,"Spanish, English",,Spanish:70|English:30,100,Spanish:70|English:30,100,Spanish:80|English:20,100,18,6,Bachelor's,10,10,10,6,8,9,7,17,14,16,TOEFL,80,,,,,23,25,C1,intermediate|advanced,intermediate|advanced,cambridge_22_25_intermediate_advanced,4,19,random,,168.26390075683594,958.7673950195312,188.26390075683594,1021.7708702087402,2,6,,,,,,,,,,,,2026-08-24T17:16:23.220Z,YVYMAZEH,2026-08-24,2026-08-24,13:16:23,2026-08-24 13:16:23,,,,,,,,6983fa3a644fcca4e5fd8b3b,6983fa3a644fcca4e5fd8b3b,,,,
10138,raw_position_sample,2,2,int,26,3,8,9,19, highest ,1001,176,4420223.600000001,6983fa3a644fcca4e5fd8b3b,6983fa3a644fcca4e5fd8b3b,intermediate,3,6983fa3a644fcca4e5fd8b3b,6983fa3a644fcca4e5fd8b3b,spotlight_PROLIFIC,,36,Chile,Spanish,"Spanish, English",,Spanish:70|English:30,100,Spanish:70|English:30,100,Spanish:80|English:20,100,18,6,Bachelor's,10,10,10,6,8,9,7,17,14,16,TOEFL,80,,,,,23,25,C1,intermediate|advanced,intermediate|advanced,cambridge_22_25_intermediate_advanced,4,19,random,,168.26390075683594,958.7673950195312,188.26390075683594,1021.7708702087402,2,6,,,,,,,,,,,,2026-08-24T17:16:23.220Z,YVYMAZEH,2026-08-24,2026-08-24,13:16:23,2026-08-24 13:16:23,,,,,,,,6983fa3a644fcca4e5fd8b3b,6983fa3a644fcca4e5fd8b3b,,,,
10188,raw_position_sample,2,2,int,26,3,8,9,19, highest ,1005,176,4420273.7,6983fa3a644fcca4e5fd8b3b,6983fa3a644fcca4e5fd8b3b,intermediate,3,6983fa3a644fcca4e5fd8b3b,6983fa3a644fcca4e5fd8b3b,spotlight_PROLIFIC,,36,Chile,Spanish,"Spanish, English",,Spanish:70|English:30,100,Spanish:70|English:30,100,Spanish:80|English:20,100,18,6,Bachelor's,10,10,10,6,8,9,7,17,14,16,TOEFL,80,,,,,23,25,C1,intermediate|advanced,intermediate|advanced,cambridge_22_25_intermediate_advanced,4,19,random,,168.26390075683594,958.7673950195312,188.26390075683594,1021.7708702087402,2,6,,,,,,,,,,,,2026-08-24T17:16:23.220Z,YVYMAZEH,2026-08-24,2026-08-24,13:16:23,2026-08-24 13:16:23,,,,,,,,6983fa3a644fcca4e5fd8b3b,6983fa3a644fcca4e5fd8b3b,,,,
10239,raw_position_sample,2,2,int,26,3,8,9,19, highest ,1010,176,4420324.3,6983fa3a644fcca4e5fd8b3b,6983fa3a644fcca4e5fd8b3b,intermediate,3,6983fa3a644fcca4e5fd8b3b,6983fa3a644fcca4e5fd8b3b,spotlight_PROLIFIC,,36,Chile,Spanish,"Spanish, English",,Spanish:70|English:30,100,Spanish:70|English:30,100,Spanish:80|English:20,100,18,6,Bachelor's,10,10,10,6,8,9,7,17,14,16,TOEFL,80,,,,,23,25,C1,intermediate|advanced,intermediate|advanced,cambridge_22_25_intermediate_advanced,4,19,random,,168.26390075683594,958.7673950195312,188.26390075683594,1021.7708702087402,2,6,,,,,,,,,,,,2026-08-24T17:16:23.220Z,YVYMAZEH,2026-08-24,2026-08-24,13:16:23,2026-08-24 13:16:23,,,,,,,,6983fa3a644fcca4e5fd8b3b,6983fa3a644fcca4e5fd8b3b,,,,
10288,raw_position_sample,2,2,int,26,3,8,9,19, highest ,1018,176,4420374.000000001,6983fa3a644fcca4e5fd8b3b,6983fa3a644fcca4e5fd8b3b,intermediate,3,6983fa3a644fcca4e5fd8b3b,6983fa3a644fcca4e5fd8b3b,spotlight_PROLIFIC,,36,Chile,Spanish,"Spanish, English",,Spanish:70|English:30,100,Spanish:70|English:30,100,Spanish:80|English:20,100,18,6,Bachelor's,10,10,10,6,8,9,7,17,14,16,TOEFL,80,,,,,23,25,C1,intermediate|advanced,intermediate|advanced,cambridge_22_25_intermediate_advanced,4,19,random,,168.26390075683594,958.7673950195312,188.26390075683594,1021.7708702087402,2,6,,,,,,,,,,,,2026-08-24T17:16:23.220Z,YVYMAZEH,2026-08-24,2026-08-24,13:16:23,2026-08-24 13:16:23,,,,,,,,6983fa3a644fcca4e5fd8b3b,6983fa3a644fcca4e5fd8b3b,,,,
10312,hover_association,2,2,int,26,3,8,9,19, highest ,961,181,,6983fa3a644fcca4e5fd8b3b,6983fa3a644fcca4e5fd8b3b,intermediate,3,6983fa3a644fcca4e5fd8b3b,6983fa3a644fcca4e5fd8b3b,spotlight_PROLIFIC,,36,Chile,Spanish,"Spanish, English",,Spanish:70|English:30,100,Spanish:70|English:30,100,Spanish:80|English:20,100,18,6,Bachelor's,10,10,10,6,8,9,7,17,14,16,TOEFL,80,,,,,23,25,C1,intermediate|advanced,intermediate|advanced,cambridge_22_25_intermediate_advanced,4,19,random,,158.26390075683594,958.7673892974854,198.26390075683594,1021.7708721160889,2,6,hover,347.09999999962747,347.09999999962747,0.987764611072243,0.4434024810791016,81,,,,,,2026-08-24T17:16:23.220Z,YVYMAZEH,2026-08-24,2026-08-24,13:16:23,2026-08-24 13:16:23,,,,,,,,6983fa3a644fcca4e5fd8b3b,6983fa3a644fcca4e5fd8b3b,,,,
10338,raw_position_sample,2,2,int,26,3,8,9,20, ranking ,1026,176,4420423.8,6983fa3a644fcca4e5fd8b3b,6983fa3a644fcca4e5fd8b3b,intermediate,3,6983fa3a644fcca4e5fd8b3b,6983fa3a644fcca4e5fd8b3b,spotlight_PROLIFIC,,36,Chile,Spanish,"Spanish, English",,Spanish:70|English:30,100,Spanish:70|English:30,100,Spanish:80|English:20,100,18,6,Bachelor's,10,10,10,6,8,9,7,17,14,16,TOEFL,80,,,,,23,25,C1,intermediate|advanced,intermediate|advanced,cambridge_22_25_intermediate_advanced,4,19,random,,168.26390075683594,1021.7708740234375,188.26390075683594,1085.763931274414,2,7,,,,,,,,,,,,2026-08-24T17:16:23.220Z,YVYMAZEH,2026-08-24,2026-08-24,13:16:23,2026-08-24 13:16:23,,,,,,,,6983fa3a644fcca4e5fd8b3b,6983fa3a644fcca4e5fd8b3b,,,,
10391,raw_position_sample,2,2,int,26,3,8,9,20, ranking ,1038,176,4420476.3,6983fa3a644fcca4e5fd8b3b,6983fa3a644fcca4e5fd8b3b,intermediate,3,6983fa3a644fcca4e5fd8b3b,6983fa3a644fcca4e5fd8b3b,spotlight_PROLIFIC,,36,Chile,Spanish,"Spanish, English",,Spanish:70|English:30,100,Spanish:70|English:30,100,Spanish:80|English:20,100,18,6,Bachelor's,10,10,10,6,8,9,7,17,14,16,TOEFL,80,,,,,23,25,C1,intermediate|advanced,intermediate|advanced,cambridge_22_25_intermediate_advanced,4,19,random,,168.26390075683594,1021.7708740234375,188.26390075683594,1085.763931274414,2,7,,,,,,,,,,,,2026-08-24T17:16:23.220Z,YVYMAZEH,2026-08-24,2026-08-24,13:16:23,2026-08-24 13:16:23,,,,,,,,6983fa3a644fcca4e5fd8b3b,6983fa3a644fcca4e5fd8b3b,,,,
10440,raw_position_sample,2,2,int,26,3,8,9,20, ranking ,1047,176,4420525.3,6983fa3a644fcca4e5fd8b3b,6983fa3a644fcca4e5fd8b3b,intermediate,3,6983fa3a644fcca4e5fd8b3b,6983fa3a644fcca4e5fd8b3b,spotlight_PROLIFIC,,36,Chile,Spanish,"Spanish, English",,Spanish:70|English:30,100,Spanish:70|English:30,100,Spanish:80|English:20,100,18,6,Bachelor's,10,10,10,6,8,9,7,17,14,16,TOEFL,80,,,,,23,25,C1,intermediate|advanced,intermediate|advanced,cambridge_22_25_intermediate_advanced,4,19,random,,168.26390075683594,1021.7708740234375,188.26390075683594,1085.763931274414,2,7,,,,,,,,,,,,2026-08-24T17:16:23.220Z,YVYMAZEH,2026-08-24,2026-08-24,13:16:23,2026-08-24 13:16:23,,,,,,,,6983fa3a644fcca4e5fd8b3b,6983fa3a644fcca4e5fd8b3b,,,,
10488,raw_position_sample,2,2,int,26,3,8,9,20, ranking ,1055,176,4420573.7,6983fa3a644fcca4e5fd8b3b,6983fa3a644fcca4e5fd8b3b,intermediate,3,6983fa3a644fcca4e5fd8b3b,6983fa3a644fcca4e5fd8b3b,spotlight_PROLIFIC,,36,Chile,Spanish,"Spanish, English",,Spanish:70|English:30,100,Spanish:70|English:30,100,Spanish:80|English:20,100,18,6,Bachelor's,10,10,10,6,8,9,7,17,14,16,TOEFL,80,,,,,23,25,C1,intermediate|advanced,intermediate|advanced,cambridge_22_25_intermediate_advanced,4,19,random,,168.26390075683594,1021.7708740234375,188.26390075683594,1085.763931274414,2,7,,,,,,,,,,,,2026-08-24T17:16:23.220Z,YVYMAZEH,2026-08-24,2026-08-24,13:16:23,2026-08-24 13:16:23,,,,,,,,6983fa3a644fcca4e5fd8b3b,6983fa3a644fcca4e5fd8b3b,,,,
10538,raw_position_sample,2,2,int,26,3,8,9,20, ranking ,1064,176,4420623.600000001,6983fa3a644fcca4e5fd8b3b,6983fa3a644fcca4e5fd8b3b,intermediate,3,6983fa3a644fcca4e5fd8b3b,6983fa3a644fcca4e5fd8b3b,spotlight_PROLIFIC,,36,Chile,Spanish,"Spanish, English",,Spanish:70|English:30,100,Spanish:70|English:30,100,Spanish:80|English:20,100,18,6,Bachelor's,10,10,10,6,8,9,7,17,14,16,TOEFL,80,,,,,23,25,C1,intermediate|advanced,intermediate|advanced,cambridge_22_25_intermediate_advanced,4,19,random,,168.26390075683594,1021.7708740234375,188.26390075683594,1085.763931274414,2,7,,,,,,,,,,,,2026-08-24T17:16:23.220Z,YVYMAZEH,2026-08-24,2026-08-24,13:16:23,2026-08-24 13:16:23,,,,,,,,6983fa3a644fcca4e5fd8b3b,6983fa3a644fcca4e5fd8b3b,,,,
10592,raw_position_sample,2,2,int,26,3,8,9,20, ranking ,1074,176,4420677.2,6983fa3a644fcca4e5fd8b3b,6983fa3a644fcca4e5fd8b3b,intermediate,3,6983fa3a644fcca4e5fd8b3b,6983fa3a644fcca4e5fd8b3b,spotlight_PROLIFIC,,36,Chile,Spanish,"Spanish, English",,Spanish:70|English:30,100,Spanish:70|English:30,100,Spanish:80|English:20,100,18,6,Bachelor's,10,10,10,6,8,9,7,17,14,16,TOEFL,80,,,,,23,25,C1,intermediate|advanced,intermediate|advanced,cambridge_22_25_intermediate_advanced,4,19,random,,168.26390075683594,1021.7708740234375,188.26390075683594,1085.763931274414,2,7,,,,,,,,,,,,2026-08-24T17:16:23.220Z,YVYMAZEH,2026-08-24,2026-08-24,13:16:23,2026-08-24 13:16:23,,,,,,,,6983fa3a644fcca4e5fd8b3b,6983fa3a644fcca4e5fd8b3b,,,,
10638,raw_position_sample,2,2,int,26,3,8,9,20, ranking ,1082,176,4420723.7,6983fa3a644fcca4e5fd8b3b,6983fa3a644fcca4e5fd8b3b,intermediate,3,6983fa3a644fcca4e5fd8b3b,6983fa3a644fcca4e5fd8b3b,spotlight_PROLIFIC,,36,Chile,Spanish,"Spanish, English",,Spanish:70|English:30,100,Spanish:70|English:30,100,Spanish:80|English:20,100,18,6,Bachelor's,10,10,10,6,8,9,7,17,14,16,TOEFL,80,,,,,23,25,C1,intermediate|advanced,intermediate|advanced,cambridge_22_25_intermediate_advanced,4,19,random,,168.26390075683594,1021.7708740234375,188.26390075683594,1085.763931274414,2,7,,,,,,,,,,,,2026-08-24T17:16:23.220Z,YVYMAZEH,2026-08-24,2026-08-24,13:16:23,2026-08-24 13:16:23,,,,,,,,6983fa3a644fcca4e5fd8b3b,6983fa3a644fcca4e5fd8b3b,,,,
10675,hover_association,2,2,int,26,3,8,9,20, ranking ,1023,176,,6983fa3a644fcca4e5fd8b3b,6983fa3a644fcca4e5fd8b3b,intermediate,3,6983fa3a644fcca4e5fd8b3b,6983fa3a644fcca4e5fd8b3b,spotlight_PROLIFIC,,36,Chile,Spanish,"Spanish, English",,Spanish:70|English:30,100,Spanish:70|English:30,100,Spanish:80|English:20,100,18,6,Bachelor's,10,10,10,6,8,9,7,17,14,16,TOEFL,80,,,,,23,25,C1,intermediate|advanced,intermediate|advanced,cambridge_22_25_intermediate_advanced,4,19,random,,158.26390075683594,1021.7708721160889,198.26390075683594,1085.7639236450195,2,7,hover,363.19999999925494,363.19999999925494,0.9880623969826761,0.4434024810791016,81,,,,,,2026-08-24T17:16:23.220Z,YVYMAZEH,2026-08-24,2026-08-24,13:16:23,2026-08-24 13:16:23,,,,,,,,6983fa3a644fcca4e5fd8b3b,6983fa3a644fcca4e5fd8b3b,,,,
10691,raw_position_sample,2,2,int,26,3,8,9,21, city ,1087,176,4420776.8,6983fa3a644fcca4e5fd8b3b,6983fa3a644fcca4e5fd8b3b,intermediate,3,6983fa3a644fcca4e5fd8b3b,6983fa3a644fcca4e5fd8b3b,spotlight_PROLIFIC,,36,Chile,Spanish,"Spanish, English",,Spanish:70|English:30,100,Spanish:70|English:30,100,Spanish:80|English:20,100,18,6,Bachelor's,10,10,10,6,8,9,7,17,14,16,TOEFL,80,,,,,23,25,C1,intermediate|advanced,intermediate|advanced,cambridge_22_25_intermediate_advanced,4,19,random,,168.26390075683594,1085.763916015625,188.26390075683594,1117.7430839538574,2,8,,,,,,,,,,,,2026-08-24T17:16:23.220Z,YVYMAZEH,2026-08-24,2026-08-24,13:16:23,2026-08-24 13:16:23,,,,,,,,6983fa3a644fcca4e5fd8b3b,6983fa3a644fcca4e5fd8b3b,,,,
10739,raw_position_sample,2,2,int,26,3,8,9,21, city ,1092,176,4420824.600000001,6983fa3a644fcca4e5fd8b3b,6983fa3a644fcca4e5fd8b3b,intermediate,3,6983fa3a644fcca4e5fd8b3b,6983fa3a644fcca4e5fd8b3b,spotlight_PROLIFIC,,36,Chile,Spanish,"Spanish, English",,Spanish:70|English:30,100,Spanish:70|English:30,100,Spanish:80|English:20,100,18,6,Bachelor's,10,10,10,6,8,9,7,17,14,16,TOEFL,80,,,,,23,25,C1,intermediate|advanced,intermediate|advanced,cambridge_22_25_intermediate_advanced,4,19,random,,168.26390075683594,1085.763916015625,188.26390075683594,1117.7430839538574,2,8,,,,,,,,,,,,2026-08-24T17:16:23.220Z,YVYMAZEH,2026-08-24,2026-08-24,13:16:23,2026-08-24 13:16:23,,,,,,,,6983fa3a644fcca4e5fd8b3b,6983fa3a644fcca4e5fd8b3b,,,,
10788,raw_position_sample,2,2,int,26,3,8,9,21, city ,1094,176,4420873.7,6983fa3a644fcca4e5fd8b3b,6983fa3a644fcca4e5fd8b3b,intermediate,3,6983fa3a644fcca4e5fd8b3b,6983fa3a644fcca4e5fd8b3b,spotlight_PROLIFIC,,36,Chile,Spanish,"Spanish, English",,Spanish:70|English:30,100,Spanish:70|English:30,100,Spanish:80|English:20,100,18,6,Bachelor's,10,10,10,6,8,9,7,17,14,16,TOEFL,80,,,,,23,25,C1,intermediate|advanced,intermediate|advanced,cambridge_22_25_intermediate_advanced,4,19,random,,168.26390075683594,1085.763916015625,188.26390075683594,1117.7430839538574,2,8,,,,,,,,,,,,2026-08-24T17:16:23.220Z,YVYMAZEH,2026-08-24,2026-08-24,13:16:23,2026-08-24 13:16:23,,,,,,,,6983fa3a644fcca4e5fd8b3b,6983fa3a644fcca4e5fd8b3b,,,,
10838,raw_position_sample,2,2,int,26,3,8,9,21, city ,1095,176,4420923.7,6983fa3a644fcca4e5fd8b3b,6983fa3a644fcca4e5fd8b3b,intermediate,3,6983fa3a644fcca4e5fd8b3b,6983fa3a644fcca4e5fd8b3b,spotlight_PROLIFIC,,36,Chile,Spanish,"Spanish, English",,Spanish:70|English:30,100,Spanish:70|English:30,100,Spanish:80|English:20,100,18,6,Bachelor's,10,10,10,6,8,9,7,17,14,16,TOEFL,80,,,,,23,25,C1,intermediate|advanced,intermediate|advanced,cambridge_22_25_intermediate_advanced,4,19,random,,168.26390075683594,1085.763916015625,188.26390075683594,1117.7430839538574,2,8,,,,,,,,,,,,2026-08-24T17:16:23.220Z,YVYMAZEH,2026-08-24,2026-08-24,13:16:23,2026-08-24 13:16:23,,,,,,,,6983fa3a644fcca4e5fd8b3b,6983fa3a644fcca4e5fd8b3b,,,,
10888,raw_position_sample,2,2,int,26,3,8,9,21, city ,1098,176,4420973.7,6983fa3a644fcca4e5fd8b3b,6983fa3a644fcca4e5fd8b3b,intermediate,3,6983fa3a644fcca4e5fd8b3b,6983fa3a644fcca4e5fd8b3b,spotlight_PROLIFIC,,36,Chile,Spanish,"Spanish, English",,Spanish:70|English:30,100,Spanish:70|English:30,100,Spanish:80|English:20,100,18,6,Bachelor's,10,10,10,6,8,9,7,17,14,16,TOEFL,80,,,,,23,25,C1,intermediate|advanced,intermediate|advanced,cambridge_22_25_intermediate_advanced,4,19,random,,168.26390075683594,1085.763916015625,188.26390075683594,1117.7430839538574,2,8,,,,,,,,,,,,2026-08-24T17:16:23.220Z,YVYMAZEH,2026-08-24,2026-08-24,13:16:23,2026-08-24 13:16:23,,,,,,,,6983fa3a644fcca4e5fd8b3b,6983fa3a644fcca4e5fd8b3b,,,,
10938,raw_position_sample,2,2,int,26,3,8,9,21, city ,1103,180,4421023.600000001,6983fa3a644fcca4e5fd8b3b,6983fa3a644fcca4e5fd8b3b,intermediate,3,6983fa3a644fcca4e5fd8b3b,6983fa3a644fcca4e5fd8b3b,spotlight_PROLIFIC,,36,Chile,Spanish,"Spanish, English",,Spanish:70|English:30,100,Spanish:70|English:30,100,Spanish:80|English:20,100,18,6,Bachelor's,10,10,10,6,8,9,7,17,14,16,TOEFL,80,,,,,23,25,C1,intermediate|advanced,intermediate|advanced,cambridge_22_25_intermediate_advanced,4,19,random,,168.26390075683594,1085.763916015625,188.26390075683594,1117.7430839538574,2,8,,,,,,,,,,,,2026-08-24T17:16:23.220Z,YVYMAZEH,2026-08-24,2026-08-24,13:16:23,2026-08-24 13:16:23,,,,,,,,6983fa3a644fcca4e5fd8b3b,6983fa3a644fcca4e5fd8b3b,,,,
10988,raw_position_sample,2,2,int,26,3,8,9,21, city ,1108,182,4421073.8,6983fa3a644fcca4e5fd8b3b,6983fa3a644fcca4e5fd8b3b,intermediate,3,6983fa3a644fcca4e5fd8b3b,6983fa3a644fcca4e5fd8b3b,spotlight_PROLIFIC,,36,Chile,Spanish,"Spanish, English",,Spanish:70|English:30,100,Spanish:70|English:30,100,Spanish:80|English:20,100,18,6,Bachelor's,10,10,10,6,8,9,7,17,14,16,TOEFL,80,,,,,23,25,C1,intermediate|advanced,intermediate|advanced,cambridge_22_25_intermediate_advanced,4,19,random,,168.26390075683594,1085.763916015625,188.26390075683594,1117.7430839538574,2,8,,,,,,,,,,,,2026-08-24T17:16:23.220Z,YVYMAZEH,2026-08-24,2026-08-24,13:16:23,2026-08-24 13:16:23,,,,,,,,6983fa3a644fcca4e5fd8b3b,6983fa3a644fcca4e5fd8b3b,,,,
11041,raw_position_sample,2,2,int,26,3,8,9,21, city ,1114,183,4421126.3,6983fa3a644fcca4e5fd8b3b,6983fa3a644fcca4e5fd8b3b,intermediate,3,6983fa3a644fcca4e5fd8b3b,6983fa3a644fcca4e5fd8b3b,spotlight_PROLIFIC,,36,Chile,Spanish,"Spanish, English",,Spanish:70|English:30,100,Spanish:70|English:30,100,Spanish:80|English:20,100,18,6,Bachelor's,10,10,10,6,8,9,7,17,14,16,TOEFL,80,,,,,23,25,C1,intermediate|advanced,intermediate|advanced,cambridge_22_25_intermediate_advanced,4,19,random,,168.26390075683594,1085.763916015625,188.26390075683594,1117.7430839538574,2,8,,,,,,,,,,,,2026-08-24T17:16:23.220Z,YVYMAZEH,2026-08-24,2026-08-24,13:16:23,2026-08-24 13:16:23,,,,,,,,6983fa3a644fcca4e5fd8b3b,6983fa3a644fcca4e5fd8b3b,,,,
11086,hover_association,2,2,int,26,3,8,9,21, city ,1086,176,,6983fa3a644fcca4e5fd8b3b,6983fa3a644fcca4e5fd8b3b,intermediate,3,6983fa3a644fcca4e5fd8b3b,6983fa3a644fcca4e5fd8b3b,spotlight_PROLIFIC,,36,Chile,Spanish,"Spanish, English",,Spanish:70|English:30,100,Spanish:70|English:30,100,Spanish:80|English:20,100,18,6,Bachelor's,10,10,10,6,8,9,7,17,14,16,TOEFL,80,,,,,23,25,C1,intermediate|advanced,intermediate|advanced,cambridge_22_25_intermediate_advanced,4,19,random,,158.26390075683594,1085.7639236450195,198.26390075683594,1117.7431240081787,2,8,hover,411.2000000011176,411.2000000011176,0.9767622704839485,0.6184024810791016,81,,,,,,2026-08-24T17:16:23.220Z,YVYMAZEH,2026-08-24,2026-08-24,13:16:23,2026-08-24 13:16:23,,,,,,,,6983fa3a644fcca4e5fd8b3b,6983fa3a644fcca4e5fd8b3b,,,,
11089,raw_position_sample,2,2,int,26,3,8,9,22, in ,1118,183,4421174.399999999,6983fa3a644fcca4e5fd8b3b,6983fa3a644fcca4e5fd8b3b,intermediate,3,6983fa3a644fcca4e5fd8b3b,6983fa3a644fcca4e5fd8b3b,spotlight_PROLIFIC,,36,Chile,Spanish,"Spanish, English",,Spanish:70|English:30,100,Spanish:70|English:30,100,Spanish:80|English:20,100,18,6,Bachelor's,10,10,10,6,8,9,7,17,14,16,TOEFL,80,,,,,23,25,C1,intermediate|advanced,intermediate|advanced,cambridge_22_25_intermediate_advanced,4,19,random,,168.26390075683594,1117.7431640625,188.26390075683594,1136.7535820007324,2,9,,,,,,,,,,,,2026-08-24T17:16:23.220Z,YVYMAZEH,2026-08-24,2026-08-24,13:16:23,2026-08-24 13:16:23,,,,,,,,6983fa3a644fcca4e5fd8b3b,6983fa3a644fcca4e5fd8b3b,,,,
11138,raw_position_sample,2,2,int,26,3,8,9,22, in ,1121,183,4421223.600000001,6983fa3a644fcca4e5fd8b3b,6983fa3a644fcca4e5fd8b3b,intermediate,3,6983fa3a644fcca4e5fd8b3b,6983fa3a644fcca4e5fd8b3b,spotlight_PROLIFIC,,36,Chile,Spanish,"Spanish, English",,Spanish:70|English:30,100,Spanish:70|English:30,100,Spanish:80|English:20,100,18,6,Bachelor's,10,10,10,6,8,9,7,17,14,16,TOEFL,80,,,,,23,25,C1,intermediate|advanced,intermediate|advanced,cambridge_22_25_intermediate_advanced,4,19,random,,168.26390075683594,1117.7431640625,188.26390075683594,1136.7535820007324,2,9,,,,,,,,,,,,2026-08-24T17:16:23.220Z,YVYMAZEH,2026-08-24,2026-08-24,13:16:23,2026-08-24 13:16:23,,,,,,,,6983fa3a644fcca4e5fd8b3b,6983fa3a644fcca4e5fd8b3b,,,,
11188,raw_position_sample,2,2,int,26,3,8,9,22, in ,1130,183,4421273.7,6983fa3a644fcca4e5fd8b3b,6983fa3a644fcca4e5fd8b3b,intermediate,3,6983fa3a644fcca4e5fd8b3b,6983fa3a644fcca4e5fd8b3b,spotlight_PROLIFIC,,36,Chile,Spanish,"Spanish, English",,Spanish:70|English:30,100,Spanish:70|English:30,100,Spanish:80|English:20,100,18,6,Bachelor's,10,10,10,6,8,9,7,17,14,16,TOEFL,80,,,,,23,25,C1,intermediate|advanced,intermediate|advanced,cambridge_22_25_intermediate_advanced,4,19,random,,168.26390075683594,1117.7431640625,188.26390075683594,1136.7535820007324,2,9,,,,,,,,,,,,2026-08-24T17:16:23.220Z,YVYMAZEH,2026-08-24,2026-08-24,13:16:23,2026-08-24 13:16:23,,,,,,,,6983fa3a644fcca4e5fd8b3b,6983fa3a644fcca4e5fd8b3b,,,,
11224,hover_association,2,2,int,26,3,8,9,22, in ,1118,183,,6983fa3a644fcca4e5fd8b3b,6983fa3a644fcca4e5fd8b3b,intermediate,3,6983fa3a644fcca4e5fd8b3b,6983fa3a644fcca4e5fd8b3b,spotlight_PROLIFIC,,36,Chile,Spanish,"Spanish, English",,Spanish:70|English:30,100,Spanish:70|English:30,100,Spanish:80|English:20,100,18,6,Bachelor's,10,10,10,6,8,9,7,17,14,16,TOEFL,80,,,,,23,25,C1,intermediate|advanced,intermediate|advanced,cambridge_22_25_intermediate_advanced,4,19,random,,158.26390075683594,1117.7431240081787,198.26390075683594,1136.7535610198975,2,9,hover,138.2999999988824,138.2999999988824,0.9603606682248842,0.6184024810791016,81,,,,,,2026-08-24T17:16:23.220Z,YVYMAZEH,2026-08-24,2026-08-24,13:16:23,2026-08-24 13:16:23,,,,,,,,6983fa3a644fcca4e5fd8b3b,6983fa3a644fcca4e5fd8b3b,,,,
11240,raw_position_sample,2,2,int,26,3,8,9,23, the ,1141,183,4421325.500000001,6983fa3a644fcca4e5fd8b3b,6983fa3a644fcca4e5fd8b3b,intermediate,3,6983fa3a644fcca4e5fd8b3b,6983fa3a644fcca4e5fd8b3b,spotlight_PROLIFIC,,36,Chile,Spanish,"Spanish, English",,Spanish:70|English:30,100,Spanish:70|English:30,100,Spanish:80|English:20,100,18,6,Bachelor's,10,10,10,6,8,9,7,17,14,16,TOEFL,80,,,,,23,25,C1,intermediate|advanced,intermediate|advanced,cambridge_22_25_intermediate_advanced,4,19,random,,168.26390075683594,1136.7535400390625,188.26390075683594,1166.770902633667,2,10,,,,,,,,,,,,2026-08-24T17:16:23.220Z,YVYMAZEH,2026-08-24,2026-08-24,13:16:23,2026-08-24 13:16:23,,,,,,,,6983fa3a644fcca4e5fd8b3b,6983fa3a644fcca4e5fd8b3b,,,,
11290,raw_position_sample,2,2,int,26,3,8,9,23, the ,1148,183,4421375.3,6983fa3a644fcca4e5fd8b3b,6983fa3a644fcca4e5fd8b3b,intermediate,3,6983fa3a644fcca4e5fd8b3b,6983fa3a644fcca4e5fd8b3b,spotlight_PROLIFIC,,36,Chile,Spanish,"Spanish, English",,Spanish:70|English:30,100,Spanish:70|English:30,100,Spanish:80|English:20,100,18,6,Bachelor's,10,10,10,6,8,9,7,17,14,16,TOEFL,80,,,,,23,25,C1,intermediate|advanced,intermediate|advanced,cambridge_22_25_intermediate_advanced,4,19,random,,168.26390075683594,1136.7535400390625,188.26390075683594,1166.770902633667,2,10,,,,,,,,,,,,2026-08-24T17:16:23.220Z,YVYMAZEH,2026-08-24,2026-08-24,13:16:23,2026-08-24 13:16:23,,,,,,,,6983fa3a644fcca4e5fd8b3b,6983fa3a644fcca4e5fd8b3b,,,,
11341,raw_position_sample,2,2,int,26,3,8,9,23, the ,1152,183,4421426.899999999,6983fa3a644fcca4e5fd8b3b,6983fa3a644fcca4e5fd8b3b,intermediate,3,6983fa3a644fcca4e5fd8b3b,6983fa3a644fcca4e5fd8b3b,spotlight_PROLIFIC,,36,Chile,Spanish,"Spanish, English",,Spanish:70|English:30,100,Spanish:70|English:30,100,Spanish:80|English:20,100,18,6,Bachelor's,10,10,10,6,8,9,7,17,14,16,TOEFL,80,,,,,23,25,C1,intermediate|advanced,intermediate|advanced,cambridge_22_25_intermediate_advanced,4,19,random,,168.26390075683594,1136.7535400390625,188.26390075683594,1166.770902633667,2,10,,,,,,,,,,,,2026-08-24T17:16:23.220Z,YVYMAZEH,2026-08-24,2026-08-24,13:16:23,2026-08-24 13:16:23,,,,,,,,6983fa3a644fcca4e5fd8b3b,6983fa3a644fcca4e5fd8b3b,,,,
11390,raw_position_sample,2,2,int,26,3,8,9,23, the ,1158,183,4421475.000000001,6983fa3a644fcca4e5fd8b3b,6983fa3a644fcca4e5fd8b3b,intermediate,3,6983fa3a644fcca4e5fd8b3b,6983fa3a644fcca4e5fd8b3b,spotlight_PROLIFIC,,36,Chile,Spanish,"Spanish, English",,Spanish:70|English:30,100,Spanish:70|English:30,100,Spanish:80|English:20,100,18,6,Bachelor's,10,10,10,6,8,9,7,17,14,16,TOEFL,80,,,,,23,25,C1,intermediate|advanced,intermediate|advanced,cambridge_22_25_intermediate_advanced,4,19,random,,168.26390075683594,1136.7535400390625,188.26390075683594,1166.770902633667,2,10,,,,,,,,,,,,2026-08-24T17:16:23.220Z,YVYMAZEH,2026-08-24,2026-08-24,13:16:23,2026-08-24 13:16:23,,,,,,,,6983fa3a644fcca4e5fd8b3b,6983fa3a644fcca4e5fd8b3b,,,,
11438,raw_position_sample,2,2,int,26,3,8,9,23, the ,1163,183,4421523.500000001,6983fa3a644fcca4e5fd8b3b,6983fa3a644fcca4e5fd8b3b,intermediate,3,6983fa3a644fcca4e5fd8b3b,6983fa3a644fcca4e5fd8b3b,spotlight_PROLIFIC,,36,Chile,Spanish,"Spanish, English",,Spanish:70|English:30,100,Spanish:70|English:30,100,Spanish:80|English:20,100,18,6,Bachelor's,10,10,10,6,8,9,7,17,14,16,TOEFL,80,,,,,23,25,C1,intermediate|advanced,intermediate|advanced,cambridge_22_25_intermediate_advanced,4,19,random,,168.26390075683594,1136.7535400390625,188.26390075683594,1166.770902633667,2,10,,,,,,,,,,,,2026-08-24T17:16:23.220Z,YVYMAZEH,2026-08-24,2026-08-24,13:16:23,2026-08-24 13:16:23,,,,,,,,6983fa3a644fcca4e5fd8b3b,6983fa3a644fcca4e5fd8b3b,,,,
11470,hover_association,2,2,int,26,3,8,9,23, the ,1138,183,,6983fa3a644fcca4e5fd8b3b,6983fa3a644fcca4e5fd8b3b,intermediate,3,6983fa3a644fcca4e5fd8b3b,6983fa3a644fcca4e5fd8b3b,spotlight_PROLIFIC,,36,Chile,Spanish,"Spanish, English",,Spanish:70|English:30,100,Spanish:70|English:30,100,Spanish:80|English:20,100,18,6,Bachelor's,10,10,10,6,8,9,7,17,14,16,TOEFL,80,,,,,23,25,C1,intermediate|advanced,intermediate|advanced,cambridge_22_25_intermediate_advanced,4,19,random,,158.26390075683594,1136.7535610198975,198.26390075683594,1166.7708883285522,2,10,hover,245.40000000037253,245.40000000037253,0.9743185553921725,0.6184024810791016,81,,,,,,2026-08-24T17:16:23.220Z,YVYMAZEH,2026-08-24,2026-08-24,13:16:23,2026-08-24 13:16:23,,,,,,,,6983fa3a644fcca4e5fd8b3b,6983fa3a644fcca4e5fd8b3b,,,,
11488,raw_position_sample,2,2,int,26,3,8,9,24, US ,1170,182,4421573.600000001,6983fa3a644fcca4e5fd8b3b,6983fa3a644fcca4e5fd8b3b,intermediate,3,6983fa3a644fcca4e5fd8b3b,6983fa3a644fcca4e5fd8b3b,spotlight_PROLIFIC,,36,Chile,Spanish,"Spanish, English",,Spanish:70|English:30,100,Spanish:70|English:30,100,Spanish:80|English:20,100,18,6,Bachelor's,10,10,10,6,8,9,7,17,14,16,TOEFL,80,,,,,23,25,C1,intermediate|advanced,intermediate|advanced,cambridge_22_25_intermediate_advanced,4,19,random,,168.26390075683594,1166.7708740234375,188.26390075683594,1196.7708759307861,2,11,,,,,,,,,,,,2026-08-24T17:16:23.220Z,YVYMAZEH,2026-08-24,2026-08-24,13:16:23,2026-08-24 13:16:23,,,,,,,,6983fa3a644fcca4e5fd8b3b,6983fa3a644fcca4e5fd8b3b,,,,
11538,raw_position_sample,2,2,int,26,3,8,9,24, US ,1175,182,4421623.600000001,6983fa3a644fcca4e5fd8b3b,6983fa3a644fcca4e5fd8b3b,intermediate,3,6983fa3a644fcca4e5fd8b3b,6983fa3a644fcca4e5fd8b3b,spotlight_PROLIFIC,,36,Chile,Spanish,"Spanish, English",,Spanish:70|English:30,100,Spanish:70|English:30,100,Spanish:80|English:20,100,18,6,Bachelor's,10,10,10,6,8,9,7,17,14,16,TOEFL,80,,,,,23,25,C1,intermediate|advanced,intermediate|advanced,cambridge_22_25_intermediate_advanced,4,19,random,,168.26390075683594,1166.7708740234375,188.26390075683594,1196.7708759307861,2,11,,,,,,,,,,,,2026-08-24T17:16:23.220Z,YVYMAZEH,2026-08-24,2026-08-24,13:16:23,2026-08-24 13:16:23,,,,,,,,6983fa3a644fcca4e5fd8b3b,6983fa3a644fcca4e5fd8b3b,,,,
11588,raw_position_sample,2,2,int,26,3,8,9,24, US ,1180,182,4421673.7,6983fa3a644fcca4e5fd8b3b,6983fa3a644fcca4e5fd8b3b,intermediate,3,6983fa3a644fcca4e5fd8b3b,6983fa3a644fcca4e5fd8b3b,spotlight_PROLIFIC,,36,Chile,Spanish,"Spanish, English",,Spanish:70|English:30,100,Spanish:70|English:30,100,Spanish:80|English:20,100,18,6,Bachelor's,10,10,10,6,8,9,7,17,14,16,TOEFL,80,,,,,23,25,C1,intermediate|advanced,intermediate|advanced,cambridge_22_25_intermediate_advanced,4,19,random,,168.26390075683594,1166.7708740234375,188.26390075683594,1196.7708759307861,2,11,,,,,,,,,,,,2026-08-24T17:16:23.220Z,YVYMAZEH,2026-08-24,2026-08-24,13:16:23,2026-08-24 13:16:23,,,,,,,,6983fa3a644fcca4e5fd8b3b,6983fa3a644fcca4e5fd8b3b,,,,
11640,raw_position_sample,2,2,int,26,3,8,9,24, US ,1185,181,4421725.399999999,6983fa3a644fcca4e5fd8b3b,6983fa3a644fcca4e5fd8b3b,intermediate,3,6983fa3a644fcca4e5fd8b3b,6983fa3a644fcca4e5fd8b3b,spotlight_PROLIFIC,,36,Chile,Spanish,"Spanish, English",,Spanish:70|English:30,100,Spanish:70|English:30,100,Spanish:80|English:20,100,18,6,Bachelor's,10,10,10,6,8,9,7,17,14,16,TOEFL,80,,,,,23,25,C1,intermediate|advanced,intermediate|advanced,cambridge_22_25_intermediate_advanced,4,19,random,,168.26390075683594,1166.7708740234375,188.26390075683594,1196.7708759307861,2,11,,,,,,,,,,,,2026-08-24T17:16:23.220Z,YVYMAZEH,2026-08-24,2026-08-24,13:16:23,2026-08-24 13:16:23,,,,,,,,6983fa3a644fcca4e5fd8b3b,6983fa3a644fcca4e5fd8b3b,,,,
11688,raw_position_sample,2,2,int,26,3,8,9,24, US ,1188,180,4421773.600000001,6983fa3a644fcca4e5fd8b3b,6983fa3a644fcca4e5fd8b3b,intermediate,3,6983fa3a644fcca4e5fd8b3b,6983fa3a644fcca4e5fd8b3b,spotlight_PROLIFIC,,36,Chile,Spanish,"Spanish, English",,Spanish:70|English:30,100,Spanish:70|English:30,100,Spanish:80|English:20,100,18,6,Bachelor's,10,10,10,6,8,9,7,17,14,16,TOEFL,80,,,,,23,25,C1,intermediate|advanced,intermediate|advanced,cambridge_22_25_intermediate_advanced,4,19,random,,168.26390075683594,1166.7708740234375,188.26390075683594,1196.7708759307861,2,11,,,,,,,,,,,,2026-08-24T17:16:23.220Z,YVYMAZEH,2026-08-24,2026-08-24,13:16:23,2026-08-24 13:16:23,,,,,,,,6983fa3a644fcca4e5fd8b3b,6983fa3a644fcca4e5fd8b3b,,,,
11738,hover_association,2,2,int,26,3,8,9,24, US ,1167,183,,6983fa3a644fcca4e5fd8b3b,6983fa3a644fcca4e5fd8b3b,intermediate,3,6983fa3a644fcca4e5fd8b3b,6983fa3a644fcca4e5fd8b3b,spotlight_PROLIFIC,,36,Chile,Spanish,"Spanish, English",,Spanish:70|English:30,100,Spanish:70|English:30,100,Spanish:80|English:20,100,18,6,Bachelor's,10,10,10,6,8,9,7,17,14,16,TOEFL,80,,,,,23,25,C1,intermediate|advanced,intermediate|advanced,cambridge_22_25_intermediate_advanced,4,19,random,,158.26390075683594,1166.7708883285522,198.26390075683594,1196.7708749771118,2,11,hover,267.5,267.5,0.9743041559937218,0.5434024810791016,81,,,,,,2026-08-24T17:16:23.220Z,YVYMAZEH,2026-08-24,2026-08-24,13:16:23,2026-08-24 13:16:23,,,,,,,,6983fa3a644fcca4e5fd8b3b,6983fa3a644fcca4e5fd8b3b,,,,
11741,raw_position_sample,2,2,int,26,3,8,9,25, is ,1198,180,4421826.500000001,6983fa3a644fcca4e5fd8b3b,6983fa3a644fcca4e5fd8b3b,intermediate,3,6983fa3a644fcca4e5fd8b3b,6983fa3a644fcca4e5fd8b3b,spotlight_PROLIFIC,,36,Chile,Spanish,"Spanish, English",,Spanish:70|English:30,100,Spanish:70|English:30,100,Spanish:80|English:20,100,18,6,Bachelor's,10,10,10,6,8,9,7,17,14,16,TOEFL,80,,,,,23,25,C1,intermediate|advanced,intermediate|advanced,cambridge_22_25_intermediate_advanced,4,19,random,,168.26390075683594,1196.7708740234375,188.26390075683594,1214.756986618042,2,12,,,,,,,,,,,,2026-08-24T17:16:23.220Z,YVYMAZEH,2026-08-24,2026-08-24,13:16:23,2026-08-24 13:16:23,,,,,,,,6983fa3a644fcca4e5fd8b3b,6983fa3a644fcca4e5fd8b3b,,,,
11788,raw_position_sample,2,2,int,26,3,8,9,25, is ,1203,180,4421873.600000001,6983fa3a644fcca4e5fd8b3b,6983fa3a644fcca4e5fd8b3b,intermediate,3,6983fa3a644fcca4e5fd8b3b,6983fa3a644fcca4e5fd8b3b,spotlight_PROLIFIC,,36,Chile,Spanish,"Spanish, English",,Spanish:70|English:30,100,Spanish:70|English:30,100,Spanish:80|English:20,100,18,6,Bachelor's,10,10,10,6,8,9,7,17,14,16,TOEFL,80,,,,,23,25,C1,intermediate|advanced,intermediate|advanced,cambridge_22_25_intermediate_advanced,4,19,random,,168.26390075683594,1196.7708740234375,188.26390075683594,1214.756986618042,2,12,,,,,,,,,,,,2026-08-24T17:16:23.220Z,YVYMAZEH,2026-08-24,2026-08-24,13:16:23,2026-08-24 13:16:23,,,,,,,,6983fa3a644fcca4e5fd8b3b,6983fa3a644fcca4e5fd8b3b,,,,
11838,raw_position_sample,2,2,int,26,3,8,9,25, is ,1206,180,4421923.7,6983fa3a644fcca4e5fd8b3b,6983fa3a644fcca4e5fd8b3b,intermediate,3,6983fa3a644fcca4e5fd8b3b,6983fa3a644fcca4e5fd8b3b,spotlight_PROLIFIC,,36,Chile,Spanish,"Spanish, English",,Spanish:70|English:30,100,Spanish:70|English:30,100,Spanish:80|English:20,100,18,6,Bachelor's,10,10,10,6,8,9,7,17,14,16,TOEFL,80,,,,,23,25,C1,intermediate|advanced,intermediate|advanced,cambridge_22_25_intermediate_advanced,4,19,random,,168.26390075683594,1196.7708740234375,188.26390075683594,1214.756986618042,2,12,,,,,,,,,,,,2026-08-24T17:16:23.220Z,YVYMAZEH,2026-08-24,2026-08-24,13:16:23,2026-08-24 13:16:23,,,,,,,,6983fa3a644fcca4e5fd8b3b,6983fa3a644fcca4e5fd8b3b,,,,
11890,raw_position_sample,2,2,int,26,3,8,9,25, is ,1212,180,4421975.500000001,6983fa3a644fcca4e5fd8b3b,6983fa3a644fcca4e5fd8b3b,intermediate,3,6983fa3a644fcca4e5fd8b3b,6983fa3a644fcca4e5fd8b3b,spotlight_PROLIFIC,,36,Chile,Spanish,"Spanish, English",,Spanish:70|English:30,100,Spanish:70|English:30,100,Spanish:80|English:20,100,18,6,Bachelor's,10,10,10,6,8,9,7,17,14,16,TOEFL,80,,,,,23,25,C1,intermediate|advanced,intermediate|advanced,cambridge_22_25_intermediate_advanced,4,19,random,,168.26390075683594,1196.7708740234375,188.26390075683594,1214.756986618042,2,12,,,,,,,,,,,,2026-08-24T17:16:23.220Z,YVYMAZEH,2026-08-24,2026-08-24,13:16:23,2026-08-24 13:16:23,,,,,,,,6983fa3a644fcca4e5fd8b3b,6983fa3a644fcca4e5fd8b3b,,,,
11922,hover_association,2,2,int,26,3,8,9,25, is ,1198,180,,6983fa3a644fcca4e5fd8b3b,6983fa3a644fcca4e5fd8b3b,intermediate,3,6983fa3a644fcca4e5fd8b3b,6983fa3a644fcca4e5fd8b3b,spotlight_PROLIFIC,,36,Chile,Spanish,"Spanish, English",,Spanish:70|English:30,100,Spanish:70|English:30,100,Spanish:80|English:20,100,18,6,Bachelor's,10,10,10,6,8,9,7,17,14,16,TOEFL,80,,,,,23,25,C1,intermediate|advanced,intermediate|advanced,cambridge_22_25_intermediate_advanced,4,19,random,,158.26390075683594,1196.7708749771118,198.26390075683594,1214.7569723129272,2,12,hover,184.90000000037253,184.90000000037253,0.9579134762370101,0.5434024810791016,81,,,,,,2026-08-24T17:16:23.220Z,YVYMAZEH,2026-08-24,2026-08-24,13:16:23,2026-08-24 13:16:23,,,,,,,,6983fa3a644fcca4e5fd8b3b,6983fa3a644fcca4e5fd8b3b,,,,
11938,raw_position_sample,2,2,int,26,3,8,9,26, San ,1216,180,4422023.500000001,6983fa3a644fcca4e5fd8b3b,6983fa3a644fcca4e5fd8b3b,intermediate,3,6983fa3a644fcca4e5fd8b3b,6983fa3a644fcca4e5fd8b3b,spotlight_PROLIFIC,,36,Chile,Spanish,"Spanish, English",,Spanish:70|English:30,100,Spanish:70|English:30,100,Spanish:80|English:20,100,18,6,Bachelor's,10,10,10,6,8,9,7,17,14,16,TOEFL,80,,,,,23,25,C1,intermediate|advanced,intermediate|advanced,cambridge_22_25_intermediate_advanced,4,19,random,,168.26390075683594,1214.7569580078125,188.26390075683594,1251.7708473205566,2,13,,,,,,,,,,,,2026-08-24T17:16:23.220Z,YVYMAZEH,2026-08-24,2026-08-24,13:16:23,2026-08-24 13:16:23,,,,,,,,6983fa3a644fcca4e5fd8b3b,6983fa3a644fcca4e5fd8b3b,,,,
11988,raw_position_sample,2,2,int,26,3,8,9,26, San ,1224,180,4422073.7,6983fa3a644fcca4e5fd8b3b,6983fa3a644fcca4e5fd8b3b,intermediate,3,6983fa3a644fcca4e5fd8b3b,6983fa3a644fcca4e5fd8b3b,spotlight_PROLIFIC,,36,Chile,Spanish,"Spanish, English",,Spanish:70|English:30,100,Spanish:70|English:30,100,Spanish:80|English:20,100,18,6,Bachelor's,10,10,10,6,8,9,7,17,14,16,TOEFL,80,,,,,23,25,C1,intermediate|advanced,intermediate|advanced,cambridge_22_25_intermediate_advanced,4,19,random,,168.26390075683594,1214.7569580078125,188.26390075683594,1251.7708473205566,2,13,,,,,,,,,,,,2026-08-24T17:16:23.220Z,YVYMAZEH,2026-08-24,2026-08-24,13:16:23,2026-08-24 13:16:23,,,,,,,,6983fa3a644fcca4e5fd8b3b,6983fa3a644fcca4e5fd8b3b,,,,
12038,raw_position_sample,2,2,int,26,3,8,9,26, San ,1227,180,4422123.500000001,6983fa3a644fcca4e5fd8b3b,6983fa3a644fcca4e5fd8b3b,intermediate,3,6983fa3a644fcca4e5fd8b3b,6983fa3a644fcca4e5fd8b3b,spotlight_PROLIFIC,,36,Chile,Spanish,"Spanish, English",,Spanish:70|English:30,100,Spanish:70|English:30,100,Spanish:80|English:20,100,18,6,Bachelor's,10,10,10,6,8,9,7,17,14,16,TOEFL,80,,,,,23,25,C1,intermediate|advanced,intermediate|advanced,cambridge_22_25_intermediate_advanced,4,19,random,,168.26390075683594,1214.7569580078125,188.26390075683594,1251.7708473205566,2,13,,,,,,,,,,,,2026-08-24T17:16:23.220Z,YVYMAZEH,2026-08-24,2026-08-24,13:16:23,2026-08-24 13:16:23,,,,,,,,6983fa3a644fcca4e5fd8b3b,6983fa3a644fcca4e5fd8b3b,,,,
12089,raw_position_sample,2,2,int,26,3,8,9,26, San ,1230,180,4422174.000000001,6983fa3a644fcca4e5fd8b3b,6983fa3a644fcca4e5fd8b3b,intermediate,3,6983fa3a644fcca4e5fd8b3b,6983fa3a644fcca4e5fd8b3b,spotlight_PROLIFIC,,36,Chile,Spanish,"Spanish, English",,Spanish:70|English:30,100,Spanish:70|English:30,100,Spanish:80|English:20,100,18,6,Bachelor's,10,10,10,6,8,9,7,17,14,16,TOEFL,80,,,,,23,25,C1,intermediate|advanced,intermediate|advanced,cambridge_22_25_intermediate_advanced,4,19,random,,168.26390075683594,1214.7569580078125,188.26390075683594,1251.7708473205566,2,13,,,,,,,,,,,,2026-08-24T17:16:23.220Z,YVYMAZEH,2026-08-24,2026-08-24,13:16:23,2026-08-24 13:16:23,,,,,,,,6983fa3a644fcca4e5fd8b3b,6983fa3a644fcca4e5fd8b3b,,,,
12139,raw_position_sample,2,2,int,26,3,8,9,26, San ,1230,180,4422224.100000001,6983fa3a644fcca4e5fd8b3b,6983fa3a644fcca4e5fd8b3b,intermediate,3,6983fa3a644fcca4e5fd8b3b,6983fa3a644fcca4e5fd8b3b,spotlight_PROLIFIC,,36,Chile,Spanish,"Spanish, English",,Spanish:70|English:30,100,Spanish:70|English:30,100,Spanish:80|English:20,100,18,6,Bachelor's,10,10,10,6,8,9,7,17,14,16,TOEFL,80,,,,,23,25,C1,intermediate|advanced,intermediate|advanced,cambridge_22_25_intermediate_advanced,4,19,random,,168.26390075683594,1214.7569580078125,188.26390075683594,1251.7708473205566,2,13,,,,,,,,,,,,2026-08-24T17:16:23.220Z,YVYMAZEH,2026-08-24,2026-08-24,13:16:23,2026-08-24 13:16:23,,,,,,,,6983fa3a644fcca4e5fd8b3b,6983fa3a644fcca4e5fd8b3b,,,,
12189,raw_position_sample,2,2,int,26,3,8,9,26, San ,1230,180,4422274.3,6983fa3a644fcca4e5fd8b3b,6983fa3a644fcca4e5fd8b3b,intermediate,3,6983fa3a644fcca4e5fd8b3b,6983fa3a644fcca4e5fd8b3b,spotlight_PROLIFIC,,36,Chile,Spanish,"Spanish, English",,Spanish:70|English:30,100,Spanish:70|English:30,100,Spanish:80|English:20,100,18,6,Bachelor's,10,10,10,6,8,9,7,17,14,16,TOEFL,80,,,,,23,25,C1,intermediate|advanced,intermediate|advanced,cambridge_22_25_intermediate_advanced,4,19,random,,168.26390075683594,1214.7569580078125,188.26390075683594,1251.7708473205566,2,13,,,,,,,,,,,,2026-08-24T17:16:23.220Z,YVYMAZEH,2026-08-24,2026-08-24,13:16:23,2026-08-24 13:16:23,,,,,,,,6983fa3a644fcca4e5fd8b3b,6983fa3a644fcca4e5fd8b3b,,,,
12239,raw_position_sample,2,2,int,26,3,8,9,26, San ,1230,180,4422324.100000001,6983fa3a644fcca4e5fd8b3b,6983fa3a644fcca4e5fd8b3b,intermediate,3,6983fa3a644fcca4e5fd8b3b,6983fa3a644fcca4e5fd8b3b,spotlight_PROLIFIC,,36,Chile,Spanish,"Spanish, English",,Spanish:70|English:30,100,Spanish:70|English:30,100,Spanish:80|English:20,100,18,6,Bachelor's,10,10,10,6,8,9,7,17,14,16,TOEFL,80,,,,,23,25,C1,intermediate|advanced,intermediate|advanced,cambridge_22_25_intermediate_advanced,4,19,random,,168.26390075683594,1214.7569580078125,188.26390075683594,1251.7708473205566,2,13,,,,,,,,,,,,2026-08-24T17:16:23.220Z,YVYMAZEH,2026-08-24,2026-08-24,13:16:23,2026-08-24 13:16:23,,,,,,,,6983fa3a644fcca4e5fd8b3b,6983fa3a644fcca4e5fd8b3b,,,,
12288,raw_position_sample,2,2,int,26,3,8,9,26, San ,1230,180,4422373.8,6983fa3a644fcca4e5fd8b3b,6983fa3a644fcca4e5fd8b3b,intermediate,3,6983fa3a644fcca4e5fd8b3b,6983fa3a644fcca4e5fd8b3b,spotlight_PROLIFIC,,36,Chile,Spanish,"Spanish, English",,Spanish:70|English:30,100,Spanish:70|English:30,100,Spanish:80|English:20,100,18,6,Bachelor's,10,10,10,6,8,9,7,17,14,16,TOEFL,80,,,,,23,25,C1,intermediate|advanced,intermediate|advanced,cambridge_22_25_intermediate_advanced,4,19,random,,168.26390075683594,1214.7569580078125,188.26390075683594,1251.7708473205566,2,13,,,,,,,,,,,,2026-08-24T17:16:23.220Z,YVYMAZEH,2026-08-24,2026-08-24,13:16:23,2026-08-24 13:16:23,,,,,,,,6983fa3a644fcca4e5fd8b3b,6983fa3a644fcca4e5fd8b3b,,,,
12338,raw_position_sample,2,2,int,26,3,8,9,26, San ,1230,180,4422423.7,6983fa3a644fcca4e5fd8b3b,6983fa3a644fcca4e5fd8b3b,intermediate,3,6983fa3a644fcca4e5fd8b3b,6983fa3a644fcca4e5fd8b3b,spotlight_PROLIFIC,,36,Chile,Spanish,"Spanish, English",,Spanish:70|English:30,100,Spanish:70|English:30,100,Spanish:80|English:20,100,18,6,Bachelor's,10,10,10,6,8,9,7,17,14,16,TOEFL,80,,,,,23,25,C1,intermediate|advanced,intermediate|advanced,cambridge_22_25_intermediate_advanced,4,19,random,,168.26390075683594,1214.7569580078125,188.26390075683594,1251.7708473205566,2,13,,,,,,,,,,,,2026-08-24T17:16:23.220Z,YVYMAZEH,2026-08-24,2026-08-24,13:16:23,2026-08-24 13:16:23,,,,,,,,6983fa3a644fcca4e5fd8b3b,6983fa3a644fcca4e5fd8b3b,,,,
12388,raw_position_sample,2,2,int,26,3,8,9,26, San ,1230,180,4422473.600000001,6983fa3a644fcca4e5fd8b3b,6983fa3a644fcca4e5fd8b3b,intermediate,3,6983fa3a644fcca4e5fd8b3b,6983fa3a644fcca4e5fd8b3b,spotlight_PROLIFIC,,36,Chile,Spanish,"Spanish, English",,Spanish:70|English:30,100,Spanish:70|English:30,100,Spanish:80|English:20,100,18,6,Bachelor's,10,10,10,6,8,9,7,17,14,16,TOEFL,80,,,,,23,25,C1,intermediate|advanced,intermediate|advanced,cambridge_22_25_intermediate_advanced,4,19,random,,168.26390075683594,1214.7569580078125,188.26390075683594,1251.7708473205566,2,13,,,,,,,,,,,,2026-08-24T17:16:23.220Z,YVYMAZEH,2026-08-24,2026-08-24,13:16:23,2026-08-24 13:16:23,,,,,,,,6983fa3a644fcca4e5fd8b3b,6983fa3a644fcca4e5fd8b3b,,,,
12439,raw_position_sample,2,2,int,26,3,8,9,26, San ,1242,181,4422524.7,6983fa3a644fcca4e5fd8b3b,6983fa3a644fcca4e5fd8b3b,intermediate,3,6983fa3a644fcca4e5fd8b3b,6983fa3a644fcca4e5fd8b3b,spotlight_PROLIFIC,,36,Chile,Spanish,"Spanish, English",,Spanish:70|English:30,100,Spanish:70|English:30,100,Spanish:80|English:20,100,18,6,Bachelor's,10,10,10,6,8,9,7,17,14,16,TOEFL,80,,,,,23,25,C1,intermediate|advanced,intermediate|advanced,cambridge_22_25_intermediate_advanced,4,19,random,,168.26390075683594,1214.7569580078125,188.26390075683594,1251.7708473205566,2,13,,,,,,,,,,,,2026-08-24T17:16:23.220Z,YVYMAZEH,2026-08-24,2026-08-24,13:16:23,2026-08-24 13:16:23,,,,,,,,6983fa3a644fcca4e5fd8b3b,6983fa3a644fcca4e5fd8b3b,,,,
12456,hover_association,2,2,int,26,3,8,9,26, San ,1215,180,,6983fa3a644fcca4e5fd8b3b,6983fa3a644fcca4e5fd8b3b,intermediate,3,6983fa3a644fcca4e5fd8b3b,6983fa3a644fcca4e5fd8b3b,spotlight_PROLIFIC,,36,Chile,Spanish,"Spanish, English",,Spanish:70|English:30,100,Spanish:70|English:30,100,Spanish:80|English:20,100,18,6,Bachelor's,10,10,10,6,8,9,7,17,14,16,TOEFL,80,,,,,23,25,C1,intermediate|advanced,intermediate|advanced,cambridge_22_25_intermediate_advanced,4,19,random,,158.26390075683594,1214.7569723129272,198.26390075683594,1251.770860671997,2,13,hover,533.5,533.5,0.9521568592086829,0.5684024810791015,81,,,,,,2026-08-24T17:16:23.220Z,YVYMAZEH,2026-08-24,2026-08-24,13:16:23,2026-08-24 13:16:23,,,,,,,,6983fa3a644fcca4e5fd8b3b,6983fa3a644fcca4e5fd8b3b,,,,
12488,raw_position_sample,2,2,int,26,3,8,9,27," Francisco, ",1264,181,4422573.7,6983fa3a644fcca4e5fd8b3b,6983fa3a644fcca4e5fd8b3b,intermediate,3,6983fa3a644fcca4e5fd8b3b,6983fa3a644fcca4e5fd8b3b,spotlight_PROLIFIC,,36,Chile,Spanish,"Spanish, English",,Spanish:70|English:30,100,Spanish:70|English:30,100,Spanish:80|English:20,100,18,6,Bachelor's,10,10,10,6,8,9,7,17,14,16,TOEFL,80,,,,,23,25,C1,intermediate|advanced,intermediate|advanced,cambridge_22_25_intermediate_advanced,4,19,random,,168.26390075683594,1251.7708740234375,188.26390075683594,1339.739631652832,2,14,,,,,,,,,,,,2026-08-24T17:16:23.220Z,YVYMAZEH,2026-08-24,2026-08-24,13:16:23,2026-08-24 13:16:23,,,,,,,,6983fa3a644fcca4e5fd8b3b,6983fa3a644fcca4e5fd8b3b,,,,
12538,raw_position_sample,2,2,int,26,3,8,9,27," Francisco, ",1285,181,4422623.600000001,6983fa3a644fcca4e5fd8b3b,6983fa3a644fcca4e5fd8b3b,intermediate,3,6983fa3a644fcca4e5fd8b3b,6983fa3a644fcca4e5fd8b3b,spotlight_PROLIFIC,,36,Chile,Spanish,"Spanish, English",,Spanish:70|English:30,100,Spanish:70|English:30,100,Spanish:80|English:20,100,18,6,Bachelor's,10,10,10,6,8,9,7,17,14,16,TOEFL,80,,,,,23,25,C1,intermediate|advanced,intermediate|advanced,cambridge_22_25_intermediate_advanced,4,19,random,,168.26390075683594,1251.7708740234375,188.26390075683594,1339.739631652832,2,14,,,,,,,,,,,,2026-08-24T17:16:23.220Z,YVYMAZEH,2026-08-24,2026-08-24,13:16:23,2026-08-24 13:16:23,,,,,,,,6983fa3a644fcca4e5fd8b3b,6983fa3a644fcca4e5fd8b3b,,,,
12592,raw_position_sample,2,2,int,26,3,8,9,27," Francisco, ",1306,187,4422677.100000001,6983fa3a644fcca4e5fd8b3b,6983fa3a644fcca4e5fd8b3b,intermediate,3,6983fa3a644fcca4e5fd8b3b,6983fa3a644fcca4e5fd8b3b,spotlight_PROLIFIC,,36,Chile,Spanish,"Spanish, English",,Spanish:70|English:30,100,Spanish:70|English:30,100,Spanish:80|English:20,100,18,6,Bachelor's,10,10,10,6,8,9,7,17,14,16,TOEFL,80,,,,,23,25,C1,intermediate|advanced,intermediate|advanced,cambridge_22_25_intermediate_advanced,4,19,random,,168.26390075683594,1251.7708740234375,188.26390075683594,1339.739631652832,2,14,,,,,,,,,,,,2026-08-24T17:16:23.220Z,YVYMAZEH,2026-08-24,2026-08-24,13:16:23,2026-08-24 13:16:23,,,,,,,,6983fa3a644fcca4e5fd8b3b,6983fa3a644fcca4e5fd8b3b,,,,
12640,raw_position_sample,2,2,int,26,3,8,9,27," Francisco, ",1321,192,4422725.100000001,6983fa3a644fcca4e5fd8b3b,6983fa3a644fcca4e5fd8b3b,intermediate,3,6983fa3a644fcca4e5fd8b3b,6983fa3a644fcca4e5fd8b3b,spotlight_PROLIFIC,,36,Chile,Spanish,"Spanish, English",,Spanish:70|English:30,100,Spanish:70|English:30,100,Spanish:80|English:20,100,18,6,Bachelor's,10,10,10,6,8,9,7,17,14,16,TOEFL,80,,,,,23,25,C1,intermediate|advanced,intermediate|advanced,cambridge_22_25_intermediate_advanced,4,19,random,,168.26390075683594,1251.7708740234375,188.26390075683594,1339.739631652832,2,14,,,,,,,,,,,,2026-08-24T17:16:23.220Z,YVYMAZEH,2026-08-24,2026-08-24,13:16:23,2026-08-24 13:16:23,,,,,,,,6983fa3a644fcca4e5fd8b3b,6983fa3a644fcca4e5fd8b3b,,,,
12688,raw_position_sample,2,2,int,26,3,8,9,27," Francisco, ",1332,196,4422773.600000001,6983fa3a644fcca4e5fd8b3b,6983fa3a644fcca4e5fd8b3b,intermediate,3,6983fa3a644fcca4e5fd8b3b,6983fa3a644fcca4e5fd8b3b,spotlight_PROLIFIC,,36,Chile,Spanish,"Spanish, English",,Spanish:70|English:30,100,Spanish:70|English:30,100,Spanish:80|English:20,100,18,6,Bachelor's,10,10,10,6,8,9,7,17,14,16,TOEFL,80,,,,,23,25,C1,intermediate|advanced,intermediate|advanced,cambridge_22_25_intermediate_advanced,4,19,random,,168.26390075683594,1251.7708740234375,188.26390075683594,1339.739631652832,2,14,,,,,,,,,,,,2026-08-24T17:16:23.220Z,YVYMAZEH,2026-08-24,2026-08-24,13:16:23,2026-08-24 13:16:23,,,,,,,,6983fa3a644fcca4e5fd8b3b,6983fa3a644fcca4e5fd8b3b,,,,
12738,raw_position_sample,2,2,int,26,3,8,9,27," Francisco, ",1334,198,4422823.600000001,6983fa3a644fcca4e5fd8b3b,6983fa3a644fcca4e5fd8b3b,intermediate,3,6983fa3a644fcca4e5fd8b3b,6983fa3a644fcca4e5fd8b3b,spotlight_PROLIFIC,,36,Chile,Spanish,"Spanish, English",,Spanish:70|English:30,100,Spanish:70|English:30,100,Spanish:80|English:20,100,18,6,Bachelor's,10,10,10,6,8,9,7,17,14,16,TOEFL,80,,,,,23,25,C1,intermediate|advanced,intermediate|advanced,cambridge_22_25_intermediate_advanced,4,19,random,,168.26390075683594,1251.7708740234375,188.26390075683594,1339.739631652832,2,14,,,,,,,,,,,,2026-08-24T17:16:23.220Z,YVYMAZEH,2026-08-24,2026-08-24,13:16:23,2026-08-24 13:16:23,,,,,,,,6983fa3a644fcca4e5fd8b3b,6983fa3a644fcca4e5fd8b3b,,,,
12785,hover_association,2,2,int,26,3,8,9,27," Francisco, ",1253,181,,6983fa3a644fcca4e5fd8b3b,6983fa3a644fcca4e5fd8b3b,intermediate,3,6983fa3a644fcca4e5fd8b3b,6983fa3a644fcca4e5fd8b3b,spotlight_PROLIFIC,,36,Chile,Spanish,"Spanish, English",,Spanish:70|English:30,100,Spanish:70|English:30,100,Spanish:80|English:20,100,18,6,Bachelor's,10,10,10,6,8,9,7,17,14,16,TOEFL,80,,,,,23,25,C1,intermediate|advanced,intermediate|advanced,cambridge_22_25_intermediate_advanced,4,19,random,,158.26390075683594,1251.770860671997,198.26390075683594,1339.7396278381348,2,14,hover,329.7999999988824,329.7999999988824,0.0026047804849893765,0.7934024810791016,81,,,,,,2026-08-24T17:16:23.220Z,YVYMAZEH,2026-08-24,2026-08-24,13:16:23,2026-08-24 13:16:23,,,,,,,,6983fa3a644fcca4e5fd8b3b,6983fa3a644fcca4e5fd8b3b,,,,
12788,raw_position_sample,2,2,int,26,3,8,9,25, is ,1210,184,4422873.899999999,6983fa3a644fcca4e5fd8b3b,6983fa3a644fcca4e5fd8b3b,intermediate,3,6983fa3a644fcca4e5fd8b3b,6983fa3a644fcca4e5fd8b3b,spotlight_PROLIFIC,,36,Chile,Spanish,"Spanish, English",,Spanish:70|English:30,100,Spanish:70|English:30,100,Spanish:80|English:20,100,18,6,Bachelor's,10,10,10,6,8,9,7,17,14,16,TOEFL,80,,,,,23,25,C1,intermediate|advanced,intermediate|advanced,cambridge_22_25_intermediate_advanced,4,19,random,,168.26390075683594,1196.7708740234375,188.26390075683594,1214.756986618042,2,12,,,,,,,,,,,,2026-08-24T17:16:23.220Z,YVYMAZEH,2026-08-24,2026-08-24,13:16:23,2026-08-24 13:16:23,,,,,,,,6983fa3a644fcca4e5fd8b3b,6983fa3a644fcca4e5fd8b3b,,,,
12794,hover_association,2,2,int,26,3,8,9,25, is ,1210,184,,6983fa3a644fcca4e5fd8b3b,6983fa3a644fcca4e5fd8b3b,intermediate,3,6983fa3a644fcca4e5fd8b3b,6983fa3a644fcca4e5fd8b3b,spotlight_PROLIFIC,,36,Chile,Spanish,"Spanish, English",,Spanish:70|English:30,100,Spanish:70|English:30,100,Spanish:80|English:20,100,18,6,Bachelor's,10,10,10,6,8,9,7,17,14,16,TOEFL,80,,,,,23,25,C1,intermediate|advanced,intermediate|advanced,cambridge_22_25_intermediate_advanced,4,19,random,,158.26390075683594,1196.7708749771118,198.26390075683594,1214.7569723129272,2,12,hover,9.100000001490116,9.100000001490116,0.7355194835149278,0.6434024810791016,81,,,,,,2026-08-24T17:16:23.220Z,YVYMAZEH,2026-08-24,2026-08-24,13:16:23,2026-08-24 13:16:23,,,,,,,,6983fa3a644fcca4e5fd8b3b,6983fa3a644fcca4e5fd8b3b,,,,
12801,hover_association,2,2,int,26,3,8,9,24, US ,1167,180,,6983fa3a644fcca4e5fd8b3b,6983fa3a644fcca4e5fd8b3b,intermediate,3,6983fa3a644fcca4e5fd8b3b,6983fa3a644fcca4e5fd8b3b,spotlight_PROLIFIC,,36,Chile,Spanish,"Spanish, English",,Spanish:70|English:30,100,Spanish:70|English:30,100,Spanish:80|English:20,100,18,6,Bachelor's,10,10,10,6,8,9,7,17,14,16,TOEFL,80,,,,,23,25,C1,intermediate|advanced,intermediate|advanced,cambridge_22_25_intermediate_advanced,4,19,random,,158.26390075683594,1166.7708883285522,198.26390075683594,1196.7708749771118,2,11,hover,6.299999998882413,6.299999998882413,0.007637059113783124,0.5434024810791016,81,,,,,,2026-08-24T17:16:23.220Z,YVYMAZEH,2026-08-24,2026-08-24,13:16:23,2026-08-24 13:16:23,,,,,,,,6983fa3a644fcca4e5fd8b3b,6983fa3a644fcca4e5fd8b3b,,,,
12807,hover_association,2,2,int,26,3,8,9,22, in ,1130,180,,6983fa3a644fcca4e5fd8b3b,6983fa3a644fcca4e5fd8b3b,intermediate,3,6983fa3a644fcca4e5fd8b3b,6983fa3a644fcca4e5fd8b3b,spotlight_PROLIFIC,,36,Chile,Spanish,"Spanish, English",,Spanish:70|English:30,100,Spanish:70|English:30,100,Spanish:80|English:20,100,18,6,Bachelor's,10,10,10,6,8,9,7,17,14,16,TOEFL,80,,,,,23,25,C1,intermediate|advanced,intermediate|advanced,cambridge_22_25_intermediate_advanced,4,19,random,,158.26390075683594,1117.7431240081787,198.26390075683594,1136.7535610198975,2,9,hover,6.300000000745058,6.300000000745058,0.6447445676428001,0.5434024810791016,81,,,,,,2026-08-24T17:16:23.220Z,YVYMAZEH,2026-08-24,2026-08-24,13:16:23,2026-08-24 13:16:23,,,,,,,,6983fa3a644fcca4e5fd8b3b,6983fa3a644fcca4e5fd8b3b,,,,
12813,hover_association,2,2,int,26,3,8,9,21, city ,1098,182,,6983fa3a644fcca4e5fd8b3b,6983fa3a644fcca4e5fd8b3b,intermediate,3,6983fa3a644fcca4e5fd8b3b,6983fa3a644fcca4e5fd8b3b,spotlight_PROLIFIC,,36,Chile,Spanish,"Spanish, English",,Spanish:70|English:30,100,Spanish:70|English:30,100,Spanish:80|English:20,100,18,6,Bachelor's,10,10,10,6,8,9,7,17,14,16,TOEFL,80,,,,,23,25,C1,intermediate|advanced,intermediate|advanced,cambridge_22_25_intermediate_advanced,4,19,random,,158.26390075683594,1085.7639236450195,198.26390075683594,1117.7431240081787,2,8,hover,6.199999999254942,6.199999999254942,0.38262608870848214,0.5934024810791015,81,,,,,,2026-08-24T17:16:23.220Z,YVYMAZEH,2026-08-24,2026-08-24,13:16:23,2026-08-24 13:16:23,,,,,,,,6983fa3a644fcca4e5fd8b3b,6983fa3a644fcca4e5fd8b3b,,,,
12826,hover_association,2,2,int,26,3,8,9,20, ranking ,1063,188,,6983fa3a644fcca4e5fd8b3b,6983fa3a644fcca4e5fd8b3b,intermediate,3,6983fa3a644fcca4e5fd8b3b,6983fa3a644fcca4e5fd8b3b,spotlight_PROLIFIC,,36,Chile,Spanish,"Spanish, English",,Spanish:70|English:30,100,Spanish:70|English:30,100,Spanish:80|English:20,100,18,6,Bachelor's,10,10,10,6,8,9,7,17,14,16,TOEFL,80,,,,,23,25,C1,intermediate|advanced,intermediate|advanced,cambridge_22_25_intermediate_advanced,4,19,random,,158.26390075683594,1021.7708721160889,198.26390075683594,1085.7639236450195,2,7,hover,13.200000001117587,13.200000001117587,0.12859408462793528,0.9434024810791015,81,,,,,,2026-08-24T17:16:23.220Z,YVYMAZEH,2026-08-24,2026-08-24,13:16:23,2026-08-24 13:16:23,,,,,,,,6983fa3a644fcca4e5fd8b3b,6983fa3a644fcca4e5fd8b3b,,,,
12838,raw_position_sample,2,2,int,26,3,8,9,34," cities, ",962,216,4422923.7,6983fa3a644fcca4e5fd8b3b,6983fa3a644fcca4e5fd8b3b,intermediate,3,6983fa3a644fcca4e5fd8b3b,6983fa3a644fcca4e5fd8b3b,spotlight_PROLIFIC,,36,Chile,Spanish,"Spanish, English",,Spanish:70|English:30,100,Spanish:70|English:30,100,Spanish:80|English:20,100,18,6,Bachelor's,10,10,10,6,8,9,7,17,14,16,TOEFL,80,,,,,23,25,C1,intermediate|advanced,intermediate|advanced,cambridge_22_25_intermediate_advanced,4,19,random,,208.26390075683594,958.1597900390625,228.26390075683594,1009.1493759155273,3,6,,,,,,,,,,,,2026-08-24T17:16:23.220Z,YVYMAZEH,2026-08-24,2026-08-24,13:16:23,2026-08-24 13:16:23,,,,,,,,6983fa3a644fcca4e5fd8b3b,6983fa3a644fcca4e5fd8b3b,,,,
12844,hover_association,2,2,int,26,3,8,9,34," cities, ",995,206,,6983fa3a644fcca4e5fd8b3b,6983fa3a644fcca4e5fd8b3b,intermediate,3,6983fa3a644fcca4e5fd8b3b,6983fa3a644fcca4e5fd8b3b,spotlight_PROLIFIC,,36,Chile,Spanish,"Spanish, English",,Spanish:70|English:30,100,Spanish:70|English:30,100,Spanish:80|English:20,100,18,6,Bachelor's,10,10,10,6,8,9,7,17,14,16,TOEFL,80,,,,,23,25,C1,intermediate|advanced,intermediate|advanced,cambridge_22_25_intermediate_advanced,4,19,random,,198.26390075683594,958.1597785949707,238.26390075683594,1009.1493644714355,3,6,hover,17.09999999962747,17.09999999962747,0.07531383789492238,0.4434024810791016,81,,,,,,2026-08-24T17:16:23.220Z,YVYMAZEH,2026-08-24,2026-08-24,13:16:23,2026-08-24 13:16:23,,,,,,,,6983fa3a644fcca4e5fd8b3b,6983fa3a644fcca4e5fd8b3b,,,,
12855,hover_association,2,2,int,26,3,8,9,33, Canadian ,928,227,,6983fa3a644fcca4e5fd8b3b,6983fa3a644fcca4e5fd8b3b,intermediate,3,6983fa3a644fcca4e5fd8b3b,6983fa3a644fcca4e5fd8b3b,spotlight_PROLIFIC,,36,Chile,Spanish,"Spanish, English",,Spanish:70|English:30,100,Spanish:70|English:30,100,Spanish:80|English:20,100,18,6,Bachelor's,10,10,10,6,8,9,7,17,14,16,TOEFL,80,,,,,23,25,C1,intermediate|advanced,intermediate|advanced,cambridge_22_25_intermediate_advanced,4,19,random,,198.26390075683594,876.1458892822266,238.26390075683594,958.1597785949707,3,5,hover,11.400000000372529,11.400000000372529,0.29085452376012055,0.9434024810791015,81,,,,,,2026-08-24T17:16:23.220Z,YVYMAZEH,2026-08-24,2026-08-24,13:16:23,2026-08-24 13:16:23,,,,,,,,6983fa3a644fcca4e5fd8b3b,6983fa3a644fcca4e5fd8b3b,,,,
12868,hover_association,2,2,int,26,3,8,9,47, table. ,874,245,,6983fa3a644fcca4e5fd8b3b,6983fa3a644fcca4e5fd8b3b,intermediate,3,6983fa3a644fcca4e5fd8b3b,6983fa3a644fcca4e5fd8b3b,spotlight_PROLIFIC,,36,Chile,Spanish,"Spanish, English",,Spanish:70|English:30,100,Spanish:70|English:30,100,Spanish:80|English:20,100,18,6,Bachelor's,10,10,10,6,8,9,7,17,14,16,TOEFL,80,,,,,23,25,C1,intermediate|advanced,intermediate|advanced,cambridge_22_25_intermediate_advanced,4,19,random,,238.26390075683594,833.1250448226929,278.26390838623047,882.1354579925537,4,5,hover,12.699999999254942,12.699999999254942,0.36471749616466015,0.3434024155802888,81,,,,,,2026-08-24T17:16:23.220Z,YVYMAZEH,2026-08-24,2026-08-24,13:16:23,2026-08-24 13:16:23,,,,,,,,6983fa3a644fcca4e5fd8b3b,6983fa3a644fcca4e5fd8b3b,,,,
12881,hover_association,2,2,int,26,3,8,9,46, the ,831,255,,6983fa3a644fcca4e5fd8b3b,6983fa3a644fcca4e5fd8b3b,intermediate,3,6983fa3a644fcca4e5fd8b3b,6983fa3a644fcca4e5fd8b3b,spotlight_PROLIFIC,,36,Chile,Spanish,"Spanish, English",,Spanish:70|English:30,100,Spanish:70|English:30,100,Spanish:80|English:20,100,18,6,Bachelor's,10,10,10,6,8,9,7,17,14,16,TOEFL,80,,,,,23,25,C1,intermediate|advanced,intermediate|advanced,cambridge_22_25_intermediate_advanced,4,19,random,,238.26390075683594,803.10768699646,278.26390838623047,833.1250448226929,4,4,hover,13.699999999254942,13.699999999254942,0.2962390312637319,0.5434023774333234,81,,,,,,2026-08-24T17:16:23.220Z,YVYMAZEH,2026-08-24,2026-08-24,13:16:23,2026-08-24 13:16:23,,,,,,,,6983fa3a644fcca4e5fd8b3b,6983fa3a644fcca4e5fd8b3b,,,,
12888,hover_association,2,2,int,26,3,8,9,45, in ,792,262,,6983fa3a644fcca4e5fd8b3b,6983fa3a644fcca4e5fd8b3b,intermediate,3,6983fa3a644fcca4e5fd8b3b,6983fa3a644fcca4e5fd8b3b,spotlight_PROLIFIC,,36,Chile,Spanish,"Spanish, English",,Spanish:70|English:30,100,Spanish:70|English:30,100,Spanish:80|English:20,100,18,6,Bachelor's,10,10,10,6,8,9,7,17,14,16,TOEFL,80,,,,,23,25,C1,intermediate|advanced,intermediate|advanced,cambridge_22_25_intermediate_advanced,4,19,random,,238.26390075683594,784.0972805023193,278.26390838623047,803.10768699646,4,3,hover,6.700000001117587,6.700000001117587,0.41570491930913916,0.5934023678965821,81,,,,,,2026-08-24T17:16:23.220Z,YVYMAZEH,2026-08-24,2026-08-24,13:16:23,2026-08-24 13:16:23,,,,,,,,6983fa3a644fcca4e5fd8b3b,6983fa3a644fcca4e5fd8b3b,,,,
12891,raw_position_sample,2,2,int,26,3,8,9,44, rivals ,775,264,4422976.3,6983fa3a644fcca4e5fd8b3b,6983fa3a644fcca4e5fd8b3b,intermediate,3,6983fa3a644fcca4e5fd8b3b,6983fa3a644fcca4e5fd8b3b,spotlight_PROLIFIC,,36,Chile,Spanish,"Spanish, English",,Spanish:70|English:30,100,Spanish:70|English:30,100,Spanish:80|English:20,100,18,6,Bachelor's,10,10,10,6,8,9,7,17,14,16,TOEFL,80,,,,,23,25,C1,intermediate|advanced,intermediate|advanced,cambridge_22_25_intermediate_advanced,4,19,random,,248.26390075683594,737.1181030273438,268.26390075683594,784.0972709655762,4,2,,,,,,,,,,,,2026-08-24T17:16:23.220Z,YVYMAZEH,2026-08-24,2026-08-24,13:16:23,2026-08-24 13:16:23,,,,,,,,6983fa3a644fcca4e5fd8b3b,6983fa3a644fcca4e5fd8b3b,,,,
12929,hover_association,2,2,int,26,3,8,9,44, rivals ,775,264,,6983fa3a644fcca4e5fd8b3b,6983fa3a644fcca4e5fd8b3b,intermediate,3,6983fa3a644fcca4e5fd8b3b,6983fa3a644fcca4e5fd8b3b,spotlight_PROLIFIC,,36,Chile,Spanish,"Spanish, English",,Spanish:70|English:30,100,Spanish:70|English:30,100,Spanish:80|English:20,100,18,6,Bachelor's,10,10,10,6,8,9,7,17,14,16,TOEFL,80,,,,,23,25,C1,intermediate|advanced,intermediate|advanced,cambridge_22_25_intermediate_advanced,4,19,random,,238.26390075683594,737.1181039810181,278.26390838623047,784.0972805023193,4,2,hover,41.19999999925494,41.19999999925494,0.018772062098237605,0.66840235359147,81,,,,,,2026-08-24T17:16:23.220Z,YVYMAZEH,2026-08-24,2026-08-24,13:16:23,2026-08-24 13:16:23,,,,,,,,6983fa3a644fcca4e5fd8b3b,6983fa3a644fcca4e5fd8b3b,,,,
12939,raw_position_sample,2,2,int,26,3,8,9,43, US ,726,264,4423024.2,6983fa3a644fcca4e5fd8b3b,6983fa3a644fcca4e5fd8b3b,intermediate,3,6983fa3a644fcca4e5fd8b3b,6983fa3a644fcca4e5fd8b3b,spotlight_PROLIFIC,,36,Chile,Spanish,"Spanish, English",,Spanish:70|English:30,100,Spanish:70|English:30,100,Spanish:80|English:20,100,18,6,Bachelor's,10,10,10,6,8,9,7,17,14,16,TOEFL,80,,,,,23,25,C1,intermediate|advanced,intermediate|advanced,cambridge_22_25_intermediate_advanced,4,19,random,,248.26390075683594,707.1181030273438,268.26390075683594,737.1181049346924,4,1,,,,,,,,,,,,2026-08-24T17:16:23.220Z,YVYMAZEH,2026-08-24,2026-08-24,13:16:23,2026-08-24 13:16:23,,,,,,,,6983fa3a644fcca4e5fd8b3b,6983fa3a644fcca4e5fd8b3b,,,,
12984,hover_association,2,2,int,26,3,8,9,43, US ,732,265,,6983fa3a644fcca4e5fd8b3b,6983fa3a644fcca4e5fd8b3b,intermediate,3,6983fa3a644fcca4e5fd8b3b,6983fa3a644fcca4e5fd8b3b,spotlight_PROLIFIC,,36,Chile,Spanish,"Spanish, English",,Spanish:70|English:30,100,Spanish:70|English:30,100,Spanish:80|English:20,100,18,6,Bachelor's,10,10,10,6,8,9,7,17,14,16,TOEFL,80,,,,,23,25,C1,intermediate|advanced,intermediate|advanced,cambridge_22_25_intermediate_advanced,4,19,random,,238.26390075683594,703.3681027889252,278.26390838623047,737.1181039810181,4,1,hover,54.80000000074506,54.80000000074506,0.018722879666827178,0.5434023774333234,81,,,,,,2026-08-24T17:16:23.220Z,YVYMAZEH,2026-08-24,2026-08-24,13:16:23,2026-08-24 13:16:23,,,,,,,,6983fa3a644fcca4e5fd8b3b,6983fa3a644fcca4e5fd8b3b,,,,
12987,raw_position_sample,2,2,int,26,3,8,9,-1,999,702,260,4423072.899999999,6983fa3a644fcca4e5fd8b3b,6983fa3a644fcca4e5fd8b3b,intermediate,3,6983fa3a644fcca4e5fd8b3b,6983fa3a644fcca4e5fd8b3b,spotlight_PROLIFIC,,36,Chile,Spanish,"Spanish, English",,Spanish:70|English:30,100,Spanish:70|English:30,100,Spanish:80|English:20,100,18,6,Bachelor's,10,10,10,6,8,9,7,17,14,16,TOEFL,80,,,,,23,25,C1,intermediate|advanced,intermediate|advanced,cambridge_22_25_intermediate_advanced,4,19,random,,,,,,,,,,,,,,,,,,,2026-08-24T17:16:23.220Z,YVYMAZEH,2026-08-24,2026-08-24,13:16:23,2026-08-24 13:16:23,,,,,,,,6983fa3a644fcca4e5fd8b3b,6983fa3a644fcca4e5fd8b3b,,,,
13037,raw_position_sample,2,2,int,26,3,8,9,-1,999,690,255,4423122.8,6983fa3a644fcca4e5fd8b3b,6983fa3a644fcca4e5fd8b3b,intermediate,3,6983fa3a644fcca4e5fd8b3b,6983fa3a644fcca4e5fd8b3b,spotlight_PROLIFIC,,36,Chile,Spanish,"Spanish, English",,Spanish:70|English:30,100,Spanish:70|English:30,100,Spanish:80|English:20,100,18,6,Bachelor's,10,10,10,6,8,9,7,17,14,16,TOEFL,80,,,,,23,25,C1,intermediate|advanced,intermediate|advanced,cambridge_22_25_intermediate_advanced,4,19,random,,,,,,,,,,,,,,,,,,,2026-08-24T17:16:23.220Z,YVYMAZEH,2026-08-24,2026-08-24,13:16:23,2026-08-24 13:16:23,,,,,,,,6983fa3a644fcca4e5fd8b3b,6983fa3a644fcca4e5fd8b3b,,,,
13090,raw_position_sample,2,2,int,26,3,8,9,-1,999,684,253,4423175.2,6983fa3a644fcca4e5fd8b3b,6983fa3a644fcca4e5fd8b3b,intermediate,3,6983fa3a644fcca4e5fd8b3b,6983fa3a644fcca4e5fd8b3b,spotlight_PROLIFIC,,36,Chile,Spanish,"Spanish, English",,Spanish:70|English:30,100,Spanish:70|English:30,100,Spanish:80|English:20,100,18,6,Bachelor's,10,10,10,6,8,9,7,17,14,16,TOEFL,80,,,,,23,25,C1,intermediate|advanced,intermediate|advanced,cambridge_22_25_intermediate_advanced,4,19,random,,,,,,,,,,,,,,,,,,,2026-08-24T17:16:23.220Z,YVYMAZEH,2026-08-24,2026-08-24,13:16:23,2026-08-24 13:16:23,,,,,,,,6983fa3a644fcca4e5fd8b3b,6983fa3a644fcca4e5fd8b3b,,,,
13137,raw_position_sample,2,2,int,26,3,8,9,-1,999,683,252,4423222.8,6983fa3a644fcca4e5fd8b3b,6983fa3a644fcca4e5fd8b3b,intermediate,3,6983fa3a644fcca4e5fd8b3b,6983fa3a644fcca4e5fd8b3b,spotlight_PROLIFIC,,36,Chile,Spanish,"Spanish, English",,Spanish:70|English:30,100,Spanish:70|English:30,100,Spanish:80|English:20,100,18,6,Bachelor's,10,10,10,6,8,9,7,17,14,16,TOEFL,80,,,,,23,25,C1,intermediate|advanced,intermediate|advanced,cambridge_22_25_intermediate_advanced,4,19,random,,,,,,,,,,,,,,,,,,,2026-08-24T17:16:23.220Z,YVYMAZEH,2026-08-24,2026-08-24,13:16:23,2026-08-24 13:16:23,,,,,,,,6983fa3a644fcca4e5fd8b3b,6983fa3a644fcca4e5fd8b3b,,,,
13187,raw_position_sample,2,2,int,26,3,8,9,-1,999,683,250,4423272.8,6983fa3a644fcca4e5fd8b3b,6983fa3a644fcca4e5fd8b3b,intermediate,3,6983fa3a644fcca4e5fd8b3b,6983fa3a644fcca4e5fd8b3b,spotlight_PROLIFIC,,36,Chile,Spanish,"Spanish, English",,Spanish:70|English:30,100,Spanish:70|English:30,100,Spanish:80|English:20,100,18,6,Bachelor's,10,10,10,6,8,9,7,17,14,16,TOEFL,80,,,,,23,25,C1,intermediate|advanced,intermediate|advanced,cambridge_22_25_intermediate_advanced,4,19,random,,,,,,,,,,,,,,,,,,,2026-08-24T17:16:23.220Z,YVYMAZEH,2026-08-24,2026-08-24,13:16:23,2026-08-24 13:16:23,,,,,,,,6983fa3a644fcca4e5fd8b3b,6983fa3a644fcca4e5fd8b3b,,,,
13237,raw_position_sample,2,2,int,26,3,8,9,-1,999,688,247,4423322.899999999,6983fa3a644fcca4e5fd8b3b,6983fa3a644fcca4e5fd8b3b,intermediate,3,6983fa3a644fcca4e5fd8b3b,6983fa3a644fcca4e5fd8b3b,spotlight_PROLIFIC,,36,Chile,Spanish,"Spanish, English",,Spanish:70|English:30,100,Spanish:70|English:30,100,Spanish:80|English:20,100,18,6,Bachelor's,10,10,10,6,8,9,7,17,14,16,TOEFL,80,,,,,23,25,C1,intermediate|advanced,intermediate|advanced,cambridge_22_25_intermediate_advanced,4,19,random,,,,,,,,,,,,,,,,,,,2026-08-24T17:16:23.220Z,YVYMAZEH,2026-08-24,2026-08-24,13:16:23,2026-08-24 13:16:23,,,,,,,,6983fa3a644fcca4e5fd8b3b,6983fa3a644fcca4e5fd8b3b,,,,
13288,raw_position_sample,2,2,int,26,3,8,9,-1,999,694,245,4423373.000000001,6983fa3a644fcca4e5fd8b3b,6983fa3a644fcca4e5fd8b3b,intermediate,3,6983fa3a644fcca4e5fd8b3b,6983fa3a644fcca4e5fd8b3b,spotlight_PROLIFIC,,36,Chile,Spanish,"Spanish, English",,Spanish:70|English:30,100,Spanish:70|English:30,100,Spanish:80|English:20,100,18,6,Bachelor's,10,10,10,6,8,9,7,17,14,16,TOEFL,80,,,,,23,25,C1,intermediate|advanced,intermediate|advanced,cambridge_22_25_intermediate_advanced,4,19,random,,,,,,,,,,,,,,,,,,,2026-08-24T17:16:23.220Z,YVYMAZEH,2026-08-24,2026-08-24,13:16:23,2026-08-24 13:16:23,,,,,,,,6983fa3a644fcca4e5fd8b3b,6983fa3a644fcca4e5fd8b3b,,,,
13337,raw_position_sample,2,2,int,26,3,8,9,-1,999,700,243,4423422.899999999,6983fa3a644fcca4e5fd8b3b,6983fa3a644fcca4e5fd8b3b,intermediate,3,6983fa3a644fcca4e5fd8b3b,6983fa3a644fcca4e5fd8b3b,spotlight_PROLIFIC,,36,Chile,Spanish,"Spanish, English",,Spanish:70|English:30,100,Spanish:70|English:30,100,Spanish:80|English:20,100,18,6,Bachelor's,10,10,10,6,8,9,7,17,14,16,TOEFL,80,,,,,23,25,C1,intermediate|advanced,intermediate|advanced,cambridge_22_25_intermediate_advanced,4,19,random,,,,,,,,,,,,,,,,,,,2026-08-24T17:16:23.220Z,YVYMAZEH,2026-08-24,2026-08-24,13:16:23,2026-08-24 13:16:23,,,,,,,,6983fa3a644fcca4e5fd8b3b,6983fa3a644fcca4e5fd8b3b,,,,
13388,raw_position_sample,2,2,int,26,3,8,9,43, US ,704,240,4423473.7,6983fa3a644fcca4e5fd8b3b,6983fa3a644fcca4e5fd8b3b,intermediate,3,6983fa3a644fcca4e5fd8b3b,6983fa3a644fcca4e5fd8b3b,spotlight_PROLIFIC,,36,Chile,Spanish,"Spanish, English",,Spanish:70|English:30,100,Spanish:70|English:30,100,Spanish:80|English:20,100,18,6,Bachelor's,10,10,10,6,8,9,7,17,14,16,TOEFL,80,,,,,23,25,C1,intermediate|advanced,intermediate|advanced,cambridge_22_25_intermediate_advanced,4,19,random,,248.26390075683594,707.1181030273438,268.26390075683594,737.1181049346924,4,1,,,,,,,,,,,,2026-08-24T17:16:23.220Z,YVYMAZEH,2026-08-24,2026-08-24,13:16:23,2026-08-24 13:16:23,,,,,,,,6983fa3a644fcca4e5fd8b3b,6983fa3a644fcca4e5fd8b3b,,,,
13389,hover_association,2,2,int,26,3,8,9,43, US ,704,240,,6983fa3a644fcca4e5fd8b3b,6983fa3a644fcca4e5fd8b3b,intermediate,3,6983fa3a644fcca4e5fd8b3b,6983fa3a644fcca4e5fd8b3b,spotlight_PROLIFIC,,36,Chile,Spanish,"Spanish, English",,Spanish:70|English:30,100,Spanish:70|English:30,100,Spanish:80|English:20,100,18,6,Bachelor's,10,10,10,6,8,9,7,17,14,16,TOEFL,80,,,,,23,25,C1,intermediate|advanced,intermediate|advanced,cambridge_22_25_intermediate_advanced,4,19,random,,238.26390075683594,703.3681027889252,278.26390838623047,737.1181039810181,4,1,hover,7.099999999627471,7.099999999627471,0.018722879666827178,0.04340247280073685,81,,,,,,2026-08-24T17:16:23.220Z,YVYMAZEH,2026-08-24,2026-08-24,13:16:23,2026-08-24 13:16:23,,,,,,,,6983fa3a644fcca4e5fd8b3b,6983fa3a644fcca4e5fd8b3b,,,,
13438,raw_position_sample,2,2,int,26,3,8,9,29, 28th; ,706,238,4423523.7,6983fa3a644fcca4e5fd8b3b,6983fa3a644fcca4e5fd8b3b,intermediate,3,6983fa3a644fcca4e5fd8b3b,6983fa3a644fcca4e5fd8b3b,spotlight_PROLIFIC,,36,Chile,Spanish,"Spanish, English",,Spanish:70|English:30,100,Spanish:70|English:30,100,Spanish:80|English:20,100,18,6,Bachelor's,10,10,10,6,8,9,7,17,14,16,TOEFL,80,,,,,23,25,C1,intermediate|advanced,intermediate|advanced,cambridge_22_25_intermediate_advanced,4,19,random,,208.26390075683594,707.1181030273438,228.26390075683594,752.1354675292969,3,1,,,,,,,,,,,,2026-08-24T17:16:23.220Z,YVYMAZEH,2026-08-24,2026-08-24,13:16:23,2026-08-24 13:16:23,,,,,,,,6983fa3a644fcca4e5fd8b3b,6983fa3a644fcca4e5fd8b3b,,,,
13488,raw_position_sample,2,2,int,26,3,8,9,29, 28th; ,708,235,4423574.000000001,6983fa3a644fcca4e5fd8b3b,6983fa3a644fcca4e5fd8b3b,intermediate,3,6983fa3a644fcca4e5fd8b3b,6983fa3a644fcca4e5fd8b3b,spotlight_PROLIFIC,,36,Chile,Spanish,"Spanish, English",,Spanish:70|English:30,100,Spanish:70|English:30,100,Spanish:80|English:20,100,18,6,Bachelor's,10,10,10,6,8,9,7,17,14,16,TOEFL,80,,,,,23,25,C1,intermediate|advanced,intermediate|advanced,cambridge_22_25_intermediate_advanced,4,19,random,,208.26390075683594,707.1181030273438,228.26390075683594,752.1354675292969,3,1,,,,,,,,,,,,2026-08-24T17:16:23.220Z,YVYMAZEH,2026-08-24,2026-08-24,13:16:23,2026-08-24 13:16:23,,,,,,,,6983fa3a644fcca4e5fd8b3b,6983fa3a644fcca4e5fd8b3b,,,,
13538,raw_position_sample,2,2,int,26,3,8,9,29, 28th; ,712,231,4423623.7,6983fa3a644fcca4e5fd8b3b,6983fa3a644fcca4e5fd8b3b,intermediate,3,6983fa3a644fcca4e5fd8b3b,6983fa3a644fcca4e5fd8b3b,spotlight_PROLIFIC,,36,Chile,Spanish,"Spanish, English",,Spanish:70|English:30,100,Spanish:70|English:30,100,Spanish:80|English:20,100,18,6,Bachelor's,10,10,10,6,8,9,7,17,14,16,TOEFL,80,,,,,23,25,C1,intermediate|advanced,intermediate|advanced,cambridge_22_25_intermediate_advanced,4,19,random,,208.26390075683594,707.1181030273438,228.26390075683594,752.1354675292969,3,1,,,,,,,,,,,,2026-08-24T17:16:23.220Z,YVYMAZEH,2026-08-24,2026-08-24,13:16:23,2026-08-24 13:16:23,,,,,,,,6983fa3a644fcca4e5fd8b3b,6983fa3a644fcca4e5fd8b3b,,,,
13591,raw_position_sample,2,2,int,26,3,8,9,29, 28th; ,714,227,4423676.8,6983fa3a644fcca4e5fd8b3b,6983fa3a644fcca4e5fd8b3b,intermediate,3,6983fa3a644fcca4e5fd8b3b,6983fa3a644fcca4e5fd8b3b,spotlight_PROLIFIC,,36,Chile,Spanish,"Spanish, English",,Spanish:70|English:30,100,Spanish:70|English:30,100,Spanish:80|English:20,100,18,6,Bachelor's,10,10,10,6,8,9,7,17,14,16,TOEFL,80,,,,,23,25,C1,intermediate|advanced,intermediate|advanced,cambridge_22_25_intermediate_advanced,4,19,random,,208.26390075683594,707.1181030273438,228.26390075683594,752.1354675292969,3,1,,,,,,,,,,,,2026-08-24T17:16:23.220Z,YVYMAZEH,2026-08-24,2026-08-24,13:16:23,2026-08-24 13:16:23,,,,,,,,6983fa3a644fcca4e5fd8b3b,6983fa3a644fcca4e5fd8b3b,,,,
13638,raw_position_sample,2,2,int,26,3,8,9,29, 28th; ,715,227,4423723.600000001,6983fa3a644fcca4e5fd8b3b,6983fa3a644fcca4e5fd8b3b,intermediate,3,6983fa3a644fcca4e5fd8b3b,6983fa3a644fcca4e5fd8b3b,spotlight_PROLIFIC,,36,Chile,Spanish,"Spanish, English",,Spanish:70|English:30,100,Spanish:70|English:30,100,Spanish:80|English:20,100,18,6,Bachelor's,10,10,10,6,8,9,7,17,14,16,TOEFL,80,,,,,23,25,C1,intermediate|advanced,intermediate|advanced,cambridge_22_25_intermediate_advanced,4,19,random,,208.26390075683594,707.1181030273438,228.26390075683594,752.1354675292969,3,1,,,,,,,,,,,,2026-08-24T17:16:23.220Z,YVYMAZEH,2026-08-24,2026-08-24,13:16:23,2026-08-24 13:16:23,,,,,,,,6983fa3a644fcca4e5fd8b3b,6983fa3a644fcca4e5fd8b3b,,,,
13688,raw_position_sample,2,2,int,26,3,8,9,29, 28th; ,716,226,4423773.600000001,6983fa3a644fcca4e5fd8b3b,6983fa3a644fcca4e5fd8b3b,intermediate,3,6983fa3a644fcca4e5fd8b3b,6983fa3a644fcca4e5fd8b3b,spotlight_PROLIFIC,,36,Chile,Spanish,"Spanish, English",,Spanish:70|English:30,100,Spanish:70|English:30,100,Spanish:80|English:20,100,18,6,Bachelor's,10,10,10,6,8,9,7,17,14,16,TOEFL,80,,,,,23,25,C1,intermediate|advanced,intermediate|advanced,cambridge_22_25_intermediate_advanced,4,19,random,,208.26390075683594,707.1181030273438,228.26390075683594,752.1354675292969,3,1,,,,,,,,,,,,2026-08-24T17:16:23.220Z,YVYMAZEH,2026-08-24,2026-08-24,13:16:23,2026-08-24 13:16:23,,,,,,,,6983fa3a644fcca4e5fd8b3b,6983fa3a644fcca4e5fd8b3b,,,,
13738,raw_position_sample,2,2,int,26,3,8,9,29, 28th; ,721,225,4423823.500000001,6983fa3a644fcca4e5fd8b3b,6983fa3a644fcca4e5fd8b3b,intermediate,3,6983fa3a644fcca4e5fd8b3b,6983fa3a644fcca4e5fd8b3b,spotlight_PROLIFIC,,36,Chile,Spanish,"Spanish, English",,Spanish:70|English:30,100,Spanish:70|English:30,100,Spanish:80|English:20,100,18,6,Bachelor's,10,10,10,6,8,9,7,17,14,16,TOEFL,80,,,,,23,25,C1,intermediate|advanced,intermediate|advanced,cambridge_22_25_intermediate_advanced,4,19,random,,208.26390075683594,707.1181030273438,228.26390075683594,752.1354675292969,3,1,,,,,,,,,,,,2026-08-24T17:16:23.220Z,YVYMAZEH,2026-08-24,2026-08-24,13:16:23,2026-08-24 13:16:23,,,,,,,,6983fa3a644fcca4e5fd8b3b,6983fa3a644fcca4e5fd8b3b,,,,
13791,raw_position_sample,2,2,int,26,3,8,9,29, 28th; ,730,224,4423876.500000001,6983fa3a644fcca4e5fd8b3b,6983fa3a644fcca4e5fd8b3b,intermediate,3,6983fa3a644fcca4e5fd8b3b,6983fa3a644fcca4e5fd8b3b,spotlight_PROLIFIC,,36,Chile,Spanish,"Spanish, English",,Spanish:70|English:30,100,Spanish:70|English:30,100,Spanish:80|English:20,100,18,6,Bachelor's,10,10,10,6,8,9,7,17,14,16,TOEFL,80,,,,,23,25,C1,intermediate|advanced,intermediate|advanced,cambridge_22_25_intermediate_advanced,4,19,random,,208.26390075683594,707.1181030273438,228.26390075683594,752.1354675292969,3,1,,,,,,,,,,,,2026-08-24T17:16:23.220Z,YVYMAZEH,2026-08-24,2026-08-24,13:16:23,2026-08-24 13:16:23,,,,,,,,6983fa3a644fcca4e5fd8b3b,6983fa3a644fcca4e5fd8b3b,,,,
13840,raw_position_sample,2,2,int,26,3,8,9,29, 28th; ,740,223,4423925.3,6983fa3a644fcca4e5fd8b3b,6983fa3a644fcca4e5fd8b3b,intermediate,3,6983fa3a644fcca4e5fd8b3b,6983fa3a644fcca4e5fd8b3b,spotlight_PROLIFIC,,36,Chile,Spanish,"Spanish, English",,Spanish:70|English:30,100,Spanish:70|English:30,100,Spanish:80|English:20,100,18,6,Bachelor's,10,10,10,6,8,9,7,17,14,16,TOEFL,80,,,,,23,25,C1,intermediate|advanced,intermediate|advanced,cambridge_22_25_intermediate_advanced,4,19,random,,208.26390075683594,707.1181030273438,228.26390075683594,752.1354675292969,3,1,,,,,,,,,,,,2026-08-24T17:16:23.220Z,YVYMAZEH,2026-08-24,2026-08-24,13:16:23,2026-08-24 13:16:23,,,,,,,,6983fa3a644fcca4e5fd8b3b,6983fa3a644fcca4e5fd8b3b,,,,
13888,raw_position_sample,2,2,int,26,3,8,9,29, 28th; ,746,222,4423973.7,6983fa3a644fcca4e5fd8b3b,6983fa3a644fcca4e5fd8b3b,intermediate,3,6983fa3a644fcca4e5fd8b3b,6983fa3a644fcca4e5fd8b3b,spotlight_PROLIFIC,,36,Chile,Spanish,"Spanish, English",,Spanish:70|English:30,100,Spanish:70|English:30,100,Spanish:80|English:20,100,18,6,Bachelor's,10,10,10,6,8,9,7,17,14,16,TOEFL,80,,,,,23,25,C1,intermediate|advanced,intermediate|advanced,cambridge_22_25_intermediate_advanced,4,19,random,,208.26390075683594,707.1181030273438,228.26390075683594,752.1354675292969,3,1,,,,,,,,,,,,2026-08-24T17:16:23.220Z,YVYMAZEH,2026-08-24,2026-08-24,13:16:23,2026-08-24 13:16:23,,,,,,,,6983fa3a644fcca4e5fd8b3b,6983fa3a644fcca4e5fd8b3b,,,,
13940,raw_position_sample,2,2,int,26,3,8,9,29, 28th; ,752,221,4424025.899999999,6983fa3a644fcca4e5fd8b3b,6983fa3a644fcca4e5fd8b3b,intermediate,3,6983fa3a644fcca4e5fd8b3b,6983fa3a644fcca4e5fd8b3b,spotlight_PROLIFIC,,36,Chile,Spanish,"Spanish, English",,Spanish:70|English:30,100,Spanish:70|English:30,100,Spanish:80|English:20,100,18,6,Bachelor's,10,10,10,6,8,9,7,17,14,16,TOEFL,80,,,,,23,25,C1,intermediate|advanced,intermediate|advanced,cambridge_22_25_intermediate_advanced,4,19,random,,208.26390075683594,707.1181030273438,228.26390075683594,752.1354675292969,3,1,,,,,,,,,,,,2026-08-24T17:16:23.220Z,YVYMAZEH,2026-08-24,2026-08-24,13:16:23,2026-08-24 13:16:23,,,,,,,,6983fa3a644fcca4e5fd8b3b,6983fa3a644fcca4e5fd8b3b,,,,
13952,hover_association,2,2,int,26,3,8,9,29, 28th; ,705,238,,6983fa3a644fcca4e5fd8b3b,6983fa3a644fcca4e5fd8b3b,intermediate,3,6983fa3a644fcca4e5fd8b3b,6983fa3a644fcca4e5fd8b3b,spotlight_PROLIFIC,,36,Chile,Spanish,"Spanish, English",,Spanish:70|English:30,100,Spanish:70|English:30,100,Spanish:80|English:20,100,18,6,Bachelor's,10,10,10,6,8,9,7,17,14,16,TOEFL,80,,,,,23,25,C1,intermediate|advanced,intermediate|advanced,cambridge_22_25_intermediate_advanced,4,19,random,,198.26390075683594,703.3681027889252,238.26390075683594,752.1354522705078,3,1,hover,562.1999999992549,562.1999999992549,0.9972224803695972,0.5684024810791015,81,,,,,,2026-08-24T17:16:23.220Z,YVYMAZEH,2026-08-24,2026-08-24,13:16:23,2026-08-24 13:16:23,,,,,,,,6983fa3a644fcca4e5fd8b3b,6983fa3a644fcca4e5fd8b3b,,,,
13988,raw_position_sample,2,2,int,26,3,8,9,30, Boston ,754,221,4424073.899999999,6983fa3a644fcca4e5fd8b3b,6983fa3a644fcca4e5fd8b3b,intermediate,3,6983fa3a644fcca4e5fd8b3b,6983fa3a644fcca4e5fd8b3b,spotlight_PROLIFIC,,36,Chile,Spanish,"Spanish, English",,Spanish:70|English:30,100,Spanish:70|English:30,100,Spanish:80|English:20,100,18,6,Bachelor's,10,10,10,6,8,9,7,17,14,16,TOEFL,80,,,,,23,25,C1,intermediate|advanced,intermediate|advanced,cambridge_22_25_intermediate_advanced,4,19,random,,208.26390075683594,752.1354370117188,228.26390075683594,813.1423835754395,3,2,,,,,,,,,,,,2026-08-24T17:16:23.220Z,YVYMAZEH,2026-08-24,2026-08-24,13:16:23,2026-08-24 13:16:23,,,,,,,,6983fa3a644fcca4e5fd8b3b,6983fa3a644fcca4e5fd8b3b,,,,
14038,raw_position_sample,2,2,int,26,3,8,9,30, Boston ,754,221,4424123.7,6983fa3a644fcca4e5fd8b3b,6983fa3a644fcca4e5fd8b3b,intermediate,3,6983fa3a644fcca4e5fd8b3b,6983fa3a644fcca4e5fd8b3b,spotlight_PROLIFIC,,36,Chile,Spanish,"Spanish, English",,Spanish:70|English:30,100,Spanish:70|English:30,100,Spanish:80|English:20,100,18,6,Bachelor's,10,10,10,6,8,9,7,17,14,16,TOEFL,80,,,,,23,25,C1,intermediate|advanced,intermediate|advanced,cambridge_22_25_intermediate_advanced,4,19,random,,208.26390075683594,752.1354370117188,228.26390075683594,813.1423835754395,3,2,,,,,,,,,,,,2026-08-24T17:16:23.220Z,YVYMAZEH,2026-08-24,2026-08-24,13:16:23,2026-08-24 13:16:23,,,,,,,,6983fa3a644fcca4e5fd8b3b,6983fa3a644fcca4e5fd8b3b,,,,
14088,raw_position_sample,2,2,int,26,3,8,9,30, Boston ,755,221,4424173.8,6983fa3a644fcca4e5fd8b3b,6983fa3a644fcca4e5fd8b3b,intermediate,3,6983fa3a644fcca4e5fd8b3b,6983fa3a644fcca4e5fd8b3b,spotlight_PROLIFIC,,36,Chile,Spanish,"Spanish, English",,Spanish:70|English:30,100,Spanish:70|English:30,100,Spanish:80|English:20,100,18,6,Bachelor's,10,10,10,6,8,9,7,17,14,16,TOEFL,80,,,,,23,25,C1,intermediate|advanced,intermediate|advanced,cambridge_22_25_intermediate_advanced,4,19,random,,208.26390075683594,752.1354370117188,228.26390075683594,813.1423835754395,3,2,,,,,,,,,,,,2026-08-24T17:16:23.220Z,YVYMAZEH,2026-08-24,2026-08-24,13:16:23,2026-08-24 13:16:23,,,,,,,,6983fa3a644fcca4e5fd8b3b,6983fa3a644fcca4e5fd8b3b,,,,
14138,raw_position_sample,2,2,int,26,3,8,9,30, Boston ,755,221,4424223.7,6983fa3a644fcca4e5fd8b3b,6983fa3a644fcca4e5fd8b3b,intermediate,3,6983fa3a644fcca4e5fd8b3b,6983fa3a644fcca4e5fd8b3b,spotlight_PROLIFIC,,36,Chile,Spanish,"Spanish, English",,Spanish:70|English:30,100,Spanish:70|English:30,100,Spanish:80|English:20,100,18,6,Bachelor's,10,10,10,6,8,9,7,17,14,16,TOEFL,80,,,,,23,25,C1,intermediate|advanced,intermediate|advanced,cambridge_22_25_intermediate_advanced,4,19,random,,208.26390075683594,752.1354370117188,228.26390075683594,813.1423835754395,3,2,,,,,,,,,,,,2026-08-24T17:16:23.220Z,YVYMAZEH,2026-08-24,2026-08-24,13:16:23,2026-08-24 13:16:23,,,,,,,,6983fa3a644fcca4e5fd8b3b,6983fa3a644fcca4e5fd8b3b,,,,
14188,raw_position_sample,2,2,int,26,3,8,9,30, Boston ,755,221,4424273.7,6983fa3a644fcca4e5fd8b3b,6983fa3a644fcca4e5fd8b3b,intermediate,3,6983fa3a644fcca4e5fd8b3b,6983fa3a644fcca4e5fd8b3b,spotlight_PROLIFIC,,36,Chile,Spanish,"Spanish, English",,Spanish:70|English:30,100,Spanish:70|English:30,100,Spanish:80|English:20,100,18,6,Bachelor's,10,10,10,6,8,9,7,17,14,16,TOEFL,80,,,,,23,25,C1,intermediate|advanced,intermediate|advanced,cambridge_22_25_intermediate_advanced,4,19,random,,208.26390075683594,752.1354370117188,228.26390075683594,813.1423835754395,3,2,,,,,,,,,,,,2026-08-24T17:16:23.220Z,YVYMAZEH,2026-08-24,2026-08-24,13:16:23,2026-08-24 13:16:23,,,,,,,,6983fa3a644fcca4e5fd8b3b,6983fa3a644fcca4e5fd8b3b,,,,
14238,raw_position_sample,2,2,int,26,3,8,9,30, Boston ,753,221,4424323.7,6983fa3a644fcca4e5fd8b3b,6983fa3a644fcca4e5fd8b3b,intermediate,3,6983fa3a644fcca4e5fd8b3b,6983fa3a644fcca4e5fd8b3b,spotlight_PROLIFIC,,36,Chile,Spanish,"Spanish, English",,Spanish:70|English:30,100,Spanish:70|English:30,100,Spanish:80|English:20,100,18,6,Bachelor's,10,10,10,6,8,9,7,17,14,16,TOEFL,80,,,,,23,25,C1,intermediate|advanced,intermediate|advanced,cambridge_22_25_intermediate_advanced,4,19,random,,208.26390075683594,752.1354370117188,228.26390075683594,813.1423835754395,3,2,,,,,,,,,,,,2026-08-24T17:16:23.220Z,YVYMAZEH,2026-08-24,2026-08-24,13:16:23,2026-08-24 13:16:23,,,,,,,,6983fa3a644fcca4e5fd8b3b,6983fa3a644fcca4e5fd8b3b,,,,
14239,hover_association,2,2,int,26,3,8,9,30, Boston ,753,221,,6983fa3a644fcca4e5fd8b3b,6983fa3a644fcca4e5fd8b3b,intermediate,3,6983fa3a644fcca4e5fd8b3b,6983fa3a644fcca4e5fd8b3b,spotlight_PROLIFIC,,36,Chile,Spanish,"Spanish, English",,Spanish:70|English:30,100,Spanish:70|English:30,100,Spanish:80|English:20,100,18,6,Bachelor's,10,10,10,6,8,9,7,17,14,16,TOEFL,80,,,,,23,25,C1,intermediate|advanced,intermediate|advanced,cambridge_22_25_intermediate_advanced,4,19,random,,198.26390075683594,752.1354522705078,238.26390075683594,813.1423892974854,3,2,hover,287.7000000011176,287.7000000011176,0.014171302012915034,0.5684024810791015,81,,,,,,2026-08-24T17:16:23.220Z,YVYMAZEH,2026-08-24,2026-08-24,13:16:23,2026-08-24 13:16:23,,,,,,,,6983fa3a644fcca4e5fd8b3b,6983fa3a644fcca4e5fd8b3b,,,,
14290,raw_position_sample,2,2,int,26,3,8,9,29, 28th; ,743,220,4424375.2,6983fa3a644fcca4e5fd8b3b,6983fa3a644fcca4e5fd8b3b,intermediate,3,6983fa3a644fcca4e5fd8b3b,6983fa3a644fcca4e5fd8b3b,spotlight_PROLIFIC,,36,Chile,Spanish,"Spanish, English",,Spanish:70|English:30,100,Spanish:70|English:30,100,Spanish:80|English:20,100,18,6,Bachelor's,10,10,10,6,8,9,7,17,14,16,TOEFL,80,,,,,23,25,C1,intermediate|advanced,intermediate|advanced,cambridge_22_25_intermediate_advanced,4,19,random,,208.26390075683594,707.1181030273438,228.26390075683594,752.1354675292969,3,1,,,,,,,,,,,,2026-08-24T17:16:23.220Z,YVYMAZEH,2026-08-24,2026-08-24,13:16:23,2026-08-24 13:16:23,,,,,,,,6983fa3a644fcca4e5fd8b3b,6983fa3a644fcca4e5fd8b3b,,,,
14339,raw_position_sample,2,2,int,26,3,8,9,29, 28th; ,733,220,4424423.899999999,6983fa3a644fcca4e5fd8b3b,6983fa3a644fcca4e5fd8b3b,intermediate,3,6983fa3a644fcca4e5fd8b3b,6983fa3a644fcca4e5fd8b3b,spotlight_PROLIFIC,,36,Chile,Spanish,"Spanish, English",,Spanish:70|English:30,100,Spanish:70|English:30,100,Spanish:80|English:20,100,18,6,Bachelor's,10,10,10,6,8,9,7,17,14,16,TOEFL,80,,,,,23,25,C1,intermediate|advanced,intermediate|advanced,cambridge_22_25_intermediate_advanced,4,19,random,,208.26390075683594,707.1181030273438,228.26390075683594,752.1354675292969,3,1,,,,,,,,,,,,2026-08-24T17:16:23.220Z,YVYMAZEH,2026-08-24,2026-08-24,13:16:23,2026-08-24 13:16:23,,,,,,,,6983fa3a644fcca4e5fd8b3b,6983fa3a644fcca4e5fd8b3b,,,,
14388,raw_position_sample,2,2,int,26,3,8,9,29, 28th; ,724,220,4424473.8,6983fa3a644fcca4e5fd8b3b,6983fa3a644fcca4e5fd8b3b,intermediate,3,6983fa3a644fcca4e5fd8b3b,6983fa3a644fcca4e5fd8b3b,spotlight_PROLIFIC,,36,Chile,Spanish,"Spanish, English",,Spanish:70|English:30,100,Spanish:70|English:30,100,Spanish:80|English:20,100,18,6,Bachelor's,10,10,10,6,8,9,7,17,14,16,TOEFL,80,,,,,23,25,C1,intermediate|advanced,intermediate|advanced,cambridge_22_25_intermediate_advanced,4,19,random,,208.26390075683594,707.1181030273438,228.26390075683594,752.1354675292969,3,1,,,,,,,,,,,,2026-08-24T17:16:23.220Z,YVYMAZEH,2026-08-24,2026-08-24,13:16:23,2026-08-24 13:16:23,,,,,,,,6983fa3a644fcca4e5fd8b3b,6983fa3a644fcca4e5fd8b3b,,,,
14438,raw_position_sample,2,2,int,26,3,8,9,29, 28th; ,721,220,4424523.600000001,6983fa3a644fcca4e5fd8b3b,6983fa3a644fcca4e5fd8b3b,intermediate,3,6983fa3a644fcca4e5fd8b3b,6983fa3a644fcca4e5fd8b3b,spotlight_PROLIFIC,,36,Chile,Spanish,"Spanish, English",,Spanish:70|English:30,100,Spanish:70|English:30,100,Spanish:80|English:20,100,18,6,Bachelor's,10,10,10,6,8,9,7,17,14,16,TOEFL,80,,,,,23,25,C1,intermediate|advanced,intermediate|advanced,cambridge_22_25_intermediate_advanced,4,19,random,,208.26390075683594,707.1181030273438,228.26390075683594,752.1354675292969,3,1,,,,,,,,,,,,2026-08-24T17:16:23.220Z,YVYMAZEH,2026-08-24,2026-08-24,13:16:23,2026-08-24 13:16:23,,,,,,,,6983fa3a644fcca4e5fd8b3b,6983fa3a644fcca4e5fd8b3b,,,,
14488,raw_position_sample,2,2,int,26,3,8,9,29, 28th; ,720,220,4424573.600000001,6983fa3a644fcca4e5fd8b3b,6983fa3a644fcca4e5fd8b3b,intermediate,3,6983fa3a644fcca4e5fd8b3b,6983fa3a644fcca4e5fd8b3b,spotlight_PROLIFIC,,36,Chile,Spanish,"Spanish, English",,Spanish:70|English:30,100,Spanish:70|English:30,100,Spanish:80|English:20,100,18,6,Bachelor's,10,10,10,6,8,9,7,17,14,16,TOEFL,80,,,,,23,25,C1,intermediate|advanced,intermediate|advanced,cambridge_22_25_intermediate_advanced,4,19,random,,208.26390075683594,707.1181030273438,228.26390075683594,752.1354675292969,3,1,,,,,,,,,,,,2026-08-24T17:16:23.220Z,YVYMAZEH,2026-08-24,2026-08-24,13:16:23,2026-08-24 13:16:23,,,,,,,,6983fa3a644fcca4e5fd8b3b,6983fa3a644fcca4e5fd8b3b,,,,
14538,raw_position_sample,2,2,int,26,3,8,9,29, 28th; ,721,220,4424623.600000001,6983fa3a644fcca4e5fd8b3b,6983fa3a644fcca4e5fd8b3b,intermediate,3,6983fa3a644fcca4e5fd8b3b,6983fa3a644fcca4e5fd8b3b,spotlight_PROLIFIC,,36,Chile,Spanish,"Spanish, English",,Spanish:70|English:30,100,Spanish:70|English:30,100,Spanish:80|English:20,100,18,6,Bachelor's,10,10,10,6,8,9,7,17,14,16,TOEFL,80,,,,,23,25,C1,intermediate|advanced,intermediate|advanced,cambridge_22_25_intermediate_advanced,4,19,random,,208.26390075683594,707.1181030273438,228.26390075683594,752.1354675292969,3,1,,,,,,,,,,,,2026-08-24T17:16:23.220Z,YVYMAZEH,2026-08-24,2026-08-24,13:16:23,2026-08-24 13:16:23,,,,,,,,6983fa3a644fcca4e5fd8b3b,6983fa3a644fcca4e5fd8b3b,,,,
14588,raw_position_sample,2,2,int,26,3,8,9,29, 28th; ,724,220,4424673.7,6983fa3a644fcca4e5fd8b3b,6983fa3a644fcca4e5fd8b3b,intermediate,3,6983fa3a644fcca4e5fd8b3b,6983fa3a644fcca4e5fd8b3b,spotlight_PROLIFIC,,36,Chile,Spanish,"Spanish, English",,Spanish:70|English:30,100,Spanish:70|English:30,100,Spanish:80|English:20,100,18,6,Bachelor's,10,10,10,6,8,9,7,17,14,16,TOEFL,80,,,,,23,25,C1,intermediate|advanced,intermediate|advanced,cambridge_22_25_intermediate_advanced,4,19,random,,208.26390075683594,707.1181030273438,228.26390075683594,752.1354675292969,3,1,,,,,,,,,,,,2026-08-24T17:16:23.220Z,YVYMAZEH,2026-08-24,2026-08-24,13:16:23,2026-08-24 13:16:23,,,,,,,,6983fa3a644fcca4e5fd8b3b,6983fa3a644fcca4e5fd8b3b,,,,
14640,raw_position_sample,2,2,int,26,3,8,9,29, 28th; ,730,220,4424725.000000001,6983fa3a644fcca4e5fd8b3b,6983fa3a644fcca4e5fd8b3b,intermediate,3,6983fa3a644fcca4e5fd8b3b,6983fa3a644fcca4e5fd8b3b,spotlight_PROLIFIC,,36,Chile,Spanish,"Spanish, English",,Spanish:70|English:30,100,Spanish:70|English:30,100,Spanish:80|English:20,100,18,6,Bachelor's,10,10,10,6,8,9,7,17,14,16,TOEFL,80,,,,,23,25,C1,intermediate|advanced,intermediate|advanced,cambridge_22_25_intermediate_advanced,4,19,random,,208.26390075683594,707.1181030273438,228.26390075683594,752.1354675292969,3,1,,,,,,,,,,,,2026-08-24T17:16:23.220Z,YVYMAZEH,2026-08-24,2026-08-24,13:16:23,2026-08-24 13:16:23,,,,,,,,6983fa3a644fcca4e5fd8b3b,6983fa3a644fcca4e5fd8b3b,,,,
14689,raw_position_sample,2,2,int,26,3,8,9,29, 28th; ,734,220,4424774.100000001,6983fa3a644fcca4e5fd8b3b,6983fa3a644fcca4e5fd8b3b,intermediate,3,6983fa3a644fcca4e5fd8b3b,6983fa3a644fcca4e5fd8b3b,spotlight_PROLIFIC,,36,Chile,Spanish,"Spanish, English",,Spanish:70|English:30,100,Spanish:70|English:30,100,Spanish:80|English:20,100,18,6,Bachelor's,10,10,10,6,8,9,7,17,14,16,TOEFL,80,,,,,23,25,C1,intermediate|advanced,intermediate|advanced,cambridge_22_25_intermediate_advanced,4,19,random,,208.26390075683594,707.1181030273438,228.26390075683594,752.1354675292969,3,1,,,,,,,,,,,,2026-08-24T17:16:23.220Z,YVYMAZEH,2026-08-24,2026-08-24,13:16:23,2026-08-24 13:16:23,,,,,,,,6983fa3a644fcca4e5fd8b3b,6983fa3a644fcca4e5fd8b3b,,,,
14738,raw_position_sample,2,2,int,26,3,8,9,29, 28th; ,738,220,4424823.8,6983fa3a644fcca4e5fd8b3b,6983fa3a644fcca4e5fd8b3b,intermediate,3,6983fa3a644fcca4e5fd8b3b,6983fa3a644fcca4e5fd8b3b,spotlight_PROLIFIC,,36,Chile,Spanish,"Spanish, English",,Spanish:70|English:30,100,Spanish:70|English:30,100,Spanish:80|English:20,100,18,6,Bachelor's,10,10,10,6,8,9,7,17,14,16,TOEFL,80,,,,,23,25,C1,intermediate|advanced,intermediate|advanced,cambridge_22_25_intermediate_advanced,4,19,random,,208.26390075683594,707.1181030273438,228.26390075683594,752.1354675292969,3,1,,,,,,,,,,,,2026-08-24T17:16:23.220Z,YVYMAZEH,2026-08-24,2026-08-24,13:16:23,2026-08-24 13:16:23,,,,,,,,6983fa3a644fcca4e5fd8b3b,6983fa3a644fcca4e5fd8b3b,,,,
14791,raw_position_sample,2,2,int,26,3,8,9,29, 28th; ,747,220,4424876.500000001,6983fa3a644fcca4e5fd8b3b,6983fa3a644fcca4e5fd8b3b,intermediate,3,6983fa3a644fcca4e5fd8b3b,6983fa3a644fcca4e5fd8b3b,spotlight_PROLIFIC,,36,Chile,Spanish,"Spanish, English",,Spanish:70|English:30,100,Spanish:70|English:30,100,Spanish:80|English:20,100,18,6,Bachelor's,10,10,10,6,8,9,7,17,14,16,TOEFL,80,,,,,23,25,C1,intermediate|advanced,intermediate|advanced,cambridge_22_25_intermediate_advanced,4,19,random,,208.26390075683594,707.1181030273438,228.26390075683594,752.1354675292969,3,1,,,,,,,,,,,,2026-08-24T17:16:23.220Z,YVYMAZEH,2026-08-24,2026-08-24,13:16:23,2026-08-24 13:16:23,,,,,,,,6983fa3a644fcca4e5fd8b3b,6983fa3a644fcca4e5fd8b3b,,,,
14831,hover_association,2,2,int,26,3,8,9,29, 28th; ,752,221,,6983fa3a644fcca4e5fd8b3b,6983fa3a644fcca4e5fd8b3b,intermediate,3,6983fa3a644fcca4e5fd8b3b,6983fa3a644fcca4e5fd8b3b,spotlight_PROLIFIC,,36,Chile,Spanish,"Spanish, English",,Spanish:70|English:30,100,Spanish:70|English:30,100,Spanish:80|English:20,100,18,6,Bachelor's,10,10,10,6,8,9,7,17,14,16,TOEFL,80,,,,,23,25,C1,intermediate|advanced,intermediate|advanced,cambridge_22_25_intermediate_advanced,4,19,random,,198.26390075683594,703.3681027889252,238.26390075683594,752.1354522705078,3,1,hover,591.5999999996275,591.5999999996275,0.9972224803695972,0.5684024810791015,81,,,,,,2026-08-24T17:16:23.220Z,YVYMAZEH,2026-08-24,2026-08-24,13:16:23,2026-08-24 13:16:23,,,,,,,,6983fa3a644fcca4e5fd8b3b,6983fa3a644fcca4e5fd8b3b,,,,
14839,raw_position_sample,2,2,int,26,3,8,9,30, Boston ,755,221,4424924.600000001,6983fa3a644fcca4e5fd8b3b,6983fa3a644fcca4e5fd8b3b,intermediate,3,6983fa3a644fcca4e5fd8b3b,6983fa3a644fcca4e5fd8b3b,spotlight_PROLIFIC,,36,Chile,Spanish,"Spanish, English",,Spanish:70|English:30,100,Spanish:70|English:30,100,Spanish:80|English:20,100,18,6,Bachelor's,10,10,10,6,8,9,7,17,14,16,TOEFL,80,,,,,23,25,C1,intermediate|advanced,intermediate|advanced,cambridge_22_25_intermediate_advanced,4,19,random,,208.26390075683594,752.1354370117188,228.26390075683594,813.1423835754395,3,2,,,,,,,,,,,,2026-08-24T17:16:23.220Z,YVYMAZEH,2026-08-24,2026-08-24,13:16:23,2026-08-24 13:16:23,,,,,,,,6983fa3a644fcca4e5fd8b3b,6983fa3a644fcca4e5fd8b3b,,,,
14888,raw_position_sample,2,2,int,26,3,8,9,30, Boston ,764,222,4424973.600000001,6983fa3a644fcca4e5fd8b3b,6983fa3a644fcca4e5fd8b3b,intermediate,3,6983fa3a644fcca4e5fd8b3b,6983fa3a644fcca4e5fd8b3b,spotlight_PROLIFIC,,36,Chile,Spanish,"Spanish, English",,Spanish:70|English:30,100,Spanish:70|English:30,100,Spanish:80|English:20,100,18,6,Bachelor's,10,10,10,6,8,9,7,17,14,16,TOEFL,80,,,,,23,25,C1,intermediate|advanced,intermediate|advanced,cambridge_22_25_intermediate_advanced,4,19,random,,208.26390075683594,752.1354370117188,228.26390075683594,813.1423835754395,3,2,,,,,,,,,,,,2026-08-24T17:16:23.220Z,YVYMAZEH,2026-08-24,2026-08-24,13:16:23,2026-08-24 13:16:23,,,,,,,,6983fa3a644fcca4e5fd8b3b,6983fa3a644fcca4e5fd8b3b,,,,
14938,raw_position_sample,2,2,int,26,3,8,9,30, Boston ,770,222,4425023.500000001,6983fa3a644fcca4e5fd8b3b,6983fa3a644fcca4e5fd8b3b,intermediate,3,6983fa3a644fcca4e5fd8b3b,6983fa3a644fcca4e5fd8b3b,spotlight_PROLIFIC,,36,Chile,Spanish,"Spanish, English",,Spanish:70|English:30,100,Spanish:70|English:30,100,Spanish:80|English:20,100,18,6,Bachelor's,10,10,10,6,8,9,7,17,14,16,TOEFL,80,,,,,23,25,C1,intermediate|advanced,intermediate|advanced,cambridge_22_25_intermediate_advanced,4,19,random,,208.26390075683594,752.1354370117188,228.26390075683594,813.1423835754395,3,2,,,,,,,,,,,,2026-08-24T17:16:23.220Z,YVYMAZEH,2026-08-24,2026-08-24,13:16:23,2026-08-24 13:16:23,,,,,,,,6983fa3a644fcca4e5fd8b3b,6983fa3a644fcca4e5fd8b3b,,,,
14988,raw_position_sample,2,2,int,26,3,8,9,30, Boston ,774,222,4425073.7,6983fa3a644fcca4e5fd8b3b,6983fa3a644fcca4e5fd8b3b,intermediate,3,6983fa3a644fcca4e5fd8b3b,6983fa3a644fcca4e5fd8b3b,spotlight_PROLIFIC,,36,Chile,Spanish,"Spanish, English",,Spanish:70|English:30,100,Spanish:70|English:30,100,Spanish:80|English:20,100,18,6,Bachelor's,10,10,10,6,8,9,7,17,14,16,TOEFL,80,,,,,23,25,C1,intermediate|advanced,intermediate|advanced,cambridge_22_25_intermediate_advanced,4,19,random,,208.26390075683594,752.1354370117188,228.26390075683594,813.1423835754395,3,2,,,,,,,,,,,,2026-08-24T17:16:23.220Z,YVYMAZEH,2026-08-24,2026-08-24,13:16:23,2026-08-24 13:16:23,,,,,,,,6983fa3a644fcca4e5fd8b3b,6983fa3a644fcca4e5fd8b3b,,,,
15038,raw_position_sample,2,2,int,26,3,8,9,30, Boston ,776,222,4425123.600000001,6983fa3a644fcca4e5fd8b3b,6983fa3a644fcca4e5fd8b3b,intermediate,3,6983fa3a644fcca4e5fd8b3b,6983fa3a644fcca4e5fd8b3b,spotlight_PROLIFIC,,36,Chile,Spanish,"Spanish, English",,Spanish:70|English:30,100,Spanish:70|English:30,100,Spanish:80|English:20,100,18,6,Bachelor's,10,10,10,6,8,9,7,17,14,16,TOEFL,80,,,,,23,25,C1,intermediate|advanced,intermediate|advanced,cambridge_22_25_intermediate_advanced,4,19,random,,208.26390075683594,752.1354370117188,228.26390075683594,813.1423835754395,3,2,,,,,,,,,,,,2026-08-24T17:16:23.220Z,YVYMAZEH,2026-08-24,2026-08-24,13:16:23,2026-08-24 13:16:23,,,,,,,,6983fa3a644fcca4e5fd8b3b,6983fa3a644fcca4e5fd8b3b,,,,
15088,raw_position_sample,2,2,int,26,3,8,9,30, Boston ,776,222,4425173.8,6983fa3a644fcca4e5fd8b3b,6983fa3a644fcca4e5fd8b3b,intermediate,3,6983fa3a644fcca4e5fd8b3b,6983fa3a644fcca4e5fd8b3b,spotlight_PROLIFIC,,36,Chile,Spanish,"Spanish, English",,Spanish:70|English:30,100,Spanish:70|English:30,100,Spanish:80|English:20,100,18,6,Bachelor's,10,10,10,6,8,9,7,17,14,16,TOEFL,80,,,,,23,25,C1,intermediate|advanced,intermediate|advanced,cambridge_22_25_intermediate_advanced,4,19,random,,208.26390075683594,752.1354370117188,228.26390075683594,813.1423835754395,3,2,,,,,,,,,,,,2026-08-24T17:16:23.220Z,YVYMAZEH,2026-08-24,2026-08-24,13:16:23,2026-08-24 13:16:23,,,,,,,,6983fa3a644fcca4e5fd8b3b,6983fa3a644fcca4e5fd8b3b,,,,
15138,raw_position_sample,2,2,int,26,3,8,9,30, Boston ,777,222,4425223.600000001,6983fa3a644fcca4e5fd8b3b,6983fa3a644fcca4e5fd8b3b,intermediate,3,6983fa3a644fcca4e5fd8b3b,6983fa3a644fcca4e5fd8b3b,spotlight_PROLIFIC,,36,Chile,Spanish,"Spanish, English",,Spanish:70|English:30,100,Spanish:70|English:30,100,Spanish:80|English:20,100,18,6,Bachelor's,10,10,10,6,8,9,7,17,14,16,TOEFL,80,,,,,23,25,C1,intermediate|advanced,intermediate|advanced,cambridge_22_25_intermediate_advanced,4,19,random,,208.26390075683594,752.1354370117188,228.26390075683594,813.1423835754395,3,2,,,,,,,,,,,,2026-08-24T17:16:23.220Z,YVYMAZEH,2026-08-24,2026-08-24,13:16:23,2026-08-24 13:16:23,,,,,,,,6983fa3a644fcca4e5fd8b3b,6983fa3a644fcca4e5fd8b3b,,,,
15188,raw_position_sample,2,2,int,26,3,8,9,30, Boston ,783,222,4425273.600000001,6983fa3a644fcca4e5fd8b3b,6983fa3a644fcca4e5fd8b3b,intermediate,3,6983fa3a644fcca4e5fd8b3b,6983fa3a644fcca4e5fd8b3b,spotlight_PROLIFIC,,36,Chile,Spanish,"Spanish, English",,Spanish:70|English:30,100,Spanish:70|English:30,100,Spanish:80|English:20,100,18,6,Bachelor's,10,10,10,6,8,9,7,17,14,16,TOEFL,80,,,,,23,25,C1,intermediate|advanced,intermediate|advanced,cambridge_22_25_intermediate_advanced,4,19,random,,208.26390075683594,752.1354370117188,228.26390075683594,813.1423835754395,3,2,,,,,,,,,,,,2026-08-24T17:16:23.220Z,YVYMAZEH,2026-08-24,2026-08-24,13:16:23,2026-08-24 13:16:23,,,,,,,,6983fa3a644fcca4e5fd8b3b,6983fa3a644fcca4e5fd8b3b,,,,
15238,raw_position_sample,2,2,int,26,3,8,9,30, Boston ,786,222,4425323.500000001,6983fa3a644fcca4e5fd8b3b,6983fa3a644fcca4e5fd8b3b,intermediate,3,6983fa3a644fcca4e5fd8b3b,6983fa3a644fcca4e5fd8b3b,spotlight_PROLIFIC,,36,Chile,Spanish,"Spanish, English",,Spanish:70|English:30,100,Spanish:70|English:30,100,Spanish:80|English:20,100,18,6,Bachelor's,10,10,10,6,8,9,7,17,14,16,TOEFL,80,,,,,23,25,C1,intermediate|advanced,intermediate|advanced,cambridge_22_25_intermediate_advanced,4,19,random,,208.26390075683594,752.1354370117188,228.26390075683594,813.1423835754395,3,2,,,,,,,,,,,,2026-08-24T17:16:23.220Z,YVYMAZEH,2026-08-24,2026-08-24,13:16:23,2026-08-24 13:16:23,,,,,,,,6983fa3a644fcca4e5fd8b3b,6983fa3a644fcca4e5fd8b3b,,,,
15288,raw_position_sample,2,2,int,26,3,8,9,30, Boston ,787,222,4425373.7,6983fa3a644fcca4e5fd8b3b,6983fa3a644fcca4e5fd8b3b,intermediate,3,6983fa3a644fcca4e5fd8b3b,6983fa3a644fcca4e5fd8b3b,spotlight_PROLIFIC,,36,Chile,Spanish,"Spanish, English",,Spanish:70|English:30,100,Spanish:70|English:30,100,Spanish:80|English:20,100,18,6,Bachelor's,10,10,10,6,8,9,7,17,14,16,TOEFL,80,,,,,23,25,C1,intermediate|advanced,intermediate|advanced,cambridge_22_25_intermediate_advanced,4,19,random,,208.26390075683594,752.1354370117188,228.26390075683594,813.1423835754395,3,2,,,,,,,,,,,,2026-08-24T17:16:23.220Z,YVYMAZEH,2026-08-24,2026-08-24,13:16:23,2026-08-24 13:16:23,,,,,,,,6983fa3a644fcca4e5fd8b3b,6983fa3a644fcca4e5fd8b3b,,,,
15338,raw_position_sample,2,2,int,26,3,8,9,30, Boston ,787,222,4425423.7,6983fa3a644fcca4e5fd8b3b,6983fa3a644fcca4e5fd8b3b,intermediate,3,6983fa3a644fcca4e5fd8b3b,6983fa3a644fcca4e5fd8b3b,spotlight_PROLIFIC,,36,Chile,Spanish,"Spanish, English",,Spanish:70|English:30,100,Spanish:70|English:30,100,Spanish:80|English:20,100,18,6,Bachelor's,10,10,10,6,8,9,7,17,14,16,TOEFL,80,,,,,23,25,C1,intermediate|advanced,intermediate|advanced,cambridge_22_25_intermediate_advanced,4,19,random,,208.26390075683594,752.1354370117188,228.26390075683594,813.1423835754395,3,2,,,,,,,,,,,,2026-08-24T17:16:23.220Z,YVYMAZEH,2026-08-24,2026-08-24,13:16:23,2026-08-24 13:16:23,,,,,,,,6983fa3a644fcca4e5fd8b3b,6983fa3a644fcca4e5fd8b3b,,,,
15388,raw_position_sample,2,2,int,26,3,8,9,30, Boston ,790,223,4425473.7,6983fa3a644fcca4e5fd8b3b,6983fa3a644fcca4e5fd8b3b,intermediate,3,6983fa3a644fcca4e5fd8b3b,6983fa3a644fcca4e5fd8b3b,spotlight_PROLIFIC,,36,Chile,Spanish,"Spanish, English",,Spanish:70|English:30,100,Spanish:70|English:30,100,Spanish:80|English:20,100,18,6,Bachelor's,10,10,10,6,8,9,7,17,14,16,TOEFL,80,,,,,23,25,C1,intermediate|advanced,intermediate|advanced,cambridge_22_25_intermediate_advanced,4,19,random,,208.26390075683594,752.1354370117188,228.26390075683594,813.1423835754395,3,2,,,,,,,,,,,,2026-08-24T17:16:23.220Z,YVYMAZEH,2026-08-24,2026-08-24,13:16:23,2026-08-24 13:16:23,,,,,,,,6983fa3a644fcca4e5fd8b3b,6983fa3a644fcca4e5fd8b3b,,,,
15438,raw_position_sample,2,2,int,26,3,8,9,30, Boston ,794,225,4425523.500000001,6983fa3a644fcca4e5fd8b3b,6983fa3a644fcca4e5fd8b3b,intermediate,3,6983fa3a644fcca4e5fd8b3b,6983fa3a644fcca4e5fd8b3b,spotlight_PROLIFIC,,36,Chile,Spanish,"Spanish, English",,Spanish:70|English:30,100,Spanish:70|English:30,100,Spanish:80|English:20,100,18,6,Bachelor's,10,10,10,6,8,9,7,17,14,16,TOEFL,80,,,,,23,25,C1,intermediate|advanced,intermediate|advanced,cambridge_22_25_intermediate_advanced,4,19,random,,208.26390075683594,752.1354370117188,228.26390075683594,813.1423835754395,3,2,,,,,,,,,,,,2026-08-24T17:16:23.220Z,YVYMAZEH,2026-08-24,2026-08-24,13:16:23,2026-08-24 13:16:23,,,,,,,,6983fa3a644fcca4e5fd8b3b,6983fa3a644fcca4e5fd8b3b,,,,
15489,raw_position_sample,2,2,int,26,3,8,9,30, Boston ,801,227,4425574.3,6983fa3a644fcca4e5fd8b3b,6983fa3a644fcca4e5fd8b3b,intermediate,3,6983fa3a644fcca4e5fd8b3b,6983fa3a644fcca4e5fd8b3b,spotlight_PROLIFIC,,36,Chile,Spanish,"Spanish, English",,Spanish:70|English:30,100,Spanish:70|English:30,100,Spanish:80|English:20,100,18,6,Bachelor's,10,10,10,6,8,9,7,17,14,16,TOEFL,80,,,,,23,25,C1,intermediate|advanced,intermediate|advanced,cambridge_22_25_intermediate_advanced,4,19,random,,208.26390075683594,752.1354370117188,228.26390075683594,813.1423835754395,3,2,,,,,,,,,,,,2026-08-24T17:16:23.220Z,YVYMAZEH,2026-08-24,2026-08-24,13:16:23,2026-08-24 13:16:23,,,,,,,,6983fa3a644fcca4e5fd8b3b,6983fa3a644fcca4e5fd8b3b,,,,
15538,raw_position_sample,2,2,int,26,3,8,9,30, Boston ,810,228,4425623.600000001,6983fa3a644fcca4e5fd8b3b,6983fa3a644fcca4e5fd8b3b,intermediate,3,6983fa3a644fcca4e5fd8b3b,6983fa3a644fcca4e5fd8b3b,spotlight_PROLIFIC,,36,Chile,Spanish,"Spanish, English",,Spanish:70|English:30,100,Spanish:70|English:30,100,Spanish:80|English:20,100,18,6,Bachelor's,10,10,10,6,8,9,7,17,14,16,TOEFL,80,,,,,23,25,C1,intermediate|advanced,intermediate|advanced,cambridge_22_25_intermediate_advanced,4,19,random,,208.26390075683594,752.1354370117188,228.26390075683594,813.1423835754395,3,2,,,,,,,,,,,,2026-08-24T17:16:23.220Z,YVYMAZEH,2026-08-24,2026-08-24,13:16:23,2026-08-24 13:16:23,,,,,,,,6983fa3a644fcca4e5fd8b3b,6983fa3a644fcca4e5fd8b3b,,,,
15555,hover_association,2,2,int,26,3,8,9,30, Boston ,753,221,,6983fa3a644fcca4e5fd8b3b,6983fa3a644fcca4e5fd8b3b,intermediate,3,6983fa3a644fcca4e5fd8b3b,6983fa3a644fcca4e5fd8b3b,spotlight_PROLIFIC,,36,Chile,Spanish,"Spanish, English",,Spanish:70|English:30,100,Spanish:70|English:30,100,Spanish:80|English:20,100,18,6,Bachelor's,10,10,10,6,8,9,7,17,14,16,TOEFL,80,,,,,23,25,C1,intermediate|advanced,intermediate|advanced,cambridge_22_25_intermediate_advanced,4,19,random,,198.26390075683594,752.1354522705078,238.26390075683594,813.1423892974854,3,2,hover,723.6999999992549,723.6999999992549,0.9976660146464592,0.7434024810791016,81,,,,,,2026-08-24T17:16:23.220Z,YVYMAZEH,2026-08-24,2026-08-24,13:16:23,2026-08-24 13:16:23,,,,,,,,6983fa3a644fcca4e5fd8b3b,6983fa3a644fcca4e5fd8b3b,,,,
15588,raw_position_sample,2,2,int,26,3,8,9,31, is ,818,228,4425673.8,6983fa3a644fcca4e5fd8b3b,6983fa3a644fcca4e5fd8b3b,intermediate,3,6983fa3a644fcca4e5fd8b3b,6983fa3a644fcca4e5fd8b3b,spotlight_PROLIFIC,,36,Chile,Spanish,"Spanish, English",,Spanish:70|English:30,100,Spanish:70|English:30,100,Spanish:80|English:20,100,18,6,Bachelor's,10,10,10,6,8,9,7,17,14,16,TOEFL,80,,,,,23,25,C1,intermediate|advanced,intermediate|advanced,cambridge_22_25_intermediate_advanced,4,19,random,,208.26390075683594,813.1423950195312,228.26390075683594,831.1285076141357,3,3,,,,,,,,,,,,2026-08-24T17:16:23.220Z,YVYMAZEH,2026-08-24,2026-08-24,13:16:23,2026-08-24 13:16:23,,,,,,,,6983fa3a644fcca4e5fd8b3b,6983fa3a644fcca4e5fd8b3b,,,,
15639,raw_position_sample,2,2,int,26,3,8,9,31, is ,825,228,4425724.899999999,6983fa3a644fcca4e5fd8b3b,6983fa3a644fcca4e5fd8b3b,intermediate,3,6983fa3a644fcca4e5fd8b3b,6983fa3a644fcca4e5fd8b3b,spotlight_PROLIFIC,,36,Chile,Spanish,"Spanish, English",,Spanish:70|English:30,100,Spanish:70|English:30,100,Spanish:80|English:20,100,18,6,Bachelor's,10,10,10,6,8,9,7,17,14,16,TOEFL,80,,,,,23,25,C1,intermediate|advanced,intermediate|advanced,cambridge_22_25_intermediate_advanced,4,19,random,,208.26390075683594,813.1423950195312,228.26390075683594,831.1285076141357,3,3,,,,,,,,,,,,2026-08-24T17:16:23.220Z,YVYMAZEH,2026-08-24,2026-08-24,13:16:23,2026-08-24 13:16:23,,,,,,,,6983fa3a644fcca4e5fd8b3b,6983fa3a644fcca4e5fd8b3b,,,,
15689,raw_position_sample,2,2,int,26,3,8,9,31, is ,825,228,4425774.2,6983fa3a644fcca4e5fd8b3b,6983fa3a644fcca4e5fd8b3b,intermediate,3,6983fa3a644fcca4e5fd8b3b,6983fa3a644fcca4e5fd8b3b,spotlight_PROLIFIC,,36,Chile,Spanish,"Spanish, English",,Spanish:70|English:30,100,Spanish:70|English:30,100,Spanish:80|English:20,100,18,6,Bachelor's,10,10,10,6,8,9,7,17,14,16,TOEFL,80,,,,,23,25,C1,intermediate|advanced,intermediate|advanced,cambridge_22_25_intermediate_advanced,4,19,random,,208.26390075683594,813.1423950195312,228.26390075683594,831.1285076141357,3,3,,,,,,,,,,,,2026-08-24T17:16:23.220Z,YVYMAZEH,2026-08-24,2026-08-24,13:16:23,2026-08-24 13:16:23,,,,,,,,6983fa3a644fcca4e5fd8b3b,6983fa3a644fcca4e5fd8b3b,,,,
15738,raw_position_sample,2,2,int,26,3,8,9,31, is ,825,228,4425823.600000001,6983fa3a644fcca4e5fd8b3b,6983fa3a644fcca4e5fd8b3b,intermediate,3,6983fa3a644fcca4e5fd8b3b,6983fa3a644fcca4e5fd8b3b,spotlight_PROLIFIC,,36,Chile,Spanish,"Spanish, English",,Spanish:70|English:30,100,Spanish:70|English:30,100,Spanish:80|English:20,100,18,6,Bachelor's,10,10,10,6,8,9,7,17,14,16,TOEFL,80,,,,,23,25,C1,intermediate|advanced,intermediate|advanced,cambridge_22_25_intermediate_advanced,4,19,random,,208.26390075683594,813.1423950195312,228.26390075683594,831.1285076141357,3,3,,,,,,,,,,,,2026-08-24T17:16:23.220Z,YVYMAZEH,2026-08-24,2026-08-24,13:16:23,2026-08-24 13:16:23,,,,,,,,6983fa3a644fcca4e5fd8b3b,6983fa3a644fcca4e5fd8b3b,,,,
15788,raw_position_sample,2,2,int,26,3,8,9,31, is ,825,228,4425873.7,6983fa3a644fcca4e5fd8b3b,6983fa3a644fcca4e5fd8b3b,intermediate,3,6983fa3a644fcca4e5fd8b3b,6983fa3a644fcca4e5fd8b3b,spotlight_PROLIFIC,,36,Chile,Spanish,"Spanish, English",,Spanish:70|English:30,100,Spanish:70|English:30,100,Spanish:80|English:20,100,18,6,Bachelor's,10,10,10,6,8,9,7,17,14,16,TOEFL,80,,,,,23,25,C1,intermediate|advanced,intermediate|advanced,cambridge_22_25_intermediate_advanced,4,19,random,,208.26390075683594,813.1423950195312,228.26390075683594,831.1285076141357,3,3,,,,,,,,,,,,2026-08-24T17:16:23.220Z,YVYMAZEH,2026-08-24,2026-08-24,13:16:23,2026-08-24 13:16:23,,,,,,,,6983fa3a644fcca4e5fd8b3b,6983fa3a644fcca4e5fd8b3b,,,,
15838,raw_position_sample,2,2,int,26,3,8,9,31, is ,825,228,4425923.899999999,6983fa3a644fcca4e5fd8b3b,6983fa3a644fcca4e5fd8b3b,intermediate,3,6983fa3a644fcca4e5fd8b3b,6983fa3a644fcca4e5fd8b3b,spotlight_PROLIFIC,,36,Chile,Spanish,"Spanish, English",,Spanish:70|English:30,100,Spanish:70|English:30,100,Spanish:80|English:20,100,18,6,Bachelor's,10,10,10,6,8,9,7,17,14,16,TOEFL,80,,,,,23,25,C1,intermediate|advanced,intermediate|advanced,cambridge_22_25_intermediate_advanced,4,19,random,,208.26390075683594,813.1423950195312,228.26390075683594,831.1285076141357,3,3,,,,,,,,,,,,2026-08-24T17:16:23.220Z,YVYMAZEH,2026-08-24,2026-08-24,13:16:23,2026-08-24 13:16:23,,,,,,,,6983fa3a644fcca4e5fd8b3b,6983fa3a644fcca4e5fd8b3b,,,,
15889,raw_position_sample,2,2,int,26,3,8,9,31, is ,825,228,4425974.000000001,6983fa3a644fcca4e5fd8b3b,6983fa3a644fcca4e5fd8b3b,intermediate,3,6983fa3a644fcca4e5fd8b3b,6983fa3a644fcca4e5fd8b3b,spotlight_PROLIFIC,,36,Chile,Spanish,"Spanish, English",,Spanish:70|English:30,100,Spanish:70|English:30,100,Spanish:80|English:20,100,18,6,Bachelor's,10,10,10,6,8,9,7,17,14,16,TOEFL,80,,,,,23,25,C1,intermediate|advanced,intermediate|advanced,cambridge_22_25_intermediate_advanced,4,19,random,,208.26390075683594,813.1423950195312,228.26390075683594,831.1285076141357,3,3,,,,,,,,,,,,2026-08-24T17:16:23.220Z,YVYMAZEH,2026-08-24,2026-08-24,13:16:23,2026-08-24 13:16:23,,,,,,,,6983fa3a644fcca4e5fd8b3b,6983fa3a644fcca4e5fd8b3b,,,,
15939,raw_position_sample,2,2,int,26,3,8,9,31, is ,825,228,4426024.000000001,6983fa3a644fcca4e5fd8b3b,6983fa3a644fcca4e5fd8b3b,intermediate,3,6983fa3a644fcca4e5fd8b3b,6983fa3a644fcca4e5fd8b3b,spotlight_PROLIFIC,,36,Chile,Spanish,"Spanish, English",,Spanish:70|English:30,100,Spanish:70|English:30,100,Spanish:80|English:20,100,18,6,Bachelor's,10,10,10,6,8,9,7,17,14,16,TOEFL,80,,,,,23,25,C1,intermediate|advanced,intermediate|advanced,cambridge_22_25_intermediate_advanced,4,19,random,,208.26390075683594,813.1423950195312,228.26390075683594,831.1285076141357,3,3,,,,,,,,,,,,2026-08-24T17:16:23.220Z,YVYMAZEH,2026-08-24,2026-08-24,13:16:23,2026-08-24 13:16:23,,,,,,,,6983fa3a644fcca4e5fd8b3b,6983fa3a644fcca4e5fd8b3b,,,,
15988,raw_position_sample,2,2,int,26,3,8,9,31, is ,825,228,4426073.7,6983fa3a644fcca4e5fd8b3b,6983fa3a644fcca4e5fd8b3b,intermediate,3,6983fa3a644fcca4e5fd8b3b,6983fa3a644fcca4e5fd8b3b,spotlight_PROLIFIC,,36,Chile,Spanish,"Spanish, English",,Spanish:70|English:30,100,Spanish:70|English:30,100,Spanish:80|English:20,100,18,6,Bachelor's,10,10,10,6,8,9,7,17,14,16,TOEFL,80,,,,,23,25,C1,intermediate|advanced,intermediate|advanced,cambridge_22_25_intermediate_advanced,4,19,random,,208.26390075683594,813.1423950195312,228.26390075683594,831.1285076141357,3,3,,,,,,,,,,,,2026-08-24T17:16:23.220Z,YVYMAZEH,2026-08-24,2026-08-24,13:16:23,2026-08-24 13:16:23,,,,,,,,6983fa3a644fcca4e5fd8b3b,6983fa3a644fcca4e5fd8b3b,,,,
16038,raw_position_sample,2,2,int,26,3,8,9,31, is ,825,228,4426123.7,6983fa3a644fcca4e5fd8b3b,6983fa3a644fcca4e5fd8b3b,intermediate,3,6983fa3a644fcca4e5fd8b3b,6983fa3a644fcca4e5fd8b3b,spotlight_PROLIFIC,,36,Chile,Spanish,"Spanish, English",,Spanish:70|English:30,100,Spanish:70|English:30,100,Spanish:80|English:20,100,18,6,Bachelor's,10,10,10,6,8,9,7,17,14,16,TOEFL,80,,,,,23,25,C1,intermediate|advanced,intermediate|advanced,cambridge_22_25_intermediate_advanced,4,19,random,,208.26390075683594,813.1423950195312,228.26390075683594,831.1285076141357,3,3,,,,,,,,,,,,2026-08-24T17:16:23.220Z,YVYMAZEH,2026-08-24,2026-08-24,13:16:23,2026-08-24 13:16:23,,,,,,,,6983fa3a644fcca4e5fd8b3b,6983fa3a644fcca4e5fd8b3b,,,,
16088,raw_position_sample,2,2,int,26,3,8,9,31, is ,825,228,4426173.8,6983fa3a644fcca4e5fd8b3b,6983fa3a644fcca4e5fd8b3b,intermediate,3,6983fa3a644fcca4e5fd8b3b,6983fa3a644fcca4e5fd8b3b,spotlight_PROLIFIC,,36,Chile,Spanish,"Spanish, English",,Spanish:70|English:30,100,Spanish:70|English:30,100,Spanish:80|English:20,100,18,6,Bachelor's,10,10,10,6,8,9,7,17,14,16,TOEFL,80,,,,,23,25,C1,intermediate|advanced,intermediate|advanced,cambridge_22_25_intermediate_advanced,4,19,random,,208.26390075683594,813.1423950195312,228.26390075683594,831.1285076141357,3,3,,,,,,,,,,,,2026-08-24T17:16:23.220Z,YVYMAZEH,2026-08-24,2026-08-24,13:16:23,2026-08-24 13:16:23,,,,,,,,6983fa3a644fcca4e5fd8b3b,6983fa3a644fcca4e5fd8b3b,,,,
16138,raw_position_sample,2,2,int,26,3,8,9,31, is ,825,228,4426223.600000001,6983fa3a644fcca4e5fd8b3b,6983fa3a644fcca4e5fd8b3b,intermediate,3,6983fa3a644fcca4e5fd8b3b,6983fa3a644fcca4e5fd8b3b,spotlight_PROLIFIC,,36,Chile,Spanish,"Spanish, English",,Spanish:70|English:30,100,Spanish:70|English:30,100,Spanish:80|English:20,100,18,6,Bachelor's,10,10,10,6,8,9,7,17,14,16,TOEFL,80,,,,,23,25,C1,intermediate|advanced,intermediate|advanced,cambridge_22_25_intermediate_advanced,4,19,random,,208.26390075683594,813.1423950195312,228.26390075683594,831.1285076141357,3,3,,,,,,,,,,,,2026-08-24T17:16:23.220Z,YVYMAZEH,2026-08-24,2026-08-24,13:16:23,2026-08-24 13:16:23,,,,,,,,6983fa3a644fcca4e5fd8b3b,6983fa3a644fcca4e5fd8b3b,,,,
16188,raw_position_sample,2,2,int,26,3,8,9,31, is ,828,228,4426273.600000001,6983fa3a644fcca4e5fd8b3b,6983fa3a644fcca4e5fd8b3b,intermediate,3,6983fa3a644fcca4e5fd8b3b,6983fa3a644fcca4e5fd8b3b,spotlight_PROLIFIC,,36,Chile,Spanish,"Spanish, English",,Spanish:70|English:30,100,Spanish:70|English:30,100,Spanish:80|English:20,100,18,6,Bachelor's,10,10,10,6,8,9,7,17,14,16,TOEFL,80,,,,,23,25,C1,intermediate|advanced,intermediate|advanced,cambridge_22_25_intermediate_advanced,4,19,random,,208.26390075683594,813.1423950195312,228.26390075683594,831.1285076141357,3,3,,,,,,,,,,,,2026-08-24T17:16:23.220Z,YVYMAZEH,2026-08-24,2026-08-24,13:16:23,2026-08-24 13:16:23,,,,,,,,6983fa3a644fcca4e5fd8b3b,6983fa3a644fcca4e5fd8b3b,,,,
16213,hover_association,2,2,int,26,3,8,9,31, is ,814,228,,6983fa3a644fcca4e5fd8b3b,6983fa3a644fcca4e5fd8b3b,intermediate,3,6983fa3a644fcca4e5fd8b3b,6983fa3a644fcca4e5fd8b3b,spotlight_PROLIFIC,,36,Chile,Spanish,"Spanish, English",,Spanish:70|English:30,100,Spanish:70|English:30,100,Spanish:80|English:20,100,18,6,Bachelor's,10,10,10,6,8,9,7,17,14,16,TOEFL,80,,,,,23,25,C1,intermediate|advanced,intermediate|advanced,cambridge_22_25_intermediate_advanced,4,19,random,,198.26390075683594,813.1423892974854,238.26390075683594,831.1285238265991,3,3,hover,658.2000000011176,658.2000000011176,0.9928542830372428,0.7434024810791016,81,,,,,,2026-08-24T17:16:23.220Z,YVYMAZEH,2026-08-24,2026-08-24,13:16:23,2026-08-24 13:16:23,,,,,,,,6983fa3a644fcca4e5fd8b3b,6983fa3a644fcca4e5fd8b3b,,,,
16238,raw_position_sample,2,2,int,26,3,8,9,32, 34th. ,834,227,4426323.600000001,6983fa3a644fcca4e5fd8b3b,6983fa3a644fcca4e5fd8b3b,intermediate,3,6983fa3a644fcca4e5fd8b3b,6983fa3a644fcca4e5fd8b3b,spotlight_PROLIFIC,,36,Chile,Spanish,"Spanish, English",,Spanish:70|English:30,100,Spanish:70|English:30,100,Spanish:80|English:20,100,18,6,Bachelor's,10,10,10,6,8,9,7,17,14,16,TOEFL,80,,,,,23,25,C1,intermediate|advanced,intermediate|advanced,cambridge_22_25_intermediate_advanced,4,19,random,,208.26390075683594,831.1285400390625,228.26390075683594,876.1459045410156,3,4,,,,,,,,,,,,2026-08-24T17:16:23.220Z,YVYMAZEH,2026-08-24,2026-08-24,13:16:23,2026-08-24 13:16:23,,,,,,,,6983fa3a644fcca4e5fd8b3b,6983fa3a644fcca4e5fd8b3b,,,,
16290,raw_position_sample,2,2,int,26,3,8,9,32, 34th. ,847,225,4426375.899999999,6983fa3a644fcca4e5fd8b3b,6983fa3a644fcca4e5fd8b3b,intermediate,3,6983fa3a644fcca4e5fd8b3b,6983fa3a644fcca4e5fd8b3b,spotlight_PROLIFIC,,36,Chile,Spanish,"Spanish, English",,Spanish:70|English:30,100,Spanish:70|English:30,100,Spanish:80|English:20,100,18,6,Bachelor's,10,10,10,6,8,9,7,17,14,16,TOEFL,80,,,,,23,25,C1,intermediate|advanced,intermediate|advanced,cambridge_22_25_intermediate_advanced,4,19,random,,208.26390075683594,831.1285400390625,228.26390075683594,876.1459045410156,3,4,,,,,,,,,,,,2026-08-24T17:16:23.220Z,YVYMAZEH,2026-08-24,2026-08-24,13:16:23,2026-08-24 13:16:23,,,,,,,,6983fa3a644fcca4e5fd8b3b,6983fa3a644fcca4e5fd8b3b,,,,
16339,raw_position_sample,2,2,int,26,3,8,9,32, 34th. ,862,223,4426424.600000001,6983fa3a644fcca4e5fd8b3b,6983fa3a644fcca4e5fd8b3b,intermediate,3,6983fa3a644fcca4e5fd8b3b,6983fa3a644fcca4e5fd8b3b,spotlight_PROLIFIC,,36,Chile,Spanish,"Spanish, English",,Spanish:70|English:30,100,Spanish:70|English:30,100,Spanish:80|English:20,100,18,6,Bachelor's,10,10,10,6,8,9,7,17,14,16,TOEFL,80,,,,,23,25,C1,intermediate|advanced,intermediate|advanced,cambridge_22_25_intermediate_advanced,4,19,random,,208.26390075683594,831.1285400390625,228.26390075683594,876.1459045410156,3,4,,,,,,,,,,,,2026-08-24T17:16:23.220Z,YVYMAZEH,2026-08-24,2026-08-24,13:16:23,2026-08-24 13:16:23,,,,,,,,6983fa3a644fcca4e5fd8b3b,6983fa3a644fcca4e5fd8b3b,,,,
16388,raw_position_sample,2,2,int,26,3,8,9,32, 34th. ,874,221,4426473.7,6983fa3a644fcca4e5fd8b3b,6983fa3a644fcca4e5fd8b3b,intermediate,3,6983fa3a644fcca4e5fd8b3b,6983fa3a644fcca4e5fd8b3b,spotlight_PROLIFIC,,36,Chile,Spanish,"Spanish, English",,Spanish:70|English:30,100,Spanish:70|English:30,100,Spanish:80|English:20,100,18,6,Bachelor's,10,10,10,6,8,9,7,17,14,16,TOEFL,80,,,,,23,25,C1,intermediate|advanced,intermediate|advanced,cambridge_22_25_intermediate_advanced,4,19,random,,208.26390075683594,831.1285400390625,228.26390075683594,876.1459045410156,3,4,,,,,,,,,,,,2026-08-24T17:16:23.220Z,YVYMAZEH,2026-08-24,2026-08-24,13:16:23,2026-08-24 13:16:23,,,,,,,,6983fa3a644fcca4e5fd8b3b,6983fa3a644fcca4e5fd8b3b,,,,
16407,hover_association,2,2,int,26,3,8,9,32, 34th. ,832,228,,6983fa3a644fcca4e5fd8b3b,6983fa3a644fcca4e5fd8b3b,intermediate,3,6983fa3a644fcca4e5fd8b3b,6983fa3a644fcca4e5fd8b3b,spotlight_PROLIFIC,,36,Chile,Spanish,"Spanish, English",,Spanish:70|English:30,100,Spanish:70|English:30,100,Spanish:80|English:20,100,18,6,Bachelor's,10,10,10,6,8,9,7,17,14,16,TOEFL,80,,,,,23,25,C1,intermediate|advanced,intermediate|advanced,cambridge_22_25_intermediate_advanced,4,19,random,,198.26390075683594,831.1285238265991,238.26390075683594,876.1458892822266,3,4,hover,193.59999999962747,193.59999999962747,0.996759266546365,0.5684024810791015,81,,,,,,2026-08-24T17:16:23.220Z,YVYMAZEH,2026-08-24,2026-08-24,13:16:23,2026-08-24 13:16:23,,,,,,,,6983fa3a644fcca4e5fd8b3b,6983fa3a644fcca4e5fd8b3b,,,,
16438,raw_position_sample,2,2,int,26,3,8,9,33, Canadian ,884,221,4426523.600000001,6983fa3a644fcca4e5fd8b3b,6983fa3a644fcca4e5fd8b3b,intermediate,3,6983fa3a644fcca4e5fd8b3b,6983fa3a644fcca4e5fd8b3b,spotlight_PROLIFIC,,36,Chile,Spanish,"Spanish, English",,Spanish:70|English:30,100,Spanish:70|English:30,100,Spanish:80|English:20,100,18,6,Bachelor's,10,10,10,6,8,9,7,17,14,16,TOEFL,80,,,,,23,25,C1,intermediate|advanced,intermediate|advanced,cambridge_22_25_intermediate_advanced,4,19,random,,208.26390075683594,876.1458740234375,228.26390075683594,958.1597671508789,3,5,,,,,,,,,,,,2026-08-24T17:16:23.220Z,YVYMAZEH,2026-08-24,2026-08-24,13:16:23,2026-08-24 13:16:23,,,,,,,,6983fa3a644fcca4e5fd8b3b,6983fa3a644fcca4e5fd8b3b,,,,
16489,raw_position_sample,2,2,int,26,3,8,9,33, Canadian ,895,220,4426574.7,6983fa3a644fcca4e5fd8b3b,6983fa3a644fcca4e5fd8b3b,intermediate,3,6983fa3a644fcca4e5fd8b3b,6983fa3a644fcca4e5fd8b3b,spotlight_PROLIFIC,,36,Chile,Spanish,"Spanish, English",,Spanish:70|English:30,100,Spanish:70|English:30,100,Spanish:80|English:20,100,18,6,Bachelor's,10,10,10,6,8,9,7,17,14,16,TOEFL,80,,,,,23,25,C1,intermediate|advanced,intermediate|advanced,cambridge_22_25_intermediate_advanced,4,19,random,,208.26390075683594,876.1458740234375,228.26390075683594,958.1597671508789,3,5,,,,,,,,,,,,2026-08-24T17:16:23.220Z,YVYMAZEH,2026-08-24,2026-08-24,13:16:23,2026-08-24 13:16:23,,,,,,,,6983fa3a644fcca4e5fd8b3b,6983fa3a644fcca4e5fd8b3b,,,,
16538,raw_position_sample,2,2,int,26,3,8,9,33, Canadian ,904,218,4426623.600000001,6983fa3a644fcca4e5fd8b3b,6983fa3a644fcca4e5fd8b3b,intermediate,3,6983fa3a644fcca4e5fd8b3b,6983fa3a644fcca4e5fd8b3b,spotlight_PROLIFIC,,36,Chile,Spanish,"Spanish, English",,Spanish:70|English:30,100,Spanish:70|English:30,100,Spanish:80|English:20,100,18,6,Bachelor's,10,10,10,6,8,9,7,17,14,16,TOEFL,80,,,,,23,25,C1,intermediate|advanced,intermediate|advanced,cambridge_22_25_intermediate_advanced,4,19,random,,208.26390075683594,876.1458740234375,228.26390075683594,958.1597671508789,3,5,,,,,,,,,,,,2026-08-24T17:16:23.220Z,YVYMAZEH,2026-08-24,2026-08-24,13:16:23,2026-08-24 13:16:23,,,,,,,,6983fa3a644fcca4e5fd8b3b,6983fa3a644fcca4e5fd8b3b,,,,
16588,raw_position_sample,2,2,int,26,3,8,9,33, Canadian ,908,218,4426673.7,6983fa3a644fcca4e5fd8b3b,6983fa3a644fcca4e5fd8b3b,intermediate,3,6983fa3a644fcca4e5fd8b3b,6983fa3a644fcca4e5fd8b3b,spotlight_PROLIFIC,,36,Chile,Spanish,"Spanish, English",,Spanish:70|English:30,100,Spanish:70|English:30,100,Spanish:80|English:20,100,18,6,Bachelor's,10,10,10,6,8,9,7,17,14,16,TOEFL,80,,,,,23,25,C1,intermediate|advanced,intermediate|advanced,cambridge_22_25_intermediate_advanced,4,19,random,,208.26390075683594,876.1458740234375,228.26390075683594,958.1597671508789,3,5,,,,,,,,,,,,2026-08-24T17:16:23.220Z,YVYMAZEH,2026-08-24,2026-08-24,13:16:23,2026-08-24 13:16:23,,,,,,,,6983fa3a644fcca4e5fd8b3b,6983fa3a644fcca4e5fd8b3b,,,,
16638,raw_position_sample,2,2,int,26,3,8,9,33, Canadian ,910,218,4426723.7,6983fa3a644fcca4e5fd8b3b,6983fa3a644fcca4e5fd8b3b,intermediate,3,6983fa3a644fcca4e5fd8b3b,6983fa3a644fcca4e5fd8b3b,spotlight_PROLIFIC,,36,Chile,Spanish,"Spanish, English",,Spanish:70|English:30,100,Spanish:70|English:30,100,Spanish:80|English:20,100,18,6,Bachelor's,10,10,10,6,8,9,7,17,14,16,TOEFL,80,,,,,23,25,C1,intermediate|advanced,intermediate|advanced,cambridge_22_25_intermediate_advanced,4,19,random,,208.26390075683594,876.1458740234375,228.26390075683594,958.1597671508789,3,5,,,,,,,,,,,,2026-08-24T17:16:23.220Z,YVYMAZEH,2026-08-24,2026-08-24,13:16:23,2026-08-24 13:16:23,,,,,,,,6983fa3a644fcca4e5fd8b3b,6983fa3a644fcca4e5fd8b3b,,,,
16689,raw_position_sample,2,2,int,26,3,8,9,33, Canadian ,913,218,4426774.100000001,6983fa3a644fcca4e5fd8b3b,6983fa3a644fcca4e5fd8b3b,intermediate,3,6983fa3a644fcca4e5fd8b3b,6983fa3a644fcca4e5fd8b3b,spotlight_PROLIFIC,,36,Chile,Spanish,"Spanish, English",,Spanish:70|English:30,100,Spanish:70|English:30,100,Spanish:80|English:20,100,18,6,Bachelor's,10,10,10,6,8,9,7,17,14,16,TOEFL,80,,,,,23,25,C1,intermediate|advanced,intermediate|advanced,cambridge_22_25_intermediate_advanced,4,19,random,,208.26390075683594,876.1458740234375,228.26390075683594,958.1597671508789,3,5,,,,,,,,,,,,2026-08-24T17:16:23.220Z,YVYMAZEH,2026-08-24,2026-08-24,13:16:23,2026-08-24 13:16:23,,,,,,,,6983fa3a644fcca4e5fd8b3b,6983fa3a644fcca4e5fd8b3b,,,,
16738,raw_position_sample,2,2,int,26,3,8,9,33, Canadian ,917,218,4426823.500000001,6983fa3a644fcca4e5fd8b3b,6983fa3a644fcca4e5fd8b3b,intermediate,3,6983fa3a644fcca4e5fd8b3b,6983fa3a644fcca4e5fd8b3b,spotlight_PROLIFIC,,36,Chile,Spanish,"Spanish, English",,Spanish:70|English:30,100,Spanish:70|English:30,100,Spanish:80|English:20,100,18,6,Bachelor's,10,10,10,6,8,9,7,17,14,16,TOEFL,80,,,,,23,25,C1,intermediate|advanced,intermediate|advanced,cambridge_22_25_intermediate_advanced,4,19,random,,208.26390075683594,876.1458740234375,228.26390075683594,958.1597671508789,3,5,,,,,,,,,,,,2026-08-24T17:16:23.220Z,YVYMAZEH,2026-08-24,2026-08-24,13:16:23,2026-08-24 13:16:23,,,,,,,,6983fa3a644fcca4e5fd8b3b,6983fa3a644fcca4e5fd8b3b,,,,
16788,raw_position_sample,2,2,int,26,3,8,9,33, Canadian ,924,218,4426873.500000001,6983fa3a644fcca4e5fd8b3b,6983fa3a644fcca4e5fd8b3b,intermediate,3,6983fa3a644fcca4e5fd8b3b,6983fa3a644fcca4e5fd8b3b,spotlight_PROLIFIC,,36,Chile,Spanish,"Spanish, English",,Spanish:70|English:30,100,Spanish:70|English:30,100,Spanish:80|English:20,100,18,6,Bachelor's,10,10,10,6,8,9,7,17,14,16,TOEFL,80,,,,,23,25,C1,intermediate|advanced,intermediate|advanced,cambridge_22_25_intermediate_advanced,4,19,random,,208.26390075683594,876.1458740234375,228.26390075683594,958.1597671508789,3,5,,,,,,,,,,,,2026-08-24T17:16:23.220Z,YVYMAZEH,2026-08-24,2026-08-24,13:16:23,2026-08-24 13:16:23,,,,,,,,6983fa3a644fcca4e5fd8b3b,6983fa3a644fcca4e5fd8b3b,,,,
16839,raw_position_sample,2,2,int,26,3,8,9,33, Canadian ,938,218,4426924.8,6983fa3a644fcca4e5fd8b3b,6983fa3a644fcca4e5fd8b3b,intermediate,3,6983fa3a644fcca4e5fd8b3b,6983fa3a644fcca4e5fd8b3b,spotlight_PROLIFIC,,36,Chile,Spanish,"Spanish, English",,Spanish:70|English:30,100,Spanish:70|English:30,100,Spanish:80|English:20,100,18,6,Bachelor's,10,10,10,6,8,9,7,17,14,16,TOEFL,80,,,,,23,25,C1,intermediate|advanced,intermediate|advanced,cambridge_22_25_intermediate_advanced,4,19,random,,208.26390075683594,876.1458740234375,228.26390075683594,958.1597671508789,3,5,,,,,,,,,,,,2026-08-24T17:16:23.220Z,YVYMAZEH,2026-08-24,2026-08-24,13:16:23,2026-08-24 13:16:23,,,,,,,,6983fa3a644fcca4e5fd8b3b,6983fa3a644fcca4e5fd8b3b,,,,
16888,raw_position_sample,2,2,int,26,3,8,9,33, Canadian ,948,218,4426973.7,6983fa3a644fcca4e5fd8b3b,6983fa3a644fcca4e5fd8b3b,intermediate,3,6983fa3a644fcca4e5fd8b3b,6983fa3a644fcca4e5fd8b3b,spotlight_PROLIFIC,,36,Chile,Spanish,"Spanish, English",,Spanish:70|English:30,100,Spanish:70|English:30,100,Spanish:80|English:20,100,18,6,Bachelor's,10,10,10,6,8,9,7,17,14,16,TOEFL,80,,,,,23,25,C1,intermediate|advanced,intermediate|advanced,cambridge_22_25_intermediate_advanced,4,19,random,,208.26390075683594,876.1458740234375,228.26390075683594,958.1597671508789,3,5,,,,,,,,,,,,2026-08-24T17:16:23.220Z,YVYMAZEH,2026-08-24,2026-08-24,13:16:23,2026-08-24 13:16:23,,,,,,,,6983fa3a644fcca4e5fd8b3b,6983fa3a644fcca4e5fd8b3b,,,,
16938,raw_position_sample,2,2,int,26,3,8,9,33, Canadian ,953,218,4427023.600000001,6983fa3a644fcca4e5fd8b3b,6983fa3a644fcca4e5fd8b3b,intermediate,3,6983fa3a644fcca4e5fd8b3b,6983fa3a644fcca4e5fd8b3b,spotlight_PROLIFIC,,36,Chile,Spanish,"Spanish, English",,Spanish:70|English:30,100,Spanish:70|English:30,100,Spanish:80|English:20,100,18,6,Bachelor's,10,10,10,6,8,9,7,17,14,16,TOEFL,80,,,,,23,25,C1,intermediate|advanced,intermediate|advanced,cambridge_22_25_intermediate_advanced,4,19,random,,208.26390075683594,876.1458740234375,228.26390075683594,958.1597671508789,3,5,,,,,,,,,,,,2026-08-24T17:16:23.220Z,YVYMAZEH,2026-08-24,2026-08-24,13:16:23,2026-08-24 13:16:23,,,,,,,,6983fa3a644fcca4e5fd8b3b,6983fa3a644fcca4e5fd8b3b,,,,
16988,raw_position_sample,2,2,int,26,3,8,9,33, Canadian ,954,218,4427073.7,6983fa3a644fcca4e5fd8b3b,6983fa3a644fcca4e5fd8b3b,intermediate,3,6983fa3a644fcca4e5fd8b3b,6983fa3a644fcca4e5fd8b3b,spotlight_PROLIFIC,,36,Chile,Spanish,"Spanish, English",,Spanish:70|English:30,100,Spanish:70|English:30,100,Spanish:80|English:20,100,18,6,Bachelor's,10,10,10,6,8,9,7,17,14,16,TOEFL,80,,,,,23,25,C1,intermediate|advanced,intermediate|advanced,cambridge_22_25_intermediate_advanced,4,19,random,,208.26390075683594,876.1458740234375,228.26390075683594,958.1597671508789,3,5,,,,,,,,,,,,2026-08-24T17:16:23.220Z,YVYMAZEH,2026-08-24,2026-08-24,13:16:23,2026-08-24 13:16:23,,,,,,,,6983fa3a644fcca4e5fd8b3b,6983fa3a644fcca4e5fd8b3b,,,,
17038,raw_position_sample,2,2,int,26,3,8,9,33, Canadian ,954,218,4427123.7,6983fa3a644fcca4e5fd8b3b,6983fa3a644fcca4e5fd8b3b,intermediate,3,6983fa3a644fcca4e5fd8b3b,6983fa3a644fcca4e5fd8b3b,spotlight_PROLIFIC,,36,Chile,Spanish,"Spanish, English",,Spanish:70|English:30,100,Spanish:70|English:30,100,Spanish:80|English:20,100,18,6,Bachelor's,10,10,10,6,8,9,7,17,14,16,TOEFL,80,,,,,23,25,C1,intermediate|advanced,intermediate|advanced,cambridge_22_25_intermediate_advanced,4,19,random,,208.26390075683594,876.1458740234375,228.26390075683594,958.1597671508789,3,5,,,,,,,,,,,,2026-08-24T17:16:23.220Z,YVYMAZEH,2026-08-24,2026-08-24,13:16:23,2026-08-24 13:16:23,,,,,,,,6983fa3a644fcca4e5fd8b3b,6983fa3a644fcca4e5fd8b3b,,,,
17088,raw_position_sample,2,2,int,26,3,8,9,33, Canadian ,957,218,4427173.7,6983fa3a644fcca4e5fd8b3b,6983fa3a644fcca4e5fd8b3b,intermediate,3,6983fa3a644fcca4e5fd8b3b,6983fa3a644fcca4e5fd8b3b,spotlight_PROLIFIC,,36,Chile,Spanish,"Spanish, English",,Spanish:70|English:30,100,Spanish:70|English:30,100,Spanish:80|English:20,100,18,6,Bachelor's,10,10,10,6,8,9,7,17,14,16,TOEFL,80,,,,,23,25,C1,intermediate|advanced,intermediate|advanced,cambridge_22_25_intermediate_advanced,4,19,random,,208.26390075683594,876.1458740234375,228.26390075683594,958.1597671508789,3,5,,,,,,,,,,,,2026-08-24T17:16:23.220Z,YVYMAZEH,2026-08-24,2026-08-24,13:16:23,2026-08-24 13:16:23,,,,,,,,6983fa3a644fcca4e5fd8b3b,6983fa3a644fcca4e5fd8b3b,,,,
17138,raw_position_sample,2,2,int,26,3,8,9,33, Canadian ,958,218,4427223.600000001,6983fa3a644fcca4e5fd8b3b,6983fa3a644fcca4e5fd8b3b,intermediate,3,6983fa3a644fcca4e5fd8b3b,6983fa3a644fcca4e5fd8b3b,spotlight_PROLIFIC,,36,Chile,Spanish,"Spanish, English",,Spanish:70|English:30,100,Spanish:70|English:30,100,Spanish:80|English:20,100,18,6,Bachelor's,10,10,10,6,8,9,7,17,14,16,TOEFL,80,,,,,23,25,C1,intermediate|advanced,intermediate|advanced,cambridge_22_25_intermediate_advanced,4,19,random,,208.26390075683594,876.1458740234375,228.26390075683594,958.1597671508789,3,5,,,,,,,,,,,,2026-08-24T17:16:23.220Z,YVYMAZEH,2026-08-24,2026-08-24,13:16:23,2026-08-24 13:16:23,,,,,,,,6983fa3a644fcca4e5fd8b3b,6983fa3a644fcca4e5fd8b3b,,,,
17165,hover_association,2,2,int,26,3,8,9,33, Canadian ,878,221,,6983fa3a644fcca4e5fd8b3b,6983fa3a644fcca4e5fd8b3b,intermediate,3,6983fa3a644fcca4e5fd8b3b,6983fa3a644fcca4e5fd8b3b,spotlight_PROLIFIC,,36,Chile,Spanish,"Spanish, English",,Spanish:70|English:30,100,Spanish:70|English:30,100,Spanish:80|English:20,100,18,6,Bachelor's,10,10,10,6,8,9,7,17,14,16,TOEFL,80,,,,,23,25,C1,intermediate|advanced,intermediate|advanced,cambridge_22_25_intermediate_advanced,4,19,random,,198.26390075683594,876.1458892822266,238.26390075683594,958.1597785949707,3,5,hover,758.7999999988824,758.7999999988824,0.9980518105370979,0.49340248107910156,81,,,,,,2026-08-24T17:16:23.220Z,YVYMAZEH,2026-08-24,2026-08-24,13:16:23,2026-08-24 13:16:23,,,,,,,,6983fa3a644fcca4e5fd8b3b,6983fa3a644fcca4e5fd8b3b,,,,
17188,raw_position_sample,2,2,int,26,3,8,9,34," cities, ",961,218,4427273.7,6983fa3a644fcca4e5fd8b3b,6983fa3a644fcca4e5fd8b3b,intermediate,3,6983fa3a644fcca4e5fd8b3b,6983fa3a644fcca4e5fd8b3b,spotlight_PROLIFIC,,36,Chile,Spanish,"Spanish, English",,Spanish:70|English:30,100,Spanish:70|English:30,100,Spanish:80|English:20,100,18,6,Bachelor's,10,10,10,6,8,9,7,17,14,16,TOEFL,80,,,,,23,25,C1,intermediate|advanced,intermediate|advanced,cambridge_22_25_intermediate_advanced,4,19,random,,208.26390075683594,958.1597900390625,228.26390075683594,1009.1493759155273,3,6,,,,,,,,,,,,2026-08-24T17:16:23.220Z,YVYMAZEH,2026-08-24,2026-08-24,13:16:23,2026-08-24 13:16:23,,,,,,,,6983fa3a644fcca4e5fd8b3b,6983fa3a644fcca4e5fd8b3b,,,,
17238,raw_position_sample,2,2,int,26,3,8,9,34," cities, ",966,220,4427323.7,6983fa3a644fcca4e5fd8b3b,6983fa3a644fcca4e5fd8b3b,intermediate,3,6983fa3a644fcca4e5fd8b3b,6983fa3a644fcca4e5fd8b3b,spotlight_PROLIFIC,,36,Chile,Spanish,"Spanish, English",,Spanish:70|English:30,100,Spanish:70|English:30,100,Spanish:80|English:20,100,18,6,Bachelor's,10,10,10,6,8,9,7,17,14,16,TOEFL,80,,,,,23,25,C1,intermediate|advanced,intermediate|advanced,cambridge_22_25_intermediate_advanced,4,19,random,,208.26390075683594,958.1597900390625,228.26390075683594,1009.1493759155273,3,6,,,,,,,,,,,,2026-08-24T17:16:23.220Z,YVYMAZEH,2026-08-24,2026-08-24,13:16:23,2026-08-24 13:16:23,,,,,,,,6983fa3a644fcca4e5fd8b3b,6983fa3a644fcca4e5fd8b3b,,,,
17291,raw_position_sample,2,2,int,26,3,8,9,34," cities, ",976,221,4427376.399999999,6983fa3a644fcca4e5fd8b3b,6983fa3a644fcca4e5fd8b3b,intermediate,3,6983fa3a644fcca4e5fd8b3b,6983fa3a644fcca4e5fd8b3b,spotlight_PROLIFIC,,36,Chile,Spanish,"Spanish, English",,Spanish:70|English:30,100,Spanish:70|English:30,100,Spanish:80|English:20,100,18,6,Bachelor's,10,10,10,6,8,9,7,17,14,16,TOEFL,80,,,,,23,25,C1,intermediate|advanced,intermediate|advanced,cambridge_22_25_intermediate_advanced,4,19,random,,208.26390075683594,958.1597900390625,228.26390075683594,1009.1493759155273,3,6,,,,,,,,,,,,2026-08-24T17:16:23.220Z,YVYMAZEH,2026-08-24,2026-08-24,13:16:23,2026-08-24 13:16:23,,,,,,,,6983fa3a644fcca4e5fd8b3b,6983fa3a644fcca4e5fd8b3b,,,,
17338,raw_position_sample,2,2,int,26,3,8,9,34," cities, ",987,222,4427423.600000001,6983fa3a644fcca4e5fd8b3b,6983fa3a644fcca4e5fd8b3b,intermediate,3,6983fa3a644fcca4e5fd8b3b,6983fa3a644fcca4e5fd8b3b,spotlight_PROLIFIC,,36,Chile,Spanish,"Spanish, English",,Spanish:70|English:30,100,Spanish:70|English:30,100,Spanish:80|English:20,100,18,6,Bachelor's,10,10,10,6,8,9,7,17,14,16,TOEFL,80,,,,,23,25,C1,intermediate|advanced,intermediate|advanced,cambridge_22_25_intermediate_advanced,4,19,random,,208.26390075683594,958.1597900390625,228.26390075683594,1009.1493759155273,3,6,,,,,,,,,,,,2026-08-24T17:16:23.220Z,YVYMAZEH,2026-08-24,2026-08-24,13:16:23,2026-08-24 13:16:23,,,,,,,,6983fa3a644fcca4e5fd8b3b,6983fa3a644fcca4e5fd8b3b,,,,
17388,raw_position_sample,2,2,int,26,3,8,9,34," cities, ",998,222,4427473.7,6983fa3a644fcca4e5fd8b3b,6983fa3a644fcca4e5fd8b3b,intermediate,3,6983fa3a644fcca4e5fd8b3b,6983fa3a644fcca4e5fd8b3b,spotlight_PROLIFIC,,36,Chile,Spanish,"Spanish, English",,Spanish:70|English:30,100,Spanish:70|English:30,100,Spanish:80|English:20,100,18,6,Bachelor's,10,10,10,6,8,9,7,17,14,16,TOEFL,80,,,,,23,25,C1,intermediate|advanced,intermediate|advanced,cambridge_22_25_intermediate_advanced,4,19,random,,208.26390075683594,958.1597900390625,228.26390075683594,1009.1493759155273,3,6,,,,,,,,,,,,2026-08-24T17:16:23.220Z,YVYMAZEH,2026-08-24,2026-08-24,13:16:23,2026-08-24 13:16:23,,,,,,,,6983fa3a644fcca4e5fd8b3b,6983fa3a644fcca4e5fd8b3b,,,,
17438,raw_position_sample,2,2,int,26,3,8,9,34," cities, ",1008,222,4427523.600000001,6983fa3a644fcca4e5fd8b3b,6983fa3a644fcca4e5fd8b3b,intermediate,3,6983fa3a644fcca4e5fd8b3b,6983fa3a644fcca4e5fd8b3b,spotlight_PROLIFIC,,36,Chile,Spanish,"Spanish, English",,Spanish:70|English:30,100,Spanish:70|English:30,100,Spanish:80|English:20,100,18,6,Bachelor's,10,10,10,6,8,9,7,17,14,16,TOEFL,80,,,,,23,25,C1,intermediate|advanced,intermediate|advanced,cambridge_22_25_intermediate_advanced,4,19,random,,208.26390075683594,958.1597900390625,228.26390075683594,1009.1493759155273,3,6,,,,,,,,,,,,2026-08-24T17:16:23.220Z,YVYMAZEH,2026-08-24,2026-08-24,13:16:23,2026-08-24 13:16:23,,,,,,,,6983fa3a644fcca4e5fd8b3b,6983fa3a644fcca4e5fd8b3b,,,,
17446,hover_association,2,2,int,26,3,8,9,34," cities, ",960,218,,6983fa3a644fcca4e5fd8b3b,6983fa3a644fcca4e5fd8b3b,intermediate,3,6983fa3a644fcca4e5fd8b3b,6983fa3a644fcca4e5fd8b3b,spotlight_PROLIFIC,,36,Chile,Spanish,"Spanish, English",,Spanish:70|English:30,100,Spanish:70|English:30,100,Spanish:80|English:20,100,18,6,Bachelor's,10,10,10,6,8,9,7,17,14,16,TOEFL,80,,,,,23,25,C1,intermediate|advanced,intermediate|advanced,cambridge_22_25_intermediate_advanced,4,19,random,,198.26390075683594,958.1597785949707,238.26390075683594,1009.1493644714355,3,6,hover,280.6000000014901,280.6000000014901,0.9774588388652504,0.5934024810791015,81,,,,,,2026-08-24T17:16:23.220Z,YVYMAZEH,2026-08-24,2026-08-24,13:16:23,2026-08-24 13:16:23,,,,,,,,6983fa3a644fcca4e5fd8b3b,6983fa3a644fcca4e5fd8b3b,,,,
17488,raw_position_sample,2,2,int,26,3,8,9,35, led ,1013,222,4427573.899999999,6983fa3a644fcca4e5fd8b3b,6983fa3a644fcca4e5fd8b3b,intermediate,3,6983fa3a644fcca4e5fd8b3b,6983fa3a644fcca4e5fd8b3b,spotlight_PROLIFIC,,36,Chile,Spanish,"Spanish, English",,Spanish:70|English:30,100,Spanish:70|English:30,100,Spanish:80|English:20,100,18,6,Bachelor's,10,10,10,6,8,9,7,17,14,16,TOEFL,80,,,,,23,25,C1,intermediate|advanced,intermediate|advanced,cambridge_22_25_intermediate_advanced,4,19,random,,208.26390075683594,1009.1493530273438,228.26390075683594,1038.1597709655762,3,7,,,,,,,,,,,,2026-08-24T17:16:23.220Z,YVYMAZEH,2026-08-24,2026-08-24,13:16:23,2026-08-24 13:16:23,,,,,,,,6983fa3a644fcca4e5fd8b3b,6983fa3a644fcca4e5fd8b3b,,,,
17538,raw_position_sample,2,2,int,26,3,8,9,35, led ,1017,222,4427623.600000001,6983fa3a644fcca4e5fd8b3b,6983fa3a644fcca4e5fd8b3b,intermediate,3,6983fa3a644fcca4e5fd8b3b,6983fa3a644fcca4e5fd8b3b,spotlight_PROLIFIC,,36,Chile,Spanish,"Spanish, English",,Spanish:70|English:30,100,Spanish:70|English:30,100,Spanish:80|English:20,100,18,6,Bachelor's,10,10,10,6,8,9,7,17,14,16,TOEFL,80,,,,,23,25,C1,intermediate|advanced,intermediate|advanced,cambridge_22_25_intermediate_advanced,4,19,random,,208.26390075683594,1009.1493530273438,228.26390075683594,1038.1597709655762,3,7,,,,,,,,,,,,2026-08-24T17:16:23.220Z,YVYMAZEH,2026-08-24,2026-08-24,13:16:23,2026-08-24 13:16:23,,,,,,,,6983fa3a644fcca4e5fd8b3b,6983fa3a644fcca4e5fd8b3b,,,,
17588,raw_position_sample,2,2,int,26,3,8,9,35, led ,1020,222,4427673.899999999,6983fa3a644fcca4e5fd8b3b,6983fa3a644fcca4e5fd8b3b,intermediate,3,6983fa3a644fcca4e5fd8b3b,6983fa3a644fcca4e5fd8b3b,spotlight_PROLIFIC,,36,Chile,Spanish,"Spanish, English",,Spanish:70|English:30,100,Spanish:70|English:30,100,Spanish:80|English:20,100,18,6,Bachelor's,10,10,10,6,8,9,7,17,14,16,TOEFL,80,,,,,23,25,C1,intermediate|advanced,intermediate|advanced,cambridge_22_25_intermediate_advanced,4,19,random,,208.26390075683594,1009.1493530273438,228.26390075683594,1038.1597709655762,3,7,,,,,,,,,,,,2026-08-24T17:16:23.220Z,YVYMAZEH,2026-08-24,2026-08-24,13:16:23,2026-08-24 13:16:23,,,,,,,,6983fa3a644fcca4e5fd8b3b,6983fa3a644fcca4e5fd8b3b,,,,
17640,raw_position_sample,2,2,int,26,3,8,9,35, led ,1023,222,4427725.399999999,6983fa3a644fcca4e5fd8b3b,6983fa3a644fcca4e5fd8b3b,intermediate,3,6983fa3a644fcca4e5fd8b3b,6983fa3a644fcca4e5fd8b3b,spotlight_PROLIFIC,,36,Chile,Spanish,"Spanish, English",,Spanish:70|English:30,100,Spanish:70|English:30,100,Spanish:80|English:20,100,18,6,Bachelor's,10,10,10,6,8,9,7,17,14,16,TOEFL,80,,,,,23,25,C1,intermediate|advanced,intermediate|advanced,cambridge_22_25_intermediate_advanced,4,19,random,,208.26390075683594,1009.1493530273438,228.26390075683594,1038.1597709655762,3,7,,,,,,,,,,,,2026-08-24T17:16:23.220Z,YVYMAZEH,2026-08-24,2026-08-24,13:16:23,2026-08-24 13:16:23,,,,,,,,6983fa3a644fcca4e5fd8b3b,6983fa3a644fcca4e5fd8b3b,,,,
17689,raw_position_sample,2,2,int,26,3,8,9,35, led ,1030,222,4427774.100000001,6983fa3a644fcca4e5fd8b3b,6983fa3a644fcca4e5fd8b3b,intermediate,3,6983fa3a644fcca4e5fd8b3b,6983fa3a644fcca4e5fd8b3b,spotlight_PROLIFIC,,36,Chile,Spanish,"Spanish, English",,Spanish:70|English:30,100,Spanish:70|English:30,100,Spanish:80|English:20,100,18,6,Bachelor's,10,10,10,6,8,9,7,17,14,16,TOEFL,80,,,,,23,25,C1,intermediate|advanced,intermediate|advanced,cambridge_22_25_intermediate_advanced,4,19,random,,208.26390075683594,1009.1493530273438,228.26390075683594,1038.1597709655762,3,7,,,,,,,,,,,,2026-08-24T17:16:23.220Z,YVYMAZEH,2026-08-24,2026-08-24,13:16:23,2026-08-24 13:16:23,,,,,,,,6983fa3a644fcca4e5fd8b3b,6983fa3a644fcca4e5fd8b3b,,,,
17738,raw_position_sample,2,2,int,26,3,8,9,35, led ,1038,222,4427823.8,6983fa3a644fcca4e5fd8b3b,6983fa3a644fcca4e5fd8b3b,intermediate,3,6983fa3a644fcca4e5fd8b3b,6983fa3a644fcca4e5fd8b3b,spotlight_PROLIFIC,,36,Chile,Spanish,"Spanish, English",,Spanish:70|English:30,100,Spanish:70|English:30,100,Spanish:80|English:20,100,18,6,Bachelor's,10,10,10,6,8,9,7,17,14,16,TOEFL,80,,,,,23,25,C1,intermediate|advanced,intermediate|advanced,cambridge_22_25_intermediate_advanced,4,19,random,,208.26390075683594,1009.1493530273438,228.26390075683594,1038.1597709655762,3,7,,,,,,,,,,,,2026-08-24T17:16:23.220Z,YVYMAZEH,2026-08-24,2026-08-24,13:16:23,2026-08-24 13:16:23,,,,,,,,6983fa3a644fcca4e5fd8b3b,6983fa3a644fcca4e5fd8b3b,,,,
17741,hover_association,2,2,int,26,3,8,9,35, led ,1010,222,,6983fa3a644fcca4e5fd8b3b,6983fa3a644fcca4e5fd8b3b,intermediate,3,6983fa3a644fcca4e5fd8b3b,6983fa3a644fcca4e5fd8b3b,spotlight_PROLIFIC,,36,Chile,Spanish,"Spanish, English",,Spanish:70|English:30,100,Spanish:70|English:30,100,Spanish:80|English:20,100,18,6,Bachelor's,10,10,10,6,8,9,7,17,14,16,TOEFL,80,,,,,23,25,C1,intermediate|advanced,intermediate|advanced,cambridge_22_25_intermediate_advanced,4,19,random,,198.26390075683594,1009.1493644714355,238.26390075683594,1038.1597805023193,3,7,hover,294.59999999962747,294.59999999962747,0.9944923057239429,0.5934024810791015,81,,,,,,2026-08-24T17:16:23.220Z,YVYMAZEH,2026-08-24,2026-08-24,13:16:23,2026-08-24 13:16:23,,,,,,,,6983fa3a644fcca4e5fd8b3b,6983fa3a644fcca4e5fd8b3b,,,,
17788,raw_position_sample,2,2,int,26,3,8,9,36, by ,1046,222,4427873.7,6983fa3a644fcca4e5fd8b3b,6983fa3a644fcca4e5fd8b3b,intermediate,3,6983fa3a644fcca4e5fd8b3b,6983fa3a644fcca4e5fd8b3b,spotlight_PROLIFIC,,36,Chile,Spanish,"Spanish, English",,Spanish:70|English:30,100,Spanish:70|English:30,100,Spanish:80|English:20,100,18,6,Bachelor's,10,10,10,6,8,9,7,17,14,16,TOEFL,80,,,,,23,25,C1,intermediate|advanced,intermediate|advanced,cambridge_22_25_intermediate_advanced,4,19,random,,208.26390075683594,1038.1597900390625,228.26390075683594,1062.170207977295,3,8,,,,,,,,,,,,2026-08-24T17:16:23.220Z,YVYMAZEH,2026-08-24,2026-08-24,13:16:23,2026-08-24 13:16:23,,,,,,,,6983fa3a644fcca4e5fd8b3b,6983fa3a644fcca4e5fd8b3b,,,,
17838,raw_position_sample,2,2,int,26,3,8,9,36, by ,1051,222,4427923.7,6983fa3a644fcca4e5fd8b3b,6983fa3a644fcca4e5fd8b3b,intermediate,3,6983fa3a644fcca4e5fd8b3b,6983fa3a644fcca4e5fd8b3b,spotlight_PROLIFIC,,36,Chile,Spanish,"Spanish, English",,Spanish:70|English:30,100,Spanish:70|English:30,100,Spanish:80|English:20,100,18,6,Bachelor's,10,10,10,6,8,9,7,17,14,16,TOEFL,80,,,,,23,25,C1,intermediate|advanced,intermediate|advanced,cambridge_22_25_intermediate_advanced,4,19,random,,208.26390075683594,1038.1597900390625,228.26390075683594,1062.170207977295,3,8,,,,,,,,,,,,2026-08-24T17:16:23.220Z,YVYMAZEH,2026-08-24,2026-08-24,13:16:23,2026-08-24 13:16:23,,,,,,,,6983fa3a644fcca4e5fd8b3b,6983fa3a644fcca4e5fd8b3b,,,,
17888,raw_position_sample,2,2,int,26,3,8,9,36, by ,1054,222,4427973.600000001,6983fa3a644fcca4e5fd8b3b,6983fa3a644fcca4e5fd8b3b,intermediate,3,6983fa3a644fcca4e5fd8b3b,6983fa3a644fcca4e5fd8b3b,spotlight_PROLIFIC,,36,Chile,Spanish,"Spanish, English",,Spanish:70|English:30,100,Spanish:70|English:30,100,Spanish:80|English:20,100,18,6,Bachelor's,10,10,10,6,8,9,7,17,14,16,TOEFL,80,,,,,23,25,C1,intermediate|advanced,intermediate|advanced,cambridge_22_25_intermediate_advanced,4,19,random,,208.26390075683594,1038.1597900390625,228.26390075683594,1062.170207977295,3,8,,,,,,,,,,,,2026-08-24T17:16:23.220Z,YVYMAZEH,2026-08-24,2026-08-24,13:16:23,2026-08-24 13:16:23,,,,,,,,6983fa3a644fcca4e5fd8b3b,6983fa3a644fcca4e5fd8b3b,,,,
17938,raw_position_sample,2,2,int,26,3,8,9,36, by ,1058,222,4428023.600000001,6983fa3a644fcca4e5fd8b3b,6983fa3a644fcca4e5fd8b3b,intermediate,3,6983fa3a644fcca4e5fd8b3b,6983fa3a644fcca4e5fd8b3b,spotlight_PROLIFIC,,36,Chile,Spanish,"Spanish, English",,Spanish:70|English:30,100,Spanish:70|English:30,100,Spanish:80|English:20,100,18,6,Bachelor's,10,10,10,6,8,9,7,17,14,16,TOEFL,80,,,,,23,25,C1,intermediate|advanced,intermediate|advanced,cambridge_22_25_intermediate_advanced,4,19,random,,208.26390075683594,1038.1597900390625,228.26390075683594,1062.170207977295,3,8,,,,,,,,,,,,2026-08-24T17:16:23.220Z,YVYMAZEH,2026-08-24,2026-08-24,13:16:23,2026-08-24 13:16:23,,,,,,,,6983fa3a644fcca4e5fd8b3b,6983fa3a644fcca4e5fd8b3b,,,,
17977,hover_association,2,2,int,26,3,8,9,36, by ,1040,222,,6983fa3a644fcca4e5fd8b3b,6983fa3a644fcca4e5fd8b3b,intermediate,3,6983fa3a644fcca4e5fd8b3b,6983fa3a644fcca4e5fd8b3b,spotlight_PROLIFIC,,36,Chile,Spanish,"Spanish, English",,Spanish:70|English:30,100,Spanish:70|English:30,100,Spanish:80|English:20,100,18,6,Bachelor's,10,10,10,6,8,9,7,17,14,16,TOEFL,80,,,,,23,25,C1,intermediate|advanced,intermediate|advanced,cambridge_22_25_intermediate_advanced,4,19,random,,198.26390075683594,1038.1597805023193,238.26390075683594,1062.17018699646,3,8,hover,235.69999999925494,235.69999999925494,0.9929119485544114,0.5934024810791015,81,,,,,,2026-08-24T17:16:23.220Z,YVYMAZEH,2026-08-24,2026-08-24,13:16:23,2026-08-24 13:16:23,,,,,,,,6983fa3a644fcca4e5fd8b3b,6983fa3a644fcca4e5fd8b3b,,,,
17991,raw_position_sample,2,2,int,26,3,8,9,37," Vancouver, ",1064,222,4428076.3,6983fa3a644fcca4e5fd8b3b,6983fa3a644fcca4e5fd8b3b,intermediate,3,6983fa3a644fcca4e5fd8b3b,6983fa3a644fcca4e5fd8b3b,spotlight_PROLIFIC,,36,Chile,Spanish,"Spanish, English",,Spanish:70|English:30,100,Spanish:70|English:30,100,Spanish:80|English:20,100,18,6,Bachelor's,10,10,10,6,8,9,7,17,14,16,TOEFL,80,,,,,23,25,C1,intermediate|advanced,intermediate|advanced,cambridge_22_25_intermediate_advanced,4,19,random,,208.26390075683594,1062.170166015625,228.26390075683594,1155.833366394043,3,9,,,,,,,,,,,,2026-08-24T17:16:23.220Z,YVYMAZEH,2026-08-24,2026-08-24,13:16:23,2026-08-24 13:16:23,,,,,,,,6983fa3a644fcca4e5fd8b3b,6983fa3a644fcca4e5fd8b3b,,,,
18039,raw_position_sample,2,2,int,26,3,8,9,37," Vancouver, ",1071,222,4428124.899999999,6983fa3a644fcca4e5fd8b3b,6983fa3a644fcca4e5fd8b3b,intermediate,3,6983fa3a644fcca4e5fd8b3b,6983fa3a644fcca4e5fd8b3b,spotlight_PROLIFIC,,36,Chile,Spanish,"Spanish, English",,Spanish:70|English:30,100,Spanish:70|English:30,100,Spanish:80|English:20,100,18,6,Bachelor's,10,10,10,6,8,9,7,17,14,16,TOEFL,80,,,,,23,25,C1,intermediate|advanced,intermediate|advanced,cambridge_22_25_intermediate_advanced,4,19,random,,208.26390075683594,1062.170166015625,228.26390075683594,1155.833366394043,3,9,,,,,,,,,,,,2026-08-24T17:16:23.220Z,YVYMAZEH,2026-08-24,2026-08-24,13:16:23,2026-08-24 13:16:23,,,,,,,,6983fa3a644fcca4e5fd8b3b,6983fa3a644fcca4e5fd8b3b,,,,
18089,raw_position_sample,2,2,int,26,3,8,9,37," Vancouver, ",1078,222,4428174.3,6983fa3a644fcca4e5fd8b3b,6983fa3a644fcca4e5fd8b3b,intermediate,3,6983fa3a644fcca4e5fd8b3b,6983fa3a644fcca4e5fd8b3b,spotlight_PROLIFIC,,36,Chile,Spanish,"Spanish, English",,Spanish:70|English:30,100,Spanish:70|English:30,100,Spanish:80|English:20,100,18,6,Bachelor's,10,10,10,6,8,9,7,17,14,16,TOEFL,80,,,,,23,25,C1,intermediate|advanced,intermediate|advanced,cambridge_22_25_intermediate_advanced,4,19,random,,208.26390075683594,1062.170166015625,228.26390075683594,1155.833366394043,3,9,,,,,,,,,,,,2026-08-24T17:16:23.220Z,YVYMAZEH,2026-08-24,2026-08-24,13:16:23,2026-08-24 13:16:23,,,,,,,,6983fa3a644fcca4e5fd8b3b,6983fa3a644fcca4e5fd8b3b,,,,
18138,raw_position_sample,2,2,int,26,3,8,9,37," Vancouver, ",1083,222,4428223.7,6983fa3a644fcca4e5fd8b3b,6983fa3a644fcca4e5fd8b3b,intermediate,3,6983fa3a644fcca4e5fd8b3b,6983fa3a644fcca4e5fd8b3b,spotlight_PROLIFIC,,36,Chile,Spanish,"Spanish, English",,Spanish:70|English:30,100,Spanish:70|English:30,100,Spanish:80|English:20,100,18,6,Bachelor's,10,10,10,6,8,9,7,17,14,16,TOEFL,80,,,,,23,25,C1,intermediate|advanced,intermediate|advanced,cambridge_22_25_intermediate_advanced,4,19,random,,208.26390075683594,1062.170166015625,228.26390075683594,1155.833366394043,3,9,,,,,,,,,,,,2026-08-24T17:16:23.220Z,YVYMAZEH,2026-08-24,2026-08-24,13:16:23,2026-08-24 13:16:23,,,,,,,,6983fa3a644fcca4e5fd8b3b,6983fa3a644fcca4e5fd8b3b,,,,
18188,raw_position_sample,2,2,int,26,3,8,9,37," Vancouver, ",1087,221,4428273.600000001,6983fa3a644fcca4e5fd8b3b,6983fa3a644fcca4e5fd8b3b,intermediate,3,6983fa3a644fcca4e5fd8b3b,6983fa3a644fcca4e5fd8b3b,spotlight_PROLIFIC,,36,Chile,Spanish,"Spanish, English",,Spanish:70|English:30,100,Spanish:70|English:30,100,Spanish:80|English:20,100,18,6,Bachelor's,10,10,10,6,8,9,7,17,14,16,TOEFL,80,,,,,23,25,C1,intermediate|advanced,intermediate|advanced,cambridge_22_25_intermediate_advanced,4,19,random,,208.26390075683594,1062.170166015625,228.26390075683594,1155.833366394043,3,9,,,,,,,,,,,,2026-08-24T17:16:23.220Z,YVYMAZEH,2026-08-24,2026-08-24,13:16:23,2026-08-24 13:16:23,,,,,,,,6983fa3a644fcca4e5fd8b3b,6983fa3a644fcca4e5fd8b3b,,,,
18238,raw_position_sample,2,2,int,26,3,8,9,37," Vancouver, ",1087,221,4428323.8,6983fa3a644fcca4e5fd8b3b,6983fa3a644fcca4e5fd8b3b,intermediate,3,6983fa3a644fcca4e5fd8b3b,6983fa3a644fcca4e5fd8b3b,spotlight_PROLIFIC,,36,Chile,Spanish,"Spanish, English",,Spanish:70|English:30,100,Spanish:70|English:30,100,Spanish:80|English:20,100,18,6,Bachelor's,10,10,10,6,8,9,7,17,14,16,TOEFL,80,,,,,23,25,C1,intermediate|advanced,intermediate|advanced,cambridge_22_25_intermediate_advanced,4,19,random,,208.26390075683594,1062.170166015625,228.26390075683594,1155.833366394043,3,9,,,,,,,,,,,,2026-08-24T17:16:23.220Z,YVYMAZEH,2026-08-24,2026-08-24,13:16:23,2026-08-24 13:16:23,,,,,,,,6983fa3a644fcca4e5fd8b3b,6983fa3a644fcca4e5fd8b3b,,,,
18289,raw_position_sample,2,2,int,26,3,8,9,37," Vancouver, ",1087,221,4428374.100000001,6983fa3a644fcca4e5fd8b3b,6983fa3a644fcca4e5fd8b3b,intermediate,3,6983fa3a644fcca4e5fd8b3b,6983fa3a644fcca4e5fd8b3b,spotlight_PROLIFIC,,36,Chile,Spanish,"Spanish, English",,Spanish:70|English:30,100,Spanish:70|English:30,100,Spanish:80|English:20,100,18,6,Bachelor's,10,10,10,6,8,9,7,17,14,16,TOEFL,80,,,,,23,25,C1,intermediate|advanced,intermediate|advanced,cambridge_22_25_intermediate_advanced,4,19,random,,208.26390075683594,1062.170166015625,228.26390075683594,1155.833366394043,3,9,,,,,,,,,,,,2026-08-24T17:16:23.220Z,YVYMAZEH,2026-08-24,2026-08-24,13:16:23,2026-08-24 13:16:23,,,,,,,,6983fa3a644fcca4e5fd8b3b,6983fa3a644fcca4e5fd8b3b,,,,
18338,raw_position_sample,2,2,int,26,3,8,9,37," Vancouver, ",1087,221,4428423.899999999,6983fa3a644fcca4e5fd8b3b,6983fa3a644fcca4e5fd8b3b,intermediate,3,6983fa3a644fcca4e5fd8b3b,6983fa3a644fcca4e5fd8b3b,spotlight_PROLIFIC,,36,Chile,Spanish,"Spanish, English",,Spanish:70|English:30,100,Spanish:70|English:30,100,Spanish:80|English:20,100,18,6,Bachelor's,10,10,10,6,8,9,7,17,14,16,TOEFL,80,,,,,23,25,C1,intermediate|advanced,intermediate|advanced,cambridge_22_25_intermediate_advanced,4,19,random,,208.26390075683594,1062.170166015625,228.26390075683594,1155.833366394043,3,9,,,,,,,,,,,,2026-08-24T17:16:23.220Z,YVYMAZEH,2026-08-24,2026-08-24,13:16:23,2026-08-24 13:16:23,,,,,,,,6983fa3a644fcca4e5fd8b3b,6983fa3a644fcca4e5fd8b3b,,,,
18388,raw_position_sample,2,2,int,26,3,8,9,37," Vancouver, ",1087,221,4428473.8,6983fa3a644fcca4e5fd8b3b,6983fa3a644fcca4e5fd8b3b,intermediate,3,6983fa3a644fcca4e5fd8b3b,6983fa3a644fcca4e5fd8b3b,spotlight_PROLIFIC,,36,Chile,Spanish,"Spanish, English",,Spanish:70|English:30,100,Spanish:70|English:30,100,Spanish:80|English:20,100,18,6,Bachelor's,10,10,10,6,8,9,7,17,14,16,TOEFL,80,,,,,23,25,C1,intermediate|advanced,intermediate|advanced,cambridge_22_25_intermediate_advanced,4,19,random,,208.26390075683594,1062.170166015625,228.26390075683594,1155.833366394043,3,9,,,,,,,,,,,,2026-08-24T17:16:23.220Z,YVYMAZEH,2026-08-24,2026-08-24,13:16:23,2026-08-24 13:16:23,,,,,,,,6983fa3a644fcca4e5fd8b3b,6983fa3a644fcca4e5fd8b3b,,,,
18438,raw_position_sample,2,2,int,26,3,8,9,37," Vancouver, ",1087,221,4428523.8,6983fa3a644fcca4e5fd8b3b,6983fa3a644fcca4e5fd8b3b,intermediate,3,6983fa3a644fcca4e5fd8b3b,6983fa3a644fcca4e5fd8b3b,spotlight_PROLIFIC,,36,Chile,Spanish,"Spanish, English",,Spanish:70|English:30,100,Spanish:70|English:30,100,Spanish:80|English:20,100,18,6,Bachelor's,10,10,10,6,8,9,7,17,14,16,TOEFL,80,,,,,23,25,C1,intermediate|advanced,intermediate|advanced,cambridge_22_25_intermediate_advanced,4,19,random,,208.26390075683594,1062.170166015625,228.26390075683594,1155.833366394043,3,9,,,,,,,,,,,,2026-08-24T17:16:23.220Z,YVYMAZEH,2026-08-24,2026-08-24,13:16:23,2026-08-24 13:16:23,,,,,,,,6983fa3a644fcca4e5fd8b3b,6983fa3a644fcca4e5fd8b3b,,,,
18488,raw_position_sample,2,2,int,26,3,8,9,37," Vancouver, ",1091,221,4428573.7,6983fa3a644fcca4e5fd8b3b,6983fa3a644fcca4e5fd8b3b,intermediate,3,6983fa3a644fcca4e5fd8b3b,6983fa3a644fcca4e5fd8b3b,spotlight_PROLIFIC,,36,Chile,Spanish,"Spanish, English",,Spanish:70|English:30,100,Spanish:70|English:30,100,Spanish:80|English:20,100,18,6,Bachelor's,10,10,10,6,8,9,7,17,14,16,TOEFL,80,,,,,23,25,C1,intermediate|advanced,intermediate|advanced,cambridge_22_25_intermediate_advanced,4,19,random,,208.26390075683594,1062.170166015625,228.26390075683594,1155.833366394043,3,9,,,,,,,,,,,,2026-08-24T17:16:23.220Z,YVYMAZEH,2026-08-24,2026-08-24,13:16:23,2026-08-24 13:16:23,,,,,,,,6983fa3a644fcca4e5fd8b3b,6983fa3a644fcca4e5fd8b3b,,,,
18538,raw_position_sample,2,2,int,26,3,8,9,37," Vancouver, ",1120,220,4428623.600000001,6983fa3a644fcca4e5fd8b3b,6983fa3a644fcca4e5fd8b3b,intermediate,3,6983fa3a644fcca4e5fd8b3b,6983fa3a644fcca4e5fd8b3b,spotlight_PROLIFIC,,36,Chile,Spanish,"Spanish, English",,Spanish:70|English:30,100,Spanish:70|English:30,100,Spanish:80|English:20,100,18,6,Bachelor's,10,10,10,6,8,9,7,17,14,16,TOEFL,80,,,,,23,25,C1,intermediate|advanced,intermediate|advanced,cambridge_22_25_intermediate_advanced,4,19,random,,208.26390075683594,1062.170166015625,228.26390075683594,1155.833366394043,3,9,,,,,,,,,,,,2026-08-24T17:16:23.220Z,YVYMAZEH,2026-08-24,2026-08-24,13:16:23,2026-08-24 13:16:23,,,,,,,,6983fa3a644fcca4e5fd8b3b,6983fa3a644fcca4e5fd8b3b,,,,
18589,raw_position_sample,2,2,int,26,3,8,9,37," Vancouver, ",1135,218,4428674.100000001,6983fa3a644fcca4e5fd8b3b,6983fa3a644fcca4e5fd8b3b,intermediate,3,6983fa3a644fcca4e5fd8b3b,6983fa3a644fcca4e5fd8b3b,spotlight_PROLIFIC,,36,Chile,Spanish,"Spanish, English",,Spanish:70|English:30,100,Spanish:70|English:30,100,Spanish:80|English:20,100,18,6,Bachelor's,10,10,10,6,8,9,7,17,14,16,TOEFL,80,,,,,23,25,C1,intermediate|advanced,intermediate|advanced,cambridge_22_25_intermediate_advanced,4,19,random,,208.26390075683594,1062.170166015625,228.26390075683594,1155.833366394043,3,9,,,,,,,,,,,,2026-08-24T17:16:23.220Z,YVYMAZEH,2026-08-24,2026-08-24,13:16:23,2026-08-24 13:16:23,,,,,,,,6983fa3a644fcca4e5fd8b3b,6983fa3a644fcca4e5fd8b3b,,,,
18641,raw_position_sample,2,2,int,26,3,8,9,37," Vancouver, ",1146,218,4428726.000000001,6983fa3a644fcca4e5fd8b3b,6983fa3a644fcca4e5fd8b3b,intermediate,3,6983fa3a644fcca4e5fd8b3b,6983fa3a644fcca4e5fd8b3b,spotlight_PROLIFIC,,36,Chile,Spanish,"Spanish, English",,Spanish:70|English:30,100,Spanish:70|English:30,100,Spanish:80|English:20,100,18,6,Bachelor's,10,10,10,6,8,9,7,17,14,16,TOEFL,80,,,,,23,25,C1,intermediate|advanced,intermediate|advanced,cambridge_22_25_intermediate_advanced,4,19,random,,208.26390075683594,1062.170166015625,228.26390075683594,1155.833366394043,3,9,,,,,,,,,,,,2026-08-24T17:16:23.220Z,YVYMAZEH,2026-08-24,2026-08-24,13:16:23,2026-08-24 13:16:23,,,,,,,,6983fa3a644fcca4e5fd8b3b,6983fa3a644fcca4e5fd8b3b,,,,
18689,raw_position_sample,2,2,int,26,3,8,9,37," Vancouver, ",1155,218,4428774.2,6983fa3a644fcca4e5fd8b3b,6983fa3a644fcca4e5fd8b3b,intermediate,3,6983fa3a644fcca4e5fd8b3b,6983fa3a644fcca4e5fd8b3b,spotlight_PROLIFIC,,36,Chile,Spanish,"Spanish, English",,Spanish:70|English:30,100,Spanish:70|English:30,100,Spanish:80|English:20,100,18,6,Bachelor's,10,10,10,6,8,9,7,17,14,16,TOEFL,80,,,,,23,25,C1,intermediate|advanced,intermediate|advanced,cambridge_22_25_intermediate_advanced,4,19,random,,208.26390075683594,1062.170166015625,228.26390075683594,1155.833366394043,3,9,,,,,,,,,,,,2026-08-24T17:16:23.220Z,YVYMAZEH,2026-08-24,2026-08-24,13:16:23,2026-08-24 13:16:23,,,,,,,,6983fa3a644fcca4e5fd8b3b,6983fa3a644fcca4e5fd8b3b,,,,
18700,hover_association,2,2,int,26,3,8,9,37," Vancouver, ",1063,222,,6983fa3a644fcca4e5fd8b3b,6983fa3a644fcca4e5fd8b3b,intermediate,3,6983fa3a644fcca4e5fd8b3b,6983fa3a644fcca4e5fd8b3b,spotlight_PROLIFIC,,36,Chile,Spanish,"Spanish, English",,Spanish:70|English:30,100,Spanish:70|English:30,100,Spanish:80|English:20,100,18,6,Bachelor's,10,10,10,6,8,9,7,17,14,16,TOEFL,80,,,,,23,25,C1,intermediate|advanced,intermediate|advanced,cambridge_22_25_intermediate_advanced,4,19,random,,198.26390075683594,1062.17018699646,238.26390075683594,1155.8333702087402,3,9,hover,723.7000000011176,723.7000000011176,0.9911024782613733,0.49340248107910156,81,,,,,,2026-08-24T17:16:23.220Z,YVYMAZEH,2026-08-24,2026-08-24,13:16:23,2026-08-24 13:16:23,,,,,,,,6983fa3a644fcca4e5fd8b3b,6983fa3a644fcca4e5fd8b3b,,,,
18738,raw_position_sample,2,2,int,26,3,8,9,38, do ,1161,218,4428823.600000001,6983fa3a644fcca4e5fd8b3b,6983fa3a644fcca4e5fd8b3b,intermediate,3,6983fa3a644fcca4e5fd8b3b,6983fa3a644fcca4e5fd8b3b,spotlight_PROLIFIC,,36,Chile,Spanish,"Spanish, English",,Spanish:70|English:30,100,Spanish:70|English:30,100,Spanish:80|English:20,100,18,6,Bachelor's,10,10,10,6,8,9,7,17,14,16,TOEFL,80,,,,,23,25,C1,intermediate|advanced,intermediate|advanced,cambridge_22_25_intermediate_advanced,4,19,random,,208.26390075683594,1155.8333740234375,228.26390075683594,1180.850736618042,3,10,,,,,,,,,,,,2026-08-24T17:16:23.220Z,YVYMAZEH,2026-08-24,2026-08-24,13:16:23,2026-08-24 13:16:23,,,,,,,,6983fa3a644fcca4e5fd8b3b,6983fa3a644fcca4e5fd8b3b,,,,
18788,raw_position_sample,2,2,int,26,3,8,9,38, do ,1164,218,4428873.7,6983fa3a644fcca4e5fd8b3b,6983fa3a644fcca4e5fd8b3b,intermediate,3,6983fa3a644fcca4e5fd8b3b,6983fa3a644fcca4e5fd8b3b,spotlight_PROLIFIC,,36,Chile,Spanish,"Spanish, English",,Spanish:70|English:30,100,Spanish:70|English:30,100,Spanish:80|English:20,100,18,6,Bachelor's,10,10,10,6,8,9,7,17,14,16,TOEFL,80,,,,,23,25,C1,intermediate|advanced,intermediate|advanced,cambridge_22_25_intermediate_advanced,4,19,random,,208.26390075683594,1155.8333740234375,228.26390075683594,1180.850736618042,3,10,,,,,,,,,,,,2026-08-24T17:16:23.220Z,YVYMAZEH,2026-08-24,2026-08-24,13:16:23,2026-08-24 13:16:23,,,,,,,,6983fa3a644fcca4e5fd8b3b,6983fa3a644fcca4e5fd8b3b,,,,
18838,raw_position_sample,2,2,int,26,3,8,9,38, do ,1164,218,4428923.600000001,6983fa3a644fcca4e5fd8b3b,6983fa3a644fcca4e5fd8b3b,intermediate,3,6983fa3a644fcca4e5fd8b3b,6983fa3a644fcca4e5fd8b3b,spotlight_PROLIFIC,,36,Chile,Spanish,"Spanish, English",,Spanish:70|English:30,100,Spanish:70|English:30,100,Spanish:80|English:20,100,18,6,Bachelor's,10,10,10,6,8,9,7,17,14,16,TOEFL,80,,,,,23,25,C1,intermediate|advanced,intermediate|advanced,cambridge_22_25_intermediate_advanced,4,19,random,,208.26390075683594,1155.8333740234375,228.26390075683594,1180.850736618042,3,10,,,,,,,,,,,,2026-08-24T17:16:23.220Z,YVYMAZEH,2026-08-24,2026-08-24,13:16:23,2026-08-24 13:16:23,,,,,,,,6983fa3a644fcca4e5fd8b3b,6983fa3a644fcca4e5fd8b3b,,,,
18888,raw_position_sample,2,2,int,26,3,8,9,38, do ,1164,218,4428973.600000001,6983fa3a644fcca4e5fd8b3b,6983fa3a644fcca4e5fd8b3b,intermediate,3,6983fa3a644fcca4e5fd8b3b,6983fa3a644fcca4e5fd8b3b,spotlight_PROLIFIC,,36,Chile,Spanish,"Spanish, English",,Spanish:70|English:30,100,Spanish:70|English:30,100,Spanish:80|English:20,100,18,6,Bachelor's,10,10,10,6,8,9,7,17,14,16,TOEFL,80,,,,,23,25,C1,intermediate|advanced,intermediate|advanced,cambridge_22_25_intermediate_advanced,4,19,random,,208.26390075683594,1155.8333740234375,228.26390075683594,1180.850736618042,3,10,,,,,,,,,,,,2026-08-24T17:16:23.220Z,YVYMAZEH,2026-08-24,2026-08-24,13:16:23,2026-08-24 13:16:23,,,,,,,,6983fa3a644fcca4e5fd8b3b,6983fa3a644fcca4e5fd8b3b,,,,
18938,raw_position_sample,2,2,int,26,3,8,9,38, do ,1164,218,4429023.7,6983fa3a644fcca4e5fd8b3b,6983fa3a644fcca4e5fd8b3b,intermediate,3,6983fa3a644fcca4e5fd8b3b,6983fa3a644fcca4e5fd8b3b,spotlight_PROLIFIC,,36,Chile,Spanish,"Spanish, English",,Spanish:70|English:30,100,Spanish:70|English:30,100,Spanish:80|English:20,100,18,6,Bachelor's,10,10,10,6,8,9,7,17,14,16,TOEFL,80,,,,,23,25,C1,intermediate|advanced,intermediate|advanced,cambridge_22_25_intermediate_advanced,4,19,random,,208.26390075683594,1155.8333740234375,228.26390075683594,1180.850736618042,3,10,,,,,,,,,,,,2026-08-24T17:16:23.220Z,YVYMAZEH,2026-08-24,2026-08-24,13:16:23,2026-08-24 13:16:23,,,,,,,,6983fa3a644fcca4e5fd8b3b,6983fa3a644fcca4e5fd8b3b,,,,
18990,raw_position_sample,2,2,int,26,3,8,9,38, do ,1164,218,4429075.600000001,6983fa3a644fcca4e5fd8b3b,6983fa3a644fcca4e5fd8b3b,intermediate,3,6983fa3a644fcca4e5fd8b3b,6983fa3a644fcca4e5fd8b3b,spotlight_PROLIFIC,,36,Chile,Spanish,"Spanish, English",,Spanish:70|English:30,100,Spanish:70|English:30,100,Spanish:80|English:20,100,18,6,Bachelor's,10,10,10,6,8,9,7,17,14,16,TOEFL,80,,,,,23,25,C1,intermediate|advanced,intermediate|advanced,cambridge_22_25_intermediate_advanced,4,19,random,,208.26390075683594,1155.8333740234375,228.26390075683594,1180.850736618042,3,10,,,,,,,,,,,,2026-08-24T17:16:23.220Z,YVYMAZEH,2026-08-24,2026-08-24,13:16:23,2026-08-24 13:16:23,,,,,,,,6983fa3a644fcca4e5fd8b3b,6983fa3a644fcca4e5fd8b3b,,,,
19038,raw_position_sample,2,2,int,26,3,8,9,38, do ,1165,218,4429123.7,6983fa3a644fcca4e5fd8b3b,6983fa3a644fcca4e5fd8b3b,intermediate,3,6983fa3a644fcca4e5fd8b3b,6983fa3a644fcca4e5fd8b3b,spotlight_PROLIFIC,,36,Chile,Spanish,"Spanish, English",,Spanish:70|English:30,100,Spanish:70|English:30,100,Spanish:80|English:20,100,18,6,Bachelor's,10,10,10,6,8,9,7,17,14,16,TOEFL,80,,,,,23,25,C1,intermediate|advanced,intermediate|advanced,cambridge_22_25_intermediate_advanced,4,19,random,,208.26390075683594,1155.8333740234375,228.26390075683594,1180.850736618042,3,10,,,,,,,,,,,,2026-08-24T17:16:23.220Z,YVYMAZEH,2026-08-24,2026-08-24,13:16:23,2026-08-24 13:16:23,,,,,,,,6983fa3a644fcca4e5fd8b3b,6983fa3a644fcca4e5fd8b3b,,,,
19088,raw_position_sample,2,2,int,26,3,8,9,38, do ,1165,218,4429173.7,6983fa3a644fcca4e5fd8b3b,6983fa3a644fcca4e5fd8b3b,intermediate,3,6983fa3a644fcca4e5fd8b3b,6983fa3a644fcca4e5fd8b3b,spotlight_PROLIFIC,,36,Chile,Spanish,"Spanish, English",,Spanish:70|English:30,100,Spanish:70|English:30,100,Spanish:80|English:20,100,18,6,Bachelor's,10,10,10,6,8,9,7,17,14,16,TOEFL,80,,,,,23,25,C1,intermediate|advanced,intermediate|advanced,cambridge_22_25_intermediate_advanced,4,19,random,,208.26390075683594,1155.8333740234375,228.26390075683594,1180.850736618042,3,10,,,,,,,,,,,,2026-08-24T17:16:23.220Z,YVYMAZEH,2026-08-24,2026-08-24,13:16:23,2026-08-24 13:16:23,,,,,,,,6983fa3a644fcca4e5fd8b3b,6983fa3a644fcca4e5fd8b3b,,,,
19138,raw_position_sample,2,2,int,26,3,8,9,38, do ,1165,218,4429223.7,6983fa3a644fcca4e5fd8b3b,6983fa3a644fcca4e5fd8b3b,intermediate,3,6983fa3a644fcca4e5fd8b3b,6983fa3a644fcca4e5fd8b3b,spotlight_PROLIFIC,,36,Chile,Spanish,"Spanish, English",,Spanish:70|English:30,100,Spanish:70|English:30,100,Spanish:80|English:20,100,18,6,Bachelor's,10,10,10,6,8,9,7,17,14,16,TOEFL,80,,,,,23,25,C1,intermediate|advanced,intermediate|advanced,cambridge_22_25_intermediate_advanced,4,19,random,,208.26390075683594,1155.8333740234375,228.26390075683594,1180.850736618042,3,10,,,,,,,,,,,,2026-08-24T17:16:23.220Z,YVYMAZEH,2026-08-24,2026-08-24,13:16:23,2026-08-24 13:16:23,,,,,,,,6983fa3a644fcca4e5fd8b3b,6983fa3a644fcca4e5fd8b3b,,,,
19188,raw_position_sample,2,2,int,26,3,8,9,38, do ,1165,218,4429273.7,6983fa3a644fcca4e5fd8b3b,6983fa3a644fcca4e5fd8b3b,intermediate,3,6983fa3a644fcca4e5fd8b3b,6983fa3a644fcca4e5fd8b3b,spotlight_PROLIFIC,,36,Chile,Spanish,"Spanish, English",,Spanish:70|English:30,100,Spanish:70|English:30,100,Spanish:80|English:20,100,18,6,Bachelor's,10,10,10,6,8,9,7,17,14,16,TOEFL,80,,,,,23,25,C1,intermediate|advanced,intermediate|advanced,cambridge_22_25_intermediate_advanced,4,19,random,,208.26390075683594,1155.8333740234375,228.26390075683594,1180.850736618042,3,10,,,,,,,,,,,,2026-08-24T17:16:23.220Z,YVYMAZEH,2026-08-24,2026-08-24,13:16:23,2026-08-24 13:16:23,,,,,,,,6983fa3a644fcca4e5fd8b3b,6983fa3a644fcca4e5fd8b3b,,,,
19239,raw_position_sample,2,2,int,26,3,8,9,38, do ,1168,221,4429324.2,6983fa3a644fcca4e5fd8b3b,6983fa3a644fcca4e5fd8b3b,intermediate,3,6983fa3a644fcca4e5fd8b3b,6983fa3a644fcca4e5fd8b3b,spotlight_PROLIFIC,,36,Chile,Spanish,"Spanish, English",,Spanish:70|English:30,100,Spanish:70|English:30,100,Spanish:80|English:20,100,18,6,Bachelor's,10,10,10,6,8,9,7,17,14,16,TOEFL,80,,,,,23,25,C1,intermediate|advanced,intermediate|advanced,cambridge_22_25_intermediate_advanced,4,19,random,,208.26390075683594,1155.8333740234375,228.26390075683594,1180.850736618042,3,10,,,,,,,,,,,,2026-08-24T17:16:23.220Z,YVYMAZEH,2026-08-24,2026-08-24,13:16:23,2026-08-24 13:16:23,,,,,,,,6983fa3a644fcca4e5fd8b3b,6983fa3a644fcca4e5fd8b3b,,,,
19288,raw_position_sample,2,2,int,26,3,8,9,38, do ,1175,221,4429373.7,6983fa3a644fcca4e5fd8b3b,6983fa3a644fcca4e5fd8b3b,intermediate,3,6983fa3a644fcca4e5fd8b3b,6983fa3a644fcca4e5fd8b3b,spotlight_PROLIFIC,,36,Chile,Spanish,"Spanish, English",,Spanish:70|English:30,100,Spanish:70|English:30,100,Spanish:80|English:20,100,18,6,Bachelor's,10,10,10,6,8,9,7,17,14,16,TOEFL,80,,,,,23,25,C1,intermediate|advanced,intermediate|advanced,cambridge_22_25_intermediate_advanced,4,19,random,,208.26390075683594,1155.8333740234375,228.26390075683594,1180.850736618042,3,10,,,,,,,,,,,,2026-08-24T17:16:23.220Z,YVYMAZEH,2026-08-24,2026-08-24,13:16:23,2026-08-24 13:16:23,,,,,,,,6983fa3a644fcca4e5fd8b3b,6983fa3a644fcca4e5fd8b3b,,,,
19310,hover_association,2,2,int,26,3,8,9,38, do ,1157,218,,6983fa3a644fcca4e5fd8b3b,6983fa3a644fcca4e5fd8b3b,intermediate,3,6983fa3a644fcca4e5fd8b3b,6983fa3a644fcca4e5fd8b3b,spotlight_PROLIFIC,,36,Chile,Spanish,"Spanish, English",,Spanish:70|English:30,100,Spanish:70|English:30,100,Spanish:80|English:20,100,18,6,Bachelor's,10,10,10,6,8,9,7,17,14,16,TOEFL,80,,,,,23,25,C1,intermediate|advanced,intermediate|advanced,cambridge_22_25_intermediate_advanced,4,19,random,,198.26390075683594,1155.8333702087402,238.26390075683594,1180.8507223129272,3,10,hover,610,610,0.9659947100162984,0.5684024810791015,81,,,,,,2026-08-24T17:16:23.220Z,YVYMAZEH,2026-08-24,2026-08-24,13:16:23,2026-08-24 13:16:23,,,,,,,,6983fa3a644fcca4e5fd8b3b,6983fa3a644fcca4e5fd8b3b,,,,
19338,raw_position_sample,2,2,int,26,3,8,9,39, much ,1185,221,4429423.7,6983fa3a644fcca4e5fd8b3b,6983fa3a644fcca4e5fd8b3b,intermediate,3,6983fa3a644fcca4e5fd8b3b,6983fa3a644fcca4e5fd8b3b,spotlight_PROLIFIC,,36,Chile,Spanish,"Spanish, English",,Spanish:70|English:30,100,Spanish:70|English:30,100,Spanish:80|English:20,100,18,6,Bachelor's,10,10,10,6,8,9,7,17,14,16,TOEFL,80,,,,,23,25,C1,intermediate|advanced,intermediate|advanced,cambridge_22_25_intermediate_advanced,4,19,random,,208.26390075683594,1180.8507080078125,228.26390075683594,1229.843765258789,3,11,,,,,,,,,,,,2026-08-24T17:16:23.220Z,YVYMAZEH,2026-08-24,2026-08-24,13:16:23,2026-08-24 13:16:23,,,,,,,,6983fa3a644fcca4e5fd8b3b,6983fa3a644fcca4e5fd8b3b,,,,
19388,raw_position_sample,2,2,int,26,3,8,9,39, much ,1196,221,4429473.7,6983fa3a644fcca4e5fd8b3b,6983fa3a644fcca4e5fd8b3b,intermediate,3,6983fa3a644fcca4e5fd8b3b,6983fa3a644fcca4e5fd8b3b,spotlight_PROLIFIC,,36,Chile,Spanish,"Spanish, English",,Spanish:70|English:30,100,Spanish:70|English:30,100,Spanish:80|English:20,100,18,6,Bachelor's,10,10,10,6,8,9,7,17,14,16,TOEFL,80,,,,,23,25,C1,intermediate|advanced,intermediate|advanced,cambridge_22_25_intermediate_advanced,4,19,random,,208.26390075683594,1180.8507080078125,228.26390075683594,1229.843765258789,3,11,,,,,,,,,,,,2026-08-24T17:16:23.220Z,YVYMAZEH,2026-08-24,2026-08-24,13:16:23,2026-08-24 13:16:23,,,,,,,,6983fa3a644fcca4e5fd8b3b,6983fa3a644fcca4e5fd8b3b,,,,
19438,raw_position_sample,2,2,int,26,3,8,9,39, much ,1206,221,4429523.600000001,6983fa3a644fcca4e5fd8b3b,6983fa3a644fcca4e5fd8b3b,intermediate,3,6983fa3a644fcca4e5fd8b3b,6983fa3a644fcca4e5fd8b3b,spotlight_PROLIFIC,,36,Chile,Spanish,"Spanish, English",,Spanish:70|English:30,100,Spanish:70|English:30,100,Spanish:80|English:20,100,18,6,Bachelor's,10,10,10,6,8,9,7,17,14,16,TOEFL,80,,,,,23,25,C1,intermediate|advanced,intermediate|advanced,cambridge_22_25_intermediate_advanced,4,19,random,,208.26390075683594,1180.8507080078125,228.26390075683594,1229.843765258789,3,11,,,,,,,,,,,,2026-08-24T17:16:23.220Z,YVYMAZEH,2026-08-24,2026-08-24,13:16:23,2026-08-24 13:16:23,,,,,,,,6983fa3a644fcca4e5fd8b3b,6983fa3a644fcca4e5fd8b3b,,,,
19490,raw_position_sample,2,2,int,26,3,8,9,39, much ,1217,221,4429575.899999999,6983fa3a644fcca4e5fd8b3b,6983fa3a644fcca4e5fd8b3b,intermediate,3,6983fa3a644fcca4e5fd8b3b,6983fa3a644fcca4e5fd8b3b,spotlight_PROLIFIC,,36,Chile,Spanish,"Spanish, English",,Spanish:70|English:30,100,Spanish:70|English:30,100,Spanish:80|English:20,100,18,6,Bachelor's,10,10,10,6,8,9,7,17,14,16,TOEFL,80,,,,,23,25,C1,intermediate|advanced,intermediate|advanced,cambridge_22_25_intermediate_advanced,4,19,random,,208.26390075683594,1180.8507080078125,228.26390075683594,1229.843765258789,3,11,,,,,,,,,,,,2026-08-24T17:16:23.220Z,YVYMAZEH,2026-08-24,2026-08-24,13:16:23,2026-08-24 13:16:23,,,,,,,,6983fa3a644fcca4e5fd8b3b,6983fa3a644fcca4e5fd8b3b,,,,
19538,raw_position_sample,2,2,int,26,3,8,9,39, much ,1224,221,4429623.7,6983fa3a644fcca4e5fd8b3b,6983fa3a644fcca4e5fd8b3b,intermediate,3,6983fa3a644fcca4e5fd8b3b,6983fa3a644fcca4e5fd8b3b,spotlight_PROLIFIC,,36,Chile,Spanish,"Spanish, English",,Spanish:70|English:30,100,Spanish:70|English:30,100,Spanish:80|English:20,100,18,6,Bachelor's,10,10,10,6,8,9,7,17,14,16,TOEFL,80,,,,,23,25,C1,intermediate|advanced,intermediate|advanced,cambridge_22_25_intermediate_advanced,4,19,random,,208.26390075683594,1180.8507080078125,228.26390075683594,1229.843765258789,3,11,,,,,,,,,,,,2026-08-24T17:16:23.220Z,YVYMAZEH,2026-08-24,2026-08-24,13:16:23,2026-08-24 13:16:23,,,,,,,,6983fa3a644fcca4e5fd8b3b,6983fa3a644fcca4e5fd8b3b,,,,
19588,raw_position_sample,2,2,int,26,3,8,9,39, much ,1228,221,4429673.600000001,6983fa3a644fcca4e5fd8b3b,6983fa3a644fcca4e5fd8b3b,intermediate,3,6983fa3a644fcca4e5fd8b3b,6983fa3a644fcca4e5fd8b3b,spotlight_PROLIFIC,,36,Chile,Spanish,"Spanish, English",,Spanish:70|English:30,100,Spanish:70|English:30,100,Spanish:80|English:20,100,18,6,Bachelor's,10,10,10,6,8,9,7,17,14,16,TOEFL,80,,,,,23,25,C1,intermediate|advanced,intermediate|advanced,cambridge_22_25_intermediate_advanced,4,19,random,,208.26390075683594,1180.8507080078125,228.26390075683594,1229.843765258789,3,11,,,,,,,,,,,,2026-08-24T17:16:23.220Z,YVYMAZEH,2026-08-24,2026-08-24,13:16:23,2026-08-24 13:16:23,,,,,,,,6983fa3a644fcca4e5fd8b3b,6983fa3a644fcca4e5fd8b3b,,,,
19598,hover_association,2,2,int,26,3,8,9,39, much ,1181,221,,6983fa3a644fcca4e5fd8b3b,6983fa3a644fcca4e5fd8b3b,intermediate,3,6983fa3a644fcca4e5fd8b3b,6983fa3a644fcca4e5fd8b3b,spotlight_PROLIFIC,,36,Chile,Spanish,"Spanish, English",,Spanish:70|English:30,100,Spanish:70|English:30,100,Spanish:80|English:20,100,18,6,Bachelor's,10,10,10,6,8,9,7,17,14,16,TOEFL,80,,,,,23,25,C1,intermediate|advanced,intermediate|advanced,cambridge_22_25_intermediate_advanced,4,19,random,,198.26390075683594,1180.8507223129272,238.26390075683594,1229.8437576293945,3,11,hover,287.69999999925494,287.69999999925494,0.9623669442506491,0.5684024810791015,81,,,,,,2026-08-24T17:16:23.220Z,YVYMAZEH,2026-08-24,2026-08-24,13:16:23,2026-08-24 13:16:23,,,,,,,,6983fa3a644fcca4e5fd8b3b,6983fa3a644fcca4e5fd8b3b,,,,
19638,raw_position_sample,2,2,int,26,3,8,9,40, better ,1235,221,4429723.600000001,6983fa3a644fcca4e5fd8b3b,6983fa3a644fcca4e5fd8b3b,intermediate,3,6983fa3a644fcca4e5fd8b3b,6983fa3a644fcca4e5fd8b3b,spotlight_PROLIFIC,,36,Chile,Spanish,"Spanish, English",,Spanish:70|English:30,100,Spanish:70|English:30,100,Spanish:80|English:20,100,18,6,Bachelor's,10,10,10,6,8,9,7,17,14,16,TOEFL,80,,,,,23,25,C1,intermediate|advanced,intermediate|advanced,cambridge_22_25_intermediate_advanced,4,19,random,,208.26390075683594,1229.84375,228.26390075683594,1280.8506965637207,3,12,,,,,,,,,,,,2026-08-24T17:16:23.220Z,YVYMAZEH,2026-08-24,2026-08-24,13:16:23,2026-08-24 13:16:23,,,,,,,,6983fa3a644fcca4e5fd8b3b,6983fa3a644fcca4e5fd8b3b,,,,
19689,raw_position_sample,2,2,int,26,3,8,9,40, better ,1243,221,4429774.899999999,6983fa3a644fcca4e5fd8b3b,6983fa3a644fcca4e5fd8b3b,intermediate,3,6983fa3a644fcca4e5fd8b3b,6983fa3a644fcca4e5fd8b3b,spotlight_PROLIFIC,,36,Chile,Spanish,"Spanish, English",,Spanish:70|English:30,100,Spanish:70|English:30,100,Spanish:80|English:20,100,18,6,Bachelor's,10,10,10,6,8,9,7,17,14,16,TOEFL,80,,,,,23,25,C1,intermediate|advanced,intermediate|advanced,cambridge_22_25_intermediate_advanced,4,19,random,,208.26390075683594,1229.84375,228.26390075683594,1280.8506965637207,3,12,,,,,,,,,,,,2026-08-24T17:16:23.220Z,YVYMAZEH,2026-08-24,2026-08-24,13:16:23,2026-08-24 13:16:23,,,,,,,,6983fa3a644fcca4e5fd8b3b,6983fa3a644fcca4e5fd8b3b,,,,
19738,raw_position_sample,2,2,int,26,3,8,9,40, better ,1253,221,4429823.600000001,6983fa3a644fcca4e5fd8b3b,6983fa3a644fcca4e5fd8b3b,intermediate,3,6983fa3a644fcca4e5fd8b3b,6983fa3a644fcca4e5fd8b3b,spotlight_PROLIFIC,,36,Chile,Spanish,"Spanish, English",,Spanish:70|English:30,100,Spanish:70|English:30,100,Spanish:80|English:20,100,18,6,Bachelor's,10,10,10,6,8,9,7,17,14,16,TOEFL,80,,,,,23,25,C1,intermediate|advanced,intermediate|advanced,cambridge_22_25_intermediate_advanced,4,19,random,,208.26390075683594,1229.84375,228.26390075683594,1280.8506965637207,3,12,,,,,,,,,,,,2026-08-24T17:16:23.220Z,YVYMAZEH,2026-08-24,2026-08-24,13:16:23,2026-08-24 13:16:23,,,,,,,,6983fa3a644fcca4e5fd8b3b,6983fa3a644fcca4e5fd8b3b,,,,
19788,raw_position_sample,2,2,int,26,3,8,9,40, better ,1264,221,4429873.7,6983fa3a644fcca4e5fd8b3b,6983fa3a644fcca4e5fd8b3b,intermediate,3,6983fa3a644fcca4e5fd8b3b,6983fa3a644fcca4e5fd8b3b,spotlight_PROLIFIC,,36,Chile,Spanish,"Spanish, English",,Spanish:70|English:30,100,Spanish:70|English:30,100,Spanish:80|English:20,100,18,6,Bachelor's,10,10,10,6,8,9,7,17,14,16,TOEFL,80,,,,,23,25,C1,intermediate|advanced,intermediate|advanced,cambridge_22_25_intermediate_advanced,4,19,random,,208.26390075683594,1229.84375,228.26390075683594,1280.8506965637207,3,12,,,,,,,,,,,,2026-08-24T17:16:23.220Z,YVYMAZEH,2026-08-24,2026-08-24,13:16:23,2026-08-24 13:16:23,,,,,,,,6983fa3a644fcca4e5fd8b3b,6983fa3a644fcca4e5fd8b3b,,,,
19840,raw_position_sample,2,2,int,26,3,8,9,40, better ,1280,221,4429925.500000001,6983fa3a644fcca4e5fd8b3b,6983fa3a644fcca4e5fd8b3b,intermediate,3,6983fa3a644fcca4e5fd8b3b,6983fa3a644fcca4e5fd8b3b,spotlight_PROLIFIC,,36,Chile,Spanish,"Spanish, English",,Spanish:70|English:30,100,Spanish:70|English:30,100,Spanish:80|English:20,100,18,6,Bachelor's,10,10,10,6,8,9,7,17,14,16,TOEFL,80,,,,,23,25,C1,intermediate|advanced,intermediate|advanced,cambridge_22_25_intermediate_advanced,4,19,random,,208.26390075683594,1229.84375,228.26390075683594,1280.8506965637207,3,12,,,,,,,,,,,,2026-08-24T17:16:23.220Z,YVYMAZEH,2026-08-24,2026-08-24,13:16:23,2026-08-24 13:16:23,,,,,,,,6983fa3a644fcca4e5fd8b3b,6983fa3a644fcca4e5fd8b3b,,,,
19844,hover_association,2,2,int,26,3,8,9,40, better ,1230,221,,6983fa3a644fcca4e5fd8b3b,6983fa3a644fcca4e5fd8b3b,intermediate,3,6983fa3a644fcca4e5fd8b3b,6983fa3a644fcca4e5fd8b3b,spotlight_PROLIFIC,,36,Chile,Spanish,"Spanish, English",,Spanish:70|English:30,100,Spanish:70|English:30,100,Spanish:80|English:20,100,18,6,Bachelor's,10,10,10,6,8,9,7,17,14,16,TOEFL,80,,,,,23,25,C1,intermediate|advanced,intermediate|advanced,cambridge_22_25_intermediate_advanced,4,19,random,,198.26390075683594,1229.8437576293945,238.26390075683594,1280.8507022857666,3,12,hover,246.69999999925494,246.69999999925494,0.9833218340855802,0.5684024810791015,81,,,,,,2026-08-24T17:16:23.220Z,YVYMAZEH,2026-08-24,2026-08-24,13:16:23,2026-08-24 13:16:23,,,,,,,,6983fa3a644fcca4e5fd8b3b,6983fa3a644fcca4e5fd8b3b,,,,
19888,raw_position_sample,2,2,int,26,3,8,9,41, than ,1292,221,4429973.600000001,6983fa3a644fcca4e5fd8b3b,6983fa3a644fcca4e5fd8b3b,intermediate,3,6983fa3a644fcca4e5fd8b3b,6983fa3a644fcca4e5fd8b3b,spotlight_PROLIFIC,,36,Chile,Spanish,"Spanish, English",,Spanish:70|English:30,100,Spanish:70|English:30,100,Spanish:80|English:20,100,18,6,Bachelor's,10,10,10,6,8,9,7,17,14,16,TOEFL,80,,,,,23,25,C1,intermediate|advanced,intermediate|advanced,cambridge_22_25_intermediate_advanced,4,19,random,,208.26390075683594,1280.8507080078125,228.26390075683594,1320.8680725097656,3,13,,,,,,,,,,,,2026-08-24T17:16:23.220Z,YVYMAZEH,2026-08-24,2026-08-24,13:16:23,2026-08-24 13:16:23,,,,,,,,6983fa3a644fcca4e5fd8b3b,6983fa3a644fcca4e5fd8b3b,,,,
19938,raw_position_sample,2,2,int,26,3,8,9,41, than ,1302,221,4430023.600000001,6983fa3a644fcca4e5fd8b3b,6983fa3a644fcca4e5fd8b3b,intermediate,3,6983fa3a644fcca4e5fd8b3b,6983fa3a644fcca4e5fd8b3b,spotlight_PROLIFIC,,36,Chile,Spanish,"Spanish, English",,Spanish:70|English:30,100,Spanish:70|English:30,100,Spanish:80|English:20,100,18,6,Bachelor's,10,10,10,6,8,9,7,17,14,16,TOEFL,80,,,,,23,25,C1,intermediate|advanced,intermediate|advanced,cambridge_22_25_intermediate_advanced,4,19,random,,208.26390075683594,1280.8507080078125,228.26390075683594,1320.8680725097656,3,13,,,,,,,,,,,,2026-08-24T17:16:23.220Z,YVYMAZEH,2026-08-24,2026-08-24,13:16:23,2026-08-24 13:16:23,,,,,,,,6983fa3a644fcca4e5fd8b3b,6983fa3a644fcca4e5fd8b3b,,,,
19988,raw_position_sample,2,2,int,26,3,8,9,41, than ,1307,221,4430073.7,6983fa3a644fcca4e5fd8b3b,6983fa3a644fcca4e5fd8b3b,intermediate,3,6983fa3a644fcca4e5fd8b3b,6983fa3a644fcca4e5fd8b3b,spotlight_PROLIFIC,,36,Chile,Spanish,"Spanish, English",,Spanish:70|English:30,100,Spanish:70|English:30,100,Spanish:80|English:20,100,18,6,Bachelor's,10,10,10,6,8,9,7,17,14,16,TOEFL,80,,,,,23,25,C1,intermediate|advanced,intermediate|advanced,cambridge_22_25_intermediate_advanced,4,19,random,,208.26390075683594,1280.8507080078125,228.26390075683594,1320.8680725097656,3,13,,,,,,,,,,,,2026-08-24T17:16:23.220Z,YVYMAZEH,2026-08-24,2026-08-24,13:16:23,2026-08-24 13:16:23,,,,,,,,6983fa3a644fcca4e5fd8b3b,6983fa3a644fcca4e5fd8b3b,,,,
20038,raw_position_sample,2,2,int,26,3,8,9,41, than ,1312,221,4430123.600000001,6983fa3a644fcca4e5fd8b3b,6983fa3a644fcca4e5fd8b3b,intermediate,3,6983fa3a644fcca4e5fd8b3b,6983fa3a644fcca4e5fd8b3b,spotlight_PROLIFIC,,36,Chile,Spanish,"Spanish, English",,Spanish:70|English:30,100,Spanish:70|English:30,100,Spanish:80|English:20,100,18,6,Bachelor's,10,10,10,6,8,9,7,17,14,16,TOEFL,80,,,,,23,25,C1,intermediate|advanced,intermediate|advanced,cambridge_22_25_intermediate_advanced,4,19,random,,208.26390075683594,1280.8507080078125,228.26390075683594,1320.8680725097656,3,13,,,,,,,,,,,,2026-08-24T17:16:23.220Z,YVYMAZEH,2026-08-24,2026-08-24,13:16:23,2026-08-24 13:16:23,,,,,,,,6983fa3a644fcca4e5fd8b3b,6983fa3a644fcca4e5fd8b3b,,,,
20088,raw_position_sample,2,2,int,26,3,8,9,41, than ,1310,221,4430173.8,6983fa3a644fcca4e5fd8b3b,6983fa3a644fcca4e5fd8b3b,intermediate,3,6983fa3a644fcca4e5fd8b3b,6983fa3a644fcca4e5fd8b3b,spotlight_PROLIFIC,,36,Chile,Spanish,"Spanish, English",,Spanish:70|English:30,100,Spanish:70|English:30,100,Spanish:80|English:20,100,18,6,Bachelor's,10,10,10,6,8,9,7,17,14,16,TOEFL,80,,,,,23,25,C1,intermediate|advanced,intermediate|advanced,cambridge_22_25_intermediate_advanced,4,19,random,,208.26390075683594,1280.8507080078125,228.26390075683594,1320.8680725097656,3,13,,,,,,,,,,,,2026-08-24T17:16:23.220Z,YVYMAZEH,2026-08-24,2026-08-24,13:16:23,2026-08-24 13:16:23,,,,,,,,6983fa3a644fcca4e5fd8b3b,6983fa3a644fcca4e5fd8b3b,,,,
20118,hover_association,2,2,int,26,3,8,9,41, than ,1282,221,,6983fa3a644fcca4e5fd8b3b,6983fa3a644fcca4e5fd8b3b,intermediate,3,6983fa3a644fcca4e5fd8b3b,6983fa3a644fcca4e5fd8b3b,spotlight_PROLIFIC,,36,Chile,Spanish,"Spanish, English",,Spanish:70|English:30,100,Spanish:70|English:30,100,Spanish:80|English:20,100,18,6,Bachelor's,10,10,10,6,8,9,7,17,14,16,TOEFL,80,,,,,23,25,C1,intermediate|advanced,intermediate|advanced,cambridge_22_25_intermediate_advanced,4,19,random,,198.26390075683594,1280.8507022857666,238.26390075683594,1320.8681182861328,3,13,hover,273.90000000037253,273.90000000037253,0.128676417142633,0.46840248107910154,81,,,,,,2026-08-24T17:16:23.220Z,YVYMAZEH,2026-08-24,2026-08-24,13:16:23,2026-08-24 13:16:23,,,,,,,,6983fa3a644fcca4e5fd8b3b,6983fa3a644fcca4e5fd8b3b,,,,
20134,hover_association,2,2,int,26,3,8,9,40, better ,1274,215,,6983fa3a644fcca4e5fd8b3b,6983fa3a644fcca4e5fd8b3b,intermediate,3,6983fa3a644fcca4e5fd8b3b,6983fa3a644fcca4e5fd8b3b,spotlight_PROLIFIC,,36,Chile,Spanish,"Spanish, English",,Spanish:70|English:30,100,Spanish:70|English:30,100,Spanish:80|English:20,100,18,6,Bachelor's,10,10,10,6,8,9,7,17,14,16,TOEFL,80,,,,,23,25,C1,intermediate|advanced,intermediate|advanced,cambridge_22_25_intermediate_advanced,4,19,random,,198.26390075683594,1229.8437576293945,238.26390075683594,1280.8507022857666,3,12,hover,15.900000000372529,15.900000000372529,0.336351108387007,0.3184024810791016,81,,,,,,2026-08-24T17:16:23.220Z,YVYMAZEH,2026-08-24,2026-08-24,13:16:23,2026-08-24 13:16:23,,,,,,,,6983fa3a644fcca4e5fd8b3b,6983fa3a644fcca4e5fd8b3b,,,,
20138,raw_position_sample,2,2,int,26,3,8,9,39, much ,1203,206,4430223.7,6983fa3a644fcca4e5fd8b3b,6983fa3a644fcca4e5fd8b3b,intermediate,3,6983fa3a644fcca4e5fd8b3b,6983fa3a644fcca4e5fd8b3b,spotlight_PROLIFIC,,36,Chile,Spanish,"Spanish, English",,Spanish:70|English:30,100,Spanish:70|English:30,100,Spanish:80|English:20,100,18,6,Bachelor's,10,10,10,6,8,9,7,17,14,16,TOEFL,80,,,,,23,25,C1,intermediate|advanced,intermediate|advanced,cambridge_22_25_intermediate_advanced,4,19,random,,208.26390075683594,1180.8507080078125,228.26390075683594,1229.843765258789,3,11,,,,,,,,,,,,2026-08-24T17:16:23.220Z,YVYMAZEH,2026-08-24,2026-08-24,13:16:23,2026-08-24 13:16:23,,,,,,,,6983fa3a644fcca4e5fd8b3b,6983fa3a644fcca4e5fd8b3b,,,,
20139,hover_association,2,2,int,26,3,8,9,39, much ,1203,206,,6983fa3a644fcca4e5fd8b3b,6983fa3a644fcca4e5fd8b3b,intermediate,3,6983fa3a644fcca4e5fd8b3b,6983fa3a644fcca4e5fd8b3b,spotlight_PROLIFIC,,36,Chile,Spanish,"Spanish, English",,Spanish:70|English:30,100,Spanish:70|English:30,100,Spanish:80|English:20,100,18,6,Bachelor's,10,10,10,6,8,9,7,17,14,16,TOEFL,80,,,,,23,25,C1,intermediate|advanced,intermediate|advanced,cambridge_22_25_intermediate_advanced,4,19,random,,198.26390075683594,1180.8507223129272,238.26390075683594,1229.8437576293945,3,11,hover,5.300000000745058,5.300000000745058,0.4520903337382743,0.19340248107910157,81,,,,,,2026-08-24T17:16:23.220Z,YVYMAZEH,2026-08-24,2026-08-24,13:16:23,2026-08-24 13:16:23,,,,,,,,6983fa3a644fcca4e5fd8b3b,6983fa3a644fcca4e5fd8b3b,,,,
20146,hover_association,2,2,int,26,3,8,9,37," Vancouver, ",1141,201,,6983fa3a644fcca4e5fd8b3b,6983fa3a644fcca4e5fd8b3b,intermediate,3,6983fa3a644fcca4e5fd8b3b,6983fa3a644fcca4e5fd8b3b,spotlight_PROLIFIC,,36,Chile,Spanish,"Spanish, English",,Spanish:70|English:30,100,Spanish:70|English:30,100,Spanish:80|English:20,100,18,6,Bachelor's,10,10,10,6,8,9,7,17,14,16,TOEFL,80,,,,,23,25,C1,intermediate|advanced,intermediate|advanced,cambridge_22_25_intermediate_advanced,4,19,random,,198.26390075683594,1062.17018699646,238.26390075683594,1155.8333702087402,3,9,hover,6.199999999254942,6.199999999254942,0.8416307272504121,0.06840248107910156,81,,,,,,2026-08-24T17:16:23.220Z,YVYMAZEH,2026-08-24,2026-08-24,13:16:23,2026-08-24 13:16:23,,,,,,,,6983fa3a644fcca4e5fd8b3b,6983fa3a644fcca4e5fd8b3b,,,,
20153,hover_association,2,2,int,26,3,8,9,21, city ,1095,195,,6983fa3a644fcca4e5fd8b3b,6983fa3a644fcca4e5fd8b3b,intermediate,3,6983fa3a644fcca4e5fd8b3b,6983fa3a644fcca4e5fd8b3b,spotlight_PROLIFIC,,36,Chile,Spanish,"Spanish, English",,Spanish:70|English:30,100,Spanish:70|English:30,100,Spanish:80|English:20,100,18,6,Bachelor's,10,10,10,6,8,9,7,17,14,16,TOEFL,80,,,,,23,25,C1,intermediate|advanced,intermediate|advanced,cambridge_22_25_intermediate_advanced,4,19,random,,158.26390075683594,1085.7639236450195,198.26390075683594,1117.7431240081787,2,8,hover,6.900000000372529,6.900000000372529,0.28881511263867166,0.9184024810791016,81,,,,,,2026-08-24T17:16:23.220Z,YVYMAZEH,2026-08-24,2026-08-24,13:16:23,2026-08-24 13:16:23,,,,,,,,6983fa3a644fcca4e5fd8b3b,6983fa3a644fcca4e5fd8b3b,,,,
20166,hover_association,2,2,int,26,3,8,9,20, ranking ,1065,192,,6983fa3a644fcca4e5fd8b3b,6983fa3a644fcca4e5fd8b3b,intermediate,3,6983fa3a644fcca4e5fd8b3b,6983fa3a644fcca4e5fd8b3b,spotlight_PROLIFIC,,36,Chile,Spanish,"Spanish, English",,Spanish:70|English:30,100,Spanish:70|English:30,100,Spanish:80|English:20,100,18,6,Bachelor's,10,10,10,6,8,9,7,17,14,16,TOEFL,80,,,,,23,25,C1,intermediate|advanced,intermediate|advanced,cambridge_22_25_intermediate_advanced,4,19,random,,158.26390075683594,1021.7708721160889,198.26390075683594,1085.7639236450195,2,7,hover,13.699999999254942,13.699999999254942,0.2848610505106154,0.8184024810791015,81,,,,,,2026-08-24T17:16:23.220Z,YVYMAZEH,2026-08-24,2026-08-24,13:16:23,2026-08-24 13:16:23,,,,,,,,6983fa3a644fcca4e5fd8b3b,6983fa3a644fcca4e5fd8b3b,,,,
20188,raw_position_sample,2,2,int,26,3,8,9,19, highest ,972,191,4430273.600000001,6983fa3a644fcca4e5fd8b3b,6983fa3a644fcca4e5fd8b3b,intermediate,3,6983fa3a644fcca4e5fd8b3b,6983fa3a644fcca4e5fd8b3b,spotlight_PROLIFIC,,36,Chile,Spanish,"Spanish, English",,Spanish:70|English:30,100,Spanish:70|English:30,100,Spanish:80|English:20,100,18,6,Bachelor's,10,10,10,6,8,9,7,17,14,16,TOEFL,80,,,,,23,25,C1,intermediate|advanced,intermediate|advanced,cambridge_22_25_intermediate_advanced,4,19,random,,168.26390075683594,958.7673950195312,188.26390075683594,1021.7708702087402,2,6,,,,,,,,,,,,2026-08-24T17:16:23.220Z,YVYMAZEH,2026-08-24,2026-08-24,13:16:23,2026-08-24 13:16:23,,,,,,,,6983fa3a644fcca4e5fd8b3b,6983fa3a644fcca4e5fd8b3b,,,,
20189,hover_association,2,2,int,26,3,8,9,19, highest ,1015,190,,6983fa3a644fcca4e5fd8b3b,6983fa3a644fcca4e5fd8b3b,intermediate,3,6983fa3a644fcca4e5fd8b3b,6983fa3a644fcca4e5fd8b3b,spotlight_PROLIFIC,,36,Chile,Spanish,"Spanish, English",,Spanish:70|English:30,100,Spanish:70|English:30,100,Spanish:80|English:20,100,18,6,Bachelor's,10,10,10,6,8,9,7,17,14,16,TOEFL,80,,,,,23,25,C1,intermediate|advanced,intermediate|advanced,cambridge_22_25_intermediate_advanced,4,19,random,,158.26390075683594,958.7673892974854,198.26390075683594,1021.7708721160889,2,6,hover,23,23,0.2100298286780958,0.8184024810791015,81,,,,,,2026-08-24T17:16:23.220Z,YVYMAZEH,2026-08-24,2026-08-24,13:16:23,2026-08-24 13:16:23,,,,,,,,6983fa3a644fcca4e5fd8b3b,6983fa3a644fcca4e5fd8b3b,,,,
20200,hover_association,2,2,int,26,3,8,9,18, The ,953,193,,6983fa3a644fcca4e5fd8b3b,6983fa3a644fcca4e5fd8b3b,intermediate,3,6983fa3a644fcca4e5fd8b3b,6983fa3a644fcca4e5fd8b3b,spotlight_PROLIFIC,,36,Chile,Spanish,"Spanish, English",,Spanish:70|English:30,100,Spanish:70|English:30,100,Spanish:80|English:20,100,18,6,Bachelor's,10,10,10,6,8,9,7,17,14,16,TOEFL,80,,,,,23,25,C1,intermediate|advanced,intermediate|advanced,cambridge_22_25_intermediate_advanced,4,19,random,,158.26390075683594,922.7604484558105,198.26390075683594,958.7673892974854,2,5,hover,11.300000000745058,11.300000000745058,0.25660473587068805,0.9184024810791016,81,,,,,,2026-08-24T17:16:23.220Z,YVYMAZEH,2026-08-24,2026-08-24,13:16:23,2026-08-24 13:16:23,,,,,,,,6983fa3a644fcca4e5fd8b3b,6983fa3a644fcca4e5fd8b3b,,,,
20207,hover_association,2,2,int,26,3,8,9,17, crime. ,911,198,,6983fa3a644fcca4e5fd8b3b,6983fa3a644fcca4e5fd8b3b,intermediate,3,6983fa3a644fcca4e5fd8b3b,6983fa3a644fcca4e5fd8b3b,spotlight_PROLIFIC,,36,Chile,Spanish,"Spanish, English",,Spanish:70|English:30,100,Spanish:70|English:30,100,Spanish:80|English:20,100,18,6,Bachelor's,10,10,10,6,8,9,7,17,14,16,TOEFL,80,,,,,23,25,C1,intermediate|advanced,intermediate|advanced,cambridge_22_25_intermediate_advanced,4,19,random,,158.26390075683594,869.1146392822266,198.26390075683594,922.7604484558105,2,4,hover,6.799999998882413,6.799999998882413,0.7807760077258454,0.9934024810791016,81,,,,,,2026-08-24T17:16:23.220Z,YVYMAZEH,2026-08-24,2026-08-24,13:16:23,2026-08-24 13:16:23,,,,,,,,6983fa3a644fcca4e5fd8b3b,6983fa3a644fcca4e5fd8b3b,,,,
20221,hover_association,2,2,int,26,3,8,9,33, Canadian ,895,201,,6983fa3a644fcca4e5fd8b3b,6983fa3a644fcca4e5fd8b3b,intermediate,3,6983fa3a644fcca4e5fd8b3b,6983fa3a644fcca4e5fd8b3b,spotlight_PROLIFIC,,36,Chile,Spanish,"Spanish, English",,Spanish:70|English:30,100,Spanish:70|English:30,100,Spanish:80|English:20,100,18,6,Bachelor's,10,10,10,6,8,9,7,17,14,16,TOEFL,80,,,,,23,25,C1,intermediate|advanced,intermediate|advanced,cambridge_22_25_intermediate_advanced,4,19,random,,198.26390075683594,876.1458892822266,238.26390075683594,958.1597785949707,3,5,hover,13.5,13.5,0.07137950372588618,0.14340248107910156,81,,,,,,2026-08-24T17:16:23.220Z,YVYMAZEH,2026-08-24,2026-08-24,13:16:23,2026-08-24 13:16:23,,,,,,,,6983fa3a644fcca4e5fd8b3b,6983fa3a644fcca4e5fd8b3b,,,,
20239,raw_position_sample,2,2,int,26,3,8,9,32, 34th. ,851,210,4430324.899999999,6983fa3a644fcca4e5fd8b3b,6983fa3a644fcca4e5fd8b3b,intermediate,3,6983fa3a644fcca4e5fd8b3b,6983fa3a644fcca4e5fd8b3b,spotlight_PROLIFIC,,36,Chile,Spanish,"Spanish, English",,Spanish:70|English:30,100,Spanish:70|English:30,100,Spanish:80|English:20,100,18,6,Bachelor's,10,10,10,6,8,9,7,17,14,16,TOEFL,80,,,,,23,25,C1,intermediate|advanced,intermediate|advanced,cambridge_22_25_intermediate_advanced,4,19,random,,208.26390075683594,831.1285400390625,228.26390075683594,876.1459045410156,3,4,,,,,,,,,,,,2026-08-24T17:16:23.220Z,YVYMAZEH,2026-08-24,2026-08-24,13:16:23,2026-08-24 13:16:23,,,,,,,,6983fa3a644fcca4e5fd8b3b,6983fa3a644fcca4e5fd8b3b,,,,
20256,hover_association,2,2,int,26,3,8,9,32, 34th. ,871,206,,6983fa3a644fcca4e5fd8b3b,6983fa3a644fcca4e5fd8b3b,intermediate,3,6983fa3a644fcca4e5fd8b3b,6983fa3a644fcca4e5fd8b3b,spotlight_PROLIFIC,,36,Chile,Spanish,"Spanish, English",,Spanish:70|English:30,100,Spanish:70|English:30,100,Spanish:80|English:20,100,18,6,Bachelor's,10,10,10,6,8,9,7,17,14,16,TOEFL,80,,,,,23,25,C1,intermediate|advanced,intermediate|advanced,cambridge_22_25_intermediate_advanced,4,19,random,,198.26390075683594,831.1285238265991,238.26390075683594,876.1458892822266,3,4,hover,34.600000001490116,34.600000001490116,0.10821326668266668,0.36840248107910156,81,,,,,,2026-08-24T17:16:23.220Z,YVYMAZEH,2026-08-24,2026-08-24,13:16:23,2026-08-24 13:16:23,,,,,,,,6983fa3a644fcca4e5fd8b3b,6983fa3a644fcca4e5fd8b3b,,,,
20269,hover_association,2,2,int,26,3,8,9,31, is ,828,214,,6983fa3a644fcca4e5fd8b3b,6983fa3a644fcca4e5fd8b3b,intermediate,3,6983fa3a644fcca4e5fd8b3b,6983fa3a644fcca4e5fd8b3b,spotlight_PROLIFIC,,36,Chile,Spanish,"Spanish, English",,Spanish:70|English:30,100,Spanish:70|English:30,100,Spanish:80|English:20,100,18,6,Bachelor's,10,10,10,6,8,9,7,17,14,16,TOEFL,80,,,,,23,25,C1,intermediate|advanced,intermediate|advanced,cambridge_22_25_intermediate_advanced,4,19,random,,198.26390075683594,813.1423892974854,238.26390075683594,831.1285238265991,3,3,hover,13.599999999627471,13.599999999627471,0.3812720677371995,0.4434024810791016,81,,,,,,2026-08-24T17:16:23.220Z,YVYMAZEH,2026-08-24,2026-08-24,13:16:23,2026-08-24 13:16:23,,,,,,,,6983fa3a644fcca4e5fd8b3b,6983fa3a644fcca4e5fd8b3b,,,,
20288,raw_position_sample,2,2,int,26,3,8,9,30, Boston ,798,221,4430373.7,6983fa3a644fcca4e5fd8b3b,6983fa3a644fcca4e5fd8b3b,intermediate,3,6983fa3a644fcca4e5fd8b3b,6983fa3a644fcca4e5fd8b3b,spotlight_PROLIFIC,,36,Chile,Spanish,"Spanish, English",,Spanish:70|English:30,100,Spanish:70|English:30,100,Spanish:80|English:20,100,18,6,Bachelor's,10,10,10,6,8,9,7,17,14,16,TOEFL,80,,,,,23,25,C1,intermediate|advanced,intermediate|advanced,cambridge_22_25_intermediate_advanced,4,19,random,,208.26390075683594,752.1354370117188,228.26390075683594,813.1423835754395,3,2,,,,,,,,,,,,2026-08-24T17:16:23.220Z,YVYMAZEH,2026-08-24,2026-08-24,13:16:23,2026-08-24 13:16:23,,,,,,,,6983fa3a644fcca4e5fd8b3b,6983fa3a644fcca4e5fd8b3b,,,,
20338,raw_position_sample,2,2,int,26,3,8,9,30, Boston ,760,230,4430423.600000001,6983fa3a644fcca4e5fd8b3b,6983fa3a644fcca4e5fd8b3b,intermediate,3,6983fa3a644fcca4e5fd8b3b,6983fa3a644fcca4e5fd8b3b,spotlight_PROLIFIC,,36,Chile,Spanish,"Spanish, English",,Spanish:70|English:30,100,Spanish:70|English:30,100,Spanish:80|English:20,100,18,6,Bachelor's,10,10,10,6,8,9,7,17,14,16,TOEFL,80,,,,,23,25,C1,intermediate|advanced,intermediate|advanced,cambridge_22_25_intermediate_advanced,4,19,random,,208.26390075683594,752.1354370117188,228.26390075683594,813.1423835754395,3,2,,,,,,,,,,,,2026-08-24T17:16:23.220Z,YVYMAZEH,2026-08-24,2026-08-24,13:16:23,2026-08-24 13:16:23,,,,,,,,6983fa3a644fcca4e5fd8b3b,6983fa3a644fcca4e5fd8b3b,,,,
20346,hover_association,2,2,int,26,3,8,9,30, Boston ,813,217,,6983fa3a644fcca4e5fd8b3b,6983fa3a644fcca4e5fd8b3b,intermediate,3,6983fa3a644fcca4e5fd8b3b,6983fa3a644fcca4e5fd8b3b,spotlight_PROLIFIC,,36,Chile,Spanish,"Spanish, English",,Spanish:70|English:30,100,Spanish:70|English:30,100,Spanish:80|English:20,100,18,6,Bachelor's,10,10,10,6,8,9,7,17,14,16,TOEFL,80,,,,,23,25,C1,intermediate|advanced,intermediate|advanced,cambridge_22_25_intermediate_advanced,4,19,random,,198.26390075683594,752.1354522705078,238.26390075683594,813.1423892974854,3,2,hover,76.79999999888241,76.79999999888241,0.04695445910069984,0.7934024810791016,81,,,,,,2026-08-24T17:16:23.220Z,YVYMAZEH,2026-08-24,2026-08-24,13:16:23,2026-08-24 13:16:23,,,,,,,,6983fa3a644fcca4e5fd8b3b,6983fa3a644fcca4e5fd8b3b,,,,
20388,raw_position_sample,2,2,int,26,3,8,9,29, 28th; ,731,236,4430473.600000001,6983fa3a644fcca4e5fd8b3b,6983fa3a644fcca4e5fd8b3b,intermediate,3,6983fa3a644fcca4e5fd8b3b,6983fa3a644fcca4e5fd8b3b,spotlight_PROLIFIC,,36,Chile,Spanish,"Spanish, English",,Spanish:70|English:30,100,Spanish:70|English:30,100,Spanish:80|English:20,100,18,6,Bachelor's,10,10,10,6,8,9,7,17,14,16,TOEFL,80,,,,,23,25,C1,intermediate|advanced,intermediate|advanced,cambridge_22_25_intermediate_advanced,4,19,random,,208.26390075683594,707.1181030273438,228.26390075683594,752.1354675292969,3,1,,,,,,,,,,,,2026-08-24T17:16:23.220Z,YVYMAZEH,2026-08-24,2026-08-24,13:16:23,2026-08-24 13:16:23,,,,,,,,6983fa3a644fcca4e5fd8b3b,6983fa3a644fcca4e5fd8b3b,,,,
20407,hover_association,2,2,int,26,3,8,9,29, 28th; ,751,231,,6983fa3a644fcca4e5fd8b3b,6983fa3a644fcca4e5fd8b3b,intermediate,3,6983fa3a644fcca4e5fd8b3b,6983fa3a644fcca4e5fd8b3b,spotlight_PROLIFIC,,36,Chile,Spanish,"Spanish, English",,Spanish:70|English:30,100,Spanish:70|English:30,100,Spanish:80|English:20,100,18,6,Bachelor's,10,10,10,6,8,9,7,17,14,16,TOEFL,80,,,,,23,25,C1,intermediate|advanced,intermediate|advanced,cambridge_22_25_intermediate_advanced,4,19,random,,198.26390075683594,703.3681027889252,238.26390075683594,752.1354522705078,3,1,hover,60.80000000074506,60.80000000074506,0.4640788858049777,0.9934024810791016,81,,,,,,2026-08-24T17:16:23.220Z,YVYMAZEH,2026-08-24,2026-08-24,13:16:23,2026-08-24 13:16:23,,,,,,,,6983fa3a644fcca4e5fd8b3b,6983fa3a644fcca4e5fd8b3b,,,,
20438,raw_position_sample,2,2,int,26,3,8,9,43, US ,717,243,4430523.7,6983fa3a644fcca4e5fd8b3b,6983fa3a644fcca4e5fd8b3b,intermediate,3,6983fa3a644fcca4e5fd8b3b,6983fa3a644fcca4e5fd8b3b,spotlight_PROLIFIC,,36,Chile,Spanish,"Spanish, English",,Spanish:70|English:30,100,Spanish:70|English:30,100,Spanish:80|English:20,100,18,6,Bachelor's,10,10,10,6,8,9,7,17,14,16,TOEFL,80,,,,,23,25,C1,intermediate|advanced,intermediate|advanced,cambridge_22_25_intermediate_advanced,4,19,random,,248.26390075683594,707.1181030273438,268.26390075683594,737.1181049346924,4,1,,,,,,,,,,,,2026-08-24T17:16:23.220Z,YVYMAZEH,2026-08-24,2026-08-24,13:16:23,2026-08-24 13:16:23,,,,,,,,6983fa3a644fcca4e5fd8b3b,6983fa3a644fcca4e5fd8b3b,,,,
20491,raw_position_sample,2,2,int,26,3,8,9,43, US ,707,255,4430576.100000001,6983fa3a644fcca4e5fd8b3b,6983fa3a644fcca4e5fd8b3b,intermediate,3,6983fa3a644fcca4e5fd8b3b,6983fa3a644fcca4e5fd8b3b,spotlight_PROLIFIC,,36,Chile,Spanish,"Spanish, English",,Spanish:70|English:30,100,Spanish:70|English:30,100,Spanish:80|English:20,100,18,6,Bachelor's,10,10,10,6,8,9,7,17,14,16,TOEFL,80,,,,,23,25,C1,intermediate|advanced,intermediate|advanced,cambridge_22_25_intermediate_advanced,4,19,random,,248.26390075683594,707.1181030273438,268.26390075683594,737.1181049346924,4,1,,,,,,,,,,,,2026-08-24T17:16:23.220Z,YVYMAZEH,2026-08-24,2026-08-24,13:16:23,2026-08-24 13:16:23,,,,,,,,6983fa3a644fcca4e5fd8b3b,6983fa3a644fcca4e5fd8b3b,,,,
20538,raw_position_sample,2,2,int,26,3,8,9,43, US ,705,264,4430623.600000001,6983fa3a644fcca4e5fd8b3b,6983fa3a644fcca4e5fd8b3b,intermediate,3,6983fa3a644fcca4e5fd8b3b,6983fa3a644fcca4e5fd8b3b,spotlight_PROLIFIC,,36,Chile,Spanish,"Spanish, English",,Spanish:70|English:30,100,Spanish:70|English:30,100,Spanish:80|English:20,100,18,6,Bachelor's,10,10,10,6,8,9,7,17,14,16,TOEFL,80,,,,,23,25,C1,intermediate|advanced,intermediate|advanced,cambridge_22_25_intermediate_advanced,4,19,random,,248.26390075683594,707.1181030273438,268.26390075683594,737.1181049346924,4,1,,,,,,,,,,,,2026-08-24T17:16:23.220Z,YVYMAZEH,2026-08-24,2026-08-24,13:16:23,2026-08-24 13:16:23,,,,,,,,6983fa3a644fcca4e5fd8b3b,6983fa3a644fcca4e5fd8b3b,,,,
20588,raw_position_sample,2,2,int,26,3,8,9,43, US ,706,272,4430673.7,6983fa3a644fcca4e5fd8b3b,6983fa3a644fcca4e5fd8b3b,intermediate,3,6983fa3a644fcca4e5fd8b3b,6983fa3a644fcca4e5fd8b3b,spotlight_PROLIFIC,,36,Chile,Spanish,"Spanish, English",,Spanish:70|English:30,100,Spanish:70|English:30,100,Spanish:80|English:20,100,18,6,Bachelor's,10,10,10,6,8,9,7,17,14,16,TOEFL,80,,,,,23,25,C1,intermediate|advanced,intermediate|advanced,cambridge_22_25_intermediate_advanced,4,19,random,,248.26390075683594,707.1181030273438,268.26390075683594,737.1181049346924,4,1,,,,,,,,,,,,2026-08-24T17:16:23.220Z,YVYMAZEH,2026-08-24,2026-08-24,13:16:23,2026-08-24 13:16:23,,,,,,,,6983fa3a644fcca4e5fd8b3b,6983fa3a644fcca4e5fd8b3b,,,,
20638,raw_position_sample,2,2,int,26,3,8,9,43, US ,711,277,4430723.600000001,6983fa3a644fcca4e5fd8b3b,6983fa3a644fcca4e5fd8b3b,intermediate,3,6983fa3a644fcca4e5fd8b3b,6983fa3a644fcca4e5fd8b3b,spotlight_PROLIFIC,,36,Chile,Spanish,"Spanish, English",,Spanish:70|English:30,100,Spanish:70|English:30,100,Spanish:80|English:20,100,18,6,Bachelor's,10,10,10,6,8,9,7,17,14,16,TOEFL,80,,,,,23,25,C1,intermediate|advanced,intermediate|advanced,cambridge_22_25_intermediate_advanced,4,19,random,,248.26390075683594,707.1181030273438,268.26390075683594,737.1181049346924,4,1,,,,,,,,,,,,2026-08-24T17:16:23.220Z,YVYMAZEH,2026-08-24,2026-08-24,13:16:23,2026-08-24 13:16:23,,,,,,,,6983fa3a644fcca4e5fd8b3b,6983fa3a644fcca4e5fd8b3b,,,,
20655,hover_association,2,2,int,26,3,8,9,43, US ,724,240,,6983fa3a644fcca4e5fd8b3b,6983fa3a644fcca4e5fd8b3b,intermediate,3,6983fa3a644fcca4e5fd8b3b,6983fa3a644fcca4e5fd8b3b,spotlight_PROLIFIC,,36,Chile,Spanish,"Spanish, English",,Spanish:70|English:30,100,Spanish:70|English:30,100,Spanish:80|English:20,100,18,6,Bachelor's,10,10,10,6,8,9,7,17,14,16,TOEFL,80,,,,,23,25,C1,intermediate|advanced,intermediate|advanced,cambridge_22_25_intermediate_advanced,4,19,random,,238.26390075683594,703.3681027889252,278.26390838623047,737.1181039810181,4,1,hover,247.90000000037253,247.90000000037253,0.2557599083314151,0.9934022916026513,81,,,,,,2026-08-24T17:16:23.220Z,YVYMAZEH,2026-08-24,2026-08-24,13:16:23,2026-08-24 13:16:23,,,,,,,,6983fa3a644fcca4e5fd8b3b,6983fa3a644fcca4e5fd8b3b,,,,
20688,raw_position_sample,2,2,int,26,3,8,9,59, said ,714,280,4430773.7,6983fa3a644fcca4e5fd8b3b,6983fa3a644fcca4e5fd8b3b,intermediate,3,6983fa3a644fcca4e5fd8b3b,6983fa3a644fcca4e5fd8b3b,spotlight_PROLIFIC,,36,Chile,Spanish,"Spanish, English",,Spanish:70|English:30,100,Spanish:70|English:30,100,Spanish:80|English:20,100,18,6,Bachelor's,10,10,10,6,8,9,7,17,14,16,TOEFL,80,,,,,23,25,C1,intermediate|advanced,intermediate|advanced,cambridge_22_25_intermediate_advanced,4,19,random,,288.263916015625,707.1181030273438,308.263916015625,745.1215782165527,5,1,,,,,,,,,,,,2026-08-24T17:16:23.220Z,YVYMAZEH,2026-08-24,2026-08-24,13:16:23,2026-08-24 13:16:23,,,,,,,,6983fa3a644fcca4e5fd8b3b,6983fa3a644fcca4e5fd8b3b,,,,
20738,raw_position_sample,2,2,int,26,3,8,9,59, said ,714,280,4430823.7,6983fa3a644fcca4e5fd8b3b,6983fa3a644fcca4e5fd8b3b,intermediate,3,6983fa3a644fcca4e5fd8b3b,6983fa3a644fcca4e5fd8b3b,spotlight_PROLIFIC,,36,Chile,Spanish,"Spanish, English",,Spanish:70|English:30,100,Spanish:70|English:30,100,Spanish:80|English:20,100,18,6,Bachelor's,10,10,10,6,8,9,7,17,14,16,TOEFL,80,,,,,23,25,C1,intermediate|advanced,intermediate|advanced,cambridge_22_25_intermediate_advanced,4,19,random,,288.263916015625,707.1181030273438,308.263916015625,745.1215782165527,5,1,,,,,,,,,,,,2026-08-24T17:16:23.220Z,YVYMAZEH,2026-08-24,2026-08-24,13:16:23,2026-08-24 13:16:23,,,,,,,,6983fa3a644fcca4e5fd8b3b,6983fa3a644fcca4e5fd8b3b,,,,
20788,raw_position_sample,2,2,int,26,3,8,9,59, said ,716,280,4430873.7,6983fa3a644fcca4e5fd8b3b,6983fa3a644fcca4e5fd8b3b,intermediate,3,6983fa3a644fcca4e5fd8b3b,6983fa3a644fcca4e5fd8b3b,spotlight_PROLIFIC,,36,Chile,Spanish,"Spanish, English",,Spanish:70|English:30,100,Spanish:70|English:30,100,Spanish:80|English:20,100,18,6,Bachelor's,10,10,10,6,8,9,7,17,14,16,TOEFL,80,,,,,23,25,C1,intermediate|advanced,intermediate|advanced,cambridge_22_25_intermediate_advanced,4,19,random,,288.263916015625,707.1181030273438,308.263916015625,745.1215782165527,5,1,,,,,,,,,,,,2026-08-24T17:16:23.220Z,YVYMAZEH,2026-08-24,2026-08-24,13:16:23,2026-08-24 13:16:23,,,,,,,,6983fa3a644fcca4e5fd8b3b,6983fa3a644fcca4e5fd8b3b,,,,
20813,hover_association,2,2,int,26,3,8,9,59, said ,712,280,,6983fa3a644fcca4e5fd8b3b,6983fa3a644fcca4e5fd8b3b,intermediate,3,6983fa3a644fcca4e5fd8b3b,6983fa3a644fcca4e5fd8b3b,spotlight_PROLIFIC,,36,Chile,Spanish,"Spanish, English",,Spanish:70|English:30,100,Spanish:70|English:30,100,Spanish:80|English:20,100,18,6,Bachelor's,10,10,10,6,8,9,7,17,14,16,TOEFL,80,,,,,23,25,C1,intermediate|advanced,intermediate|advanced,cambridge_22_25_intermediate_advanced,4,19,random,,278.26390838623047,703.3681027889252,318.263916015625,745.1215801239014,5,1,hover,158.2999999988824,158.2999999988824,0.3264853152639245,0.043402282065909945,81,,,,,,2026-08-24T17:16:23.220Z,YVYMAZEH,2026-08-24,2026-08-24,13:16:23,2026-08-24 13:16:23,,,,,,,,6983fa3a644fcca4e5fd8b3b,6983fa3a644fcca4e5fd8b3b,,,,
20839,raw_position_sample,2,2,int,26,3,8,9,43, US ,717,276,4430924.7,6983fa3a644fcca4e5fd8b3b,6983fa3a644fcca4e5fd8b3b,intermediate,3,6983fa3a644fcca4e5fd8b3b,6983fa3a644fcca4e5fd8b3b,spotlight_PROLIFIC,,36,Chile,Spanish,"Spanish, English",,Spanish:70|English:30,100,Spanish:70|English:30,100,Spanish:80|English:20,100,18,6,Bachelor's,10,10,10,6,8,9,7,17,14,16,TOEFL,80,,,,,23,25,C1,intermediate|advanced,intermediate|advanced,cambridge_22_25_intermediate_advanced,4,19,random,,248.26390075683594,707.1181030273438,268.26390075683594,737.1181049346924,4,1,,,,,,,,,,,,2026-08-24T17:16:23.220Z,YVYMAZEH,2026-08-24,2026-08-24,13:16:23,2026-08-24 13:16:23,,,,,,,,6983fa3a644fcca4e5fd8b3b,6983fa3a644fcca4e5fd8b3b,,,,
20888,raw_position_sample,2,2,int,26,3,8,9,43, US ,723,271,4430973.7,6983fa3a644fcca4e5fd8b3b,6983fa3a644fcca4e5fd8b3b,intermediate,3,6983fa3a644fcca4e5fd8b3b,6983fa3a644fcca4e5fd8b3b,spotlight_PROLIFIC,,36,Chile,Spanish,"Spanish, English",,Spanish:70|English:30,100,Spanish:70|English:30,100,Spanish:80|English:20,100,18,6,Bachelor's,10,10,10,6,8,9,7,17,14,16,TOEFL,80,,,,,23,25,C1,intermediate|advanced,intermediate|advanced,cambridge_22_25_intermediate_advanced,4,19,random,,248.26390075683594,707.1181030273438,268.26390075683594,737.1181049346924,4,1,,,,,,,,,,,,2026-08-24T17:16:23.220Z,YVYMAZEH,2026-08-24,2026-08-24,13:16:23,2026-08-24 13:16:23,,,,,,,,6983fa3a644fcca4e5fd8b3b,6983fa3a644fcca4e5fd8b3b,,,,
20938,raw_position_sample,2,2,int,26,3,8,9,43, US ,723,270,4431023.7,6983fa3a644fcca4e5fd8b3b,6983fa3a644fcca4e5fd8b3b,intermediate,3,6983fa3a644fcca4e5fd8b3b,6983fa3a644fcca4e5fd8b3b,spotlight_PROLIFIC,,36,Chile,Spanish,"Spanish, English",,Spanish:70|English:30,100,Spanish:70|English:30,100,Spanish:80|English:20,100,18,6,Bachelor's,10,10,10,6,8,9,7,17,14,16,TOEFL,80,,,,,23,25,C1,intermediate|advanced,intermediate|advanced,cambridge_22_25_intermediate_advanced,4,19,random,,248.26390075683594,707.1181030273438,268.26390075683594,737.1181049346924,4,1,,,,,,,,,,,,2026-08-24T17:16:23.220Z,YVYMAZEH,2026-08-24,2026-08-24,13:16:23,2026-08-24 13:16:23,,,,,,,,6983fa3a644fcca4e5fd8b3b,6983fa3a644fcca4e5fd8b3b,,,,
20988,raw_position_sample,2,2,int,26,3,8,9,43, US ,724,268,4431073.8,6983fa3a644fcca4e5fd8b3b,6983fa3a644fcca4e5fd8b3b,intermediate,3,6983fa3a644fcca4e5fd8b3b,6983fa3a644fcca4e5fd8b3b,spotlight_PROLIFIC,,36,Chile,Spanish,"Spanish, English",,Spanish:70|English:30,100,Spanish:70|English:30,100,Spanish:80|English:20,100,18,6,Bachelor's,10,10,10,6,8,9,7,17,14,16,TOEFL,80,,,,,23,25,C1,intermediate|advanced,intermediate|advanced,cambridge_22_25_intermediate_advanced,4,19,random,,248.26390075683594,707.1181030273438,268.26390075683594,737.1181049346924,4,1,,,,,,,,,,,,2026-08-24T17:16:23.220Z,YVYMAZEH,2026-08-24,2026-08-24,13:16:23,2026-08-24 13:16:23,,,,,,,,6983fa3a644fcca4e5fd8b3b,6983fa3a644fcca4e5fd8b3b,,,,
21038,raw_position_sample,2,2,int,26,3,8,9,43, US ,724,268,4431123.600000001,6983fa3a644fcca4e5fd8b3b,6983fa3a644fcca4e5fd8b3b,intermediate,3,6983fa3a644fcca4e5fd8b3b,6983fa3a644fcca4e5fd8b3b,spotlight_PROLIFIC,,36,Chile,Spanish,"Spanish, English",,Spanish:70|English:30,100,Spanish:70|English:30,100,Spanish:80|English:20,100,18,6,Bachelor's,10,10,10,6,8,9,7,17,14,16,TOEFL,80,,,,,23,25,C1,intermediate|advanced,intermediate|advanced,cambridge_22_25_intermediate_advanced,4,19,random,,248.26390075683594,707.1181030273438,268.26390075683594,737.1181049346924,4,1,,,,,,,,,,,,2026-08-24T17:16:23.220Z,YVYMAZEH,2026-08-24,2026-08-24,13:16:23,2026-08-24 13:16:23,,,,,,,,6983fa3a644fcca4e5fd8b3b,6983fa3a644fcca4e5fd8b3b,,,,
21088,raw_position_sample,2,2,int,26,3,8,9,43, US ,724,268,4431173.7,6983fa3a644fcca4e5fd8b3b,6983fa3a644fcca4e5fd8b3b,intermediate,3,6983fa3a644fcca4e5fd8b3b,6983fa3a644fcca4e5fd8b3b,spotlight_PROLIFIC,,36,Chile,Spanish,"Spanish, English",,Spanish:70|English:30,100,Spanish:70|English:30,100,Spanish:80|English:20,100,18,6,Bachelor's,10,10,10,6,8,9,7,17,14,16,TOEFL,80,,,,,23,25,C1,intermediate|advanced,intermediate|advanced,cambridge_22_25_intermediate_advanced,4,19,random,,248.26390075683594,707.1181030273438,268.26390075683594,737.1181049346924,4,1,,,,,,,,,,,,2026-08-24T17:16:23.220Z,YVYMAZEH,2026-08-24,2026-08-24,13:16:23,2026-08-24 13:16:23,,,,,,,,6983fa3a644fcca4e5fd8b3b,6983fa3a644fcca4e5fd8b3b,,,,
21138,raw_position_sample,2,2,int,26,3,8,9,43, US ,724,268,4431223.7,6983fa3a644fcca4e5fd8b3b,6983fa3a644fcca4e5fd8b3b,intermediate,3,6983fa3a644fcca4e5fd8b3b,6983fa3a644fcca4e5fd8b3b,spotlight_PROLIFIC,,36,Chile,Spanish,"Spanish, English",,Spanish:70|English:30,100,Spanish:70|English:30,100,Spanish:80|English:20,100,18,6,Bachelor's,10,10,10,6,8,9,7,17,14,16,TOEFL,80,,,,,23,25,C1,intermediate|advanced,intermediate|advanced,cambridge_22_25_intermediate_advanced,4,19,random,,248.26390075683594,707.1181030273438,268.26390075683594,737.1181049346924,4,1,,,,,,,,,,,,2026-08-24T17:16:23.220Z,YVYMAZEH,2026-08-24,2026-08-24,13:16:23,2026-08-24 13:16:23,,,,,,,,6983fa3a644fcca4e5fd8b3b,6983fa3a644fcca4e5fd8b3b,,,,
21188,raw_position_sample,2,2,int,26,3,8,9,43, US ,724,268,4431273.7,6983fa3a644fcca4e5fd8b3b,6983fa3a644fcca4e5fd8b3b,intermediate,3,6983fa3a644fcca4e5fd8b3b,6983fa3a644fcca4e5fd8b3b,spotlight_PROLIFIC,,36,Chile,Spanish,"Spanish, English",,Spanish:70|English:30,100,Spanish:70|English:30,100,Spanish:80|English:20,100,18,6,Bachelor's,10,10,10,6,8,9,7,17,14,16,TOEFL,80,,,,,23,25,C1,intermediate|advanced,intermediate|advanced,cambridge_22_25_intermediate_advanced,4,19,random,,248.26390075683594,707.1181030273438,268.26390075683594,737.1181049346924,4,1,,,,,,,,,,,,2026-08-24T17:16:23.220Z,YVYMAZEH,2026-08-24,2026-08-24,13:16:23,2026-08-24 13:16:23,,,,,,,,6983fa3a644fcca4e5fd8b3b,6983fa3a644fcca4e5fd8b3b,,,,
21238,raw_position_sample,2,2,int,26,3,8,9,43, US ,724,268,4431323.7,6983fa3a644fcca4e5fd8b3b,6983fa3a644fcca4e5fd8b3b,intermediate,3,6983fa3a644fcca4e5fd8b3b,6983fa3a644fcca4e5fd8b3b,spotlight_PROLIFIC,,36,Chile,Spanish,"Spanish, English",,Spanish:70|English:30,100,Spanish:70|English:30,100,Spanish:80|English:20,100,18,6,Bachelor's,10,10,10,6,8,9,7,17,14,16,TOEFL,80,,,,,23,25,C1,intermediate|advanced,intermediate|advanced,cambridge_22_25_intermediate_advanced,4,19,random,,248.26390075683594,707.1181030273438,268.26390075683594,737.1181049346924,4,1,,,,,,,,,,,,2026-08-24T17:16:23.220Z,YVYMAZEH,2026-08-24,2026-08-24,13:16:23,2026-08-24 13:16:23,,,,,,,,6983fa3a644fcca4e5fd8b3b,6983fa3a644fcca4e5fd8b3b,,,,
21288,raw_position_sample,2,2,int,26,3,8,9,43, US ,724,268,4431373.8,6983fa3a644fcca4e5fd8b3b,6983fa3a644fcca4e5fd8b3b,intermediate,3,6983fa3a644fcca4e5fd8b3b,6983fa3a644fcca4e5fd8b3b,spotlight_PROLIFIC,,36,Chile,Spanish,"Spanish, English",,Spanish:70|English:30,100,Spanish:70|English:30,100,Spanish:80|English:20,100,18,6,Bachelor's,10,10,10,6,8,9,7,17,14,16,TOEFL,80,,,,,23,25,C1,intermediate|advanced,intermediate|advanced,cambridge_22_25_intermediate_advanced,4,19,random,,248.26390075683594,707.1181030273438,268.26390075683594,737.1181049346924,4,1,,,,,,,,,,,,2026-08-24T17:16:23.220Z,YVYMAZEH,2026-08-24,2026-08-24,13:16:23,2026-08-24 13:16:23,,,,,,,,6983fa3a644fcca4e5fd8b3b,6983fa3a644fcca4e5fd8b3b,,,,
21338,raw_position_sample,2,2,int,26,3,8,9,43, US ,724,268,4431423.899999999,6983fa3a644fcca4e5fd8b3b,6983fa3a644fcca4e5fd8b3b,intermediate,3,6983fa3a644fcca4e5fd8b3b,6983fa3a644fcca4e5fd8b3b,spotlight_PROLIFIC,,36,Chile,Spanish,"Spanish, English",,Spanish:70|English:30,100,Spanish:70|English:30,100,Spanish:80|English:20,100,18,6,Bachelor's,10,10,10,6,8,9,7,17,14,16,TOEFL,80,,,,,23,25,C1,intermediate|advanced,intermediate|advanced,cambridge_22_25_intermediate_advanced,4,19,random,,248.26390075683594,707.1181030273438,268.26390075683594,737.1181049346924,4,1,,,,,,,,,,,,2026-08-24T17:16:23.220Z,YVYMAZEH,2026-08-24,2026-08-24,13:16:23,2026-08-24 13:16:23,,,,,,,,6983fa3a644fcca4e5fd8b3b,6983fa3a644fcca4e5fd8b3b,,,,
21390,raw_position_sample,2,2,int,26,3,8,9,43, US ,724,268,4431475.500000001,6983fa3a644fcca4e5fd8b3b,6983fa3a644fcca4e5fd8b3b,intermediate,3,6983fa3a644fcca4e5fd8b3b,6983fa3a644fcca4e5fd8b3b,spotlight_PROLIFIC,,36,Chile,Spanish,"Spanish, English",,Spanish:70|English:30,100,Spanish:70|English:30,100,Spanish:80|English:20,100,18,6,Bachelor's,10,10,10,6,8,9,7,17,14,16,TOEFL,80,,,,,23,25,C1,intermediate|advanced,intermediate|advanced,cambridge_22_25_intermediate_advanced,4,19,random,,248.26390075683594,707.1181030273438,268.26390075683594,737.1181049346924,4,1,,,,,,,,,,,,2026-08-24T17:16:23.220Z,YVYMAZEH,2026-08-24,2026-08-24,13:16:23,2026-08-24 13:16:23,,,,,,,,6983fa3a644fcca4e5fd8b3b,6983fa3a644fcca4e5fd8b3b,,,,
21439,raw_position_sample,2,2,int,26,3,8,9,43, US ,726,268,4431524.399999999,6983fa3a644fcca4e5fd8b3b,6983fa3a644fcca4e5fd8b3b,intermediate,3,6983fa3a644fcca4e5fd8b3b,6983fa3a644fcca4e5fd8b3b,spotlight_PROLIFIC,,36,Chile,Spanish,"Spanish, English",,Spanish:70|English:30,100,Spanish:70|English:30,100,Spanish:80|English:20,100,18,6,Bachelor's,10,10,10,6,8,9,7,17,14,16,TOEFL,80,,,,,23,25,C1,intermediate|advanced,intermediate|advanced,cambridge_22_25_intermediate_advanced,4,19,random,,248.26390075683594,707.1181030273438,268.26390075683594,737.1181049346924,4,1,,,,,,,,,,,,2026-08-24T17:16:23.220Z,YVYMAZEH,2026-08-24,2026-08-24,13:16:23,2026-08-24 13:16:23,,,,,,,,6983fa3a644fcca4e5fd8b3b,6983fa3a644fcca4e5fd8b3b,,,,
21488,raw_position_sample,2,2,int,26,3,8,9,43, US ,727,267,4431573.899999999,6983fa3a644fcca4e5fd8b3b,6983fa3a644fcca4e5fd8b3b,intermediate,3,6983fa3a644fcca4e5fd8b3b,6983fa3a644fcca4e5fd8b3b,spotlight_PROLIFIC,,36,Chile,Spanish,"Spanish, English",,Spanish:70|English:30,100,Spanish:70|English:30,100,Spanish:80|English:20,100,18,6,Bachelor's,10,10,10,6,8,9,7,17,14,16,TOEFL,80,,,,,23,25,C1,intermediate|advanced,intermediate|advanced,cambridge_22_25_intermediate_advanced,4,19,random,,248.26390075683594,707.1181030273438,268.26390075683594,737.1181049346924,4,1,,,,,,,,,,,,2026-08-24T17:16:23.220Z,YVYMAZEH,2026-08-24,2026-08-24,13:16:23,2026-08-24 13:16:23,,,,,,,,6983fa3a644fcca4e5fd8b3b,6983fa3a644fcca4e5fd8b3b,,,,
21538,raw_position_sample,2,2,int,26,3,8,9,43, US ,727,267,4431623.7,6983fa3a644fcca4e5fd8b3b,6983fa3a644fcca4e5fd8b3b,intermediate,3,6983fa3a644fcca4e5fd8b3b,6983fa3a644fcca4e5fd8b3b,spotlight_PROLIFIC,,36,Chile,Spanish,"Spanish, English",,Spanish:70|English:30,100,Spanish:70|English:30,100,Spanish:80|English:20,100,18,6,Bachelor's,10,10,10,6,8,9,7,17,14,16,TOEFL,80,,,,,23,25,C1,intermediate|advanced,intermediate|advanced,cambridge_22_25_intermediate_advanced,4,19,random,,248.26390075683594,707.1181030273438,268.26390075683594,737.1181049346924,4,1,,,,,,,,,,,,2026-08-24T17:16:23.220Z,YVYMAZEH,2026-08-24,2026-08-24,13:16:23,2026-08-24 13:16:23,,,,,,,,6983fa3a644fcca4e5fd8b3b,6983fa3a644fcca4e5fd8b3b,,,,
21588,raw_position_sample,2,2,int,26,3,8,9,43, US ,727,267,4431673.8,6983fa3a644fcca4e5fd8b3b,6983fa3a644fcca4e5fd8b3b,intermediate,3,6983fa3a644fcca4e5fd8b3b,6983fa3a644fcca4e5fd8b3b,spotlight_PROLIFIC,,36,Chile,Spanish,"Spanish, English",,Spanish:70|English:30,100,Spanish:70|English:30,100,Spanish:80|English:20,100,18,6,Bachelor's,10,10,10,6,8,9,7,17,14,16,TOEFL,80,,,,,23,25,C1,intermediate|advanced,intermediate|advanced,cambridge_22_25_intermediate_advanced,4,19,random,,248.26390075683594,707.1181030273438,268.26390075683594,737.1181049346924,4,1,,,,,,,,,,,,2026-08-24T17:16:23.220Z,YVYMAZEH,2026-08-24,2026-08-24,13:16:23,2026-08-24 13:16:23,,,,,,,,6983fa3a644fcca4e5fd8b3b,6983fa3a644fcca4e5fd8b3b,,,,
21638,raw_position_sample,2,2,int,26,3,8,9,43, US ,727,267,4431723.7,6983fa3a644fcca4e5fd8b3b,6983fa3a644fcca4e5fd8b3b,intermediate,3,6983fa3a644fcca4e5fd8b3b,6983fa3a644fcca4e5fd8b3b,spotlight_PROLIFIC,,36,Chile,Spanish,"Spanish, English",,Spanish:70|English:30,100,Spanish:70|English:30,100,Spanish:80|English:20,100,18,6,Bachelor's,10,10,10,6,8,9,7,17,14,16,TOEFL,80,,,,,23,25,C1,intermediate|advanced,intermediate|advanced,cambridge_22_25_intermediate_advanced,4,19,random,,248.26390075683594,707.1181030273438,268.26390075683594,737.1181049346924,4,1,,,,,,,,,,,,2026-08-24T17:16:23.220Z,YVYMAZEH,2026-08-24,2026-08-24,13:16:23,2026-08-24 13:16:23,,,,,,,,6983fa3a644fcca4e5fd8b3b,6983fa3a644fcca4e5fd8b3b,,,,
21688,raw_position_sample,2,2,int,26,3,8,9,43, US ,728,267,4431773.7,6983fa3a644fcca4e5fd8b3b,6983fa3a644fcca4e5fd8b3b,intermediate,3,6983fa3a644fcca4e5fd8b3b,6983fa3a644fcca4e5fd8b3b,spotlight_PROLIFIC,,36,Chile,Spanish,"Spanish, English",,Spanish:70|English:30,100,Spanish:70|English:30,100,Spanish:80|English:20,100,18,6,Bachelor's,10,10,10,6,8,9,7,17,14,16,TOEFL,80,,,,,23,25,C1,intermediate|advanced,intermediate|advanced,cambridge_22_25_intermediate_advanced,4,19,random,,248.26390075683594,707.1181030273438,268.26390075683594,737.1181049346924,4,1,,,,,,,,,,,,2026-08-24T17:16:23.220Z,YVYMAZEH,2026-08-24,2026-08-24,13:16:23,2026-08-24 13:16:23,,,,,,,,6983fa3a644fcca4e5fd8b3b,6983fa3a644fcca4e5fd8b3b,,,,
21738,raw_position_sample,2,2,int,26,3,8,9,43, US ,728,267,4431823.7,6983fa3a644fcca4e5fd8b3b,6983fa3a644fcca4e5fd8b3b,intermediate,3,6983fa3a644fcca4e5fd8b3b,6983fa3a644fcca4e5fd8b3b,spotlight_PROLIFIC,,36,Chile,Spanish,"Spanish, English",,Spanish:70|English:30,100,Spanish:70|English:30,100,Spanish:80|English:20,100,18,6,Bachelor's,10,10,10,6,8,9,7,17,14,16,TOEFL,80,,,,,23,25,C1,intermediate|advanced,intermediate|advanced,cambridge_22_25_intermediate_advanced,4,19,random,,248.26390075683594,707.1181030273438,268.26390075683594,737.1181049346924,4,1,,,,,,,,,,,,2026-08-24T17:16:23.220Z,YVYMAZEH,2026-08-24,2026-08-24,13:16:23,2026-08-24 13:16:23,,,,,,,,6983fa3a644fcca4e5fd8b3b,6983fa3a644fcca4e5fd8b3b,,,,
21788,raw_position_sample,2,2,int,26,3,8,9,43, US ,728,267,4431873.8,6983fa3a644fcca4e5fd8b3b,6983fa3a644fcca4e5fd8b3b,intermediate,3,6983fa3a644fcca4e5fd8b3b,6983fa3a644fcca4e5fd8b3b,spotlight_PROLIFIC,,36,Chile,Spanish,"Spanish, English",,Spanish:70|English:30,100,Spanish:70|English:30,100,Spanish:80|English:20,100,18,6,Bachelor's,10,10,10,6,8,9,7,17,14,16,TOEFL,80,,,,,23,25,C1,intermediate|advanced,intermediate|advanced,cambridge_22_25_intermediate_advanced,4,19,random,,248.26390075683594,707.1181030273438,268.26390075683594,737.1181049346924,4,1,,,,,,,,,,,,2026-08-24T17:16:23.220Z,YVYMAZEH,2026-08-24,2026-08-24,13:16:23,2026-08-24 13:16:23,,,,,,,,6983fa3a644fcca4e5fd8b3b,6983fa3a644fcca4e5fd8b3b,,,,
21838,raw_position_sample,2,2,int,26,3,8,9,43, US ,728,267,4431923.7,6983fa3a644fcca4e5fd8b3b,6983fa3a644fcca4e5fd8b3b,intermediate,3,6983fa3a644fcca4e5fd8b3b,6983fa3a644fcca4e5fd8b3b,spotlight_PROLIFIC,,36,Chile,Spanish,"Spanish, English",,Spanish:70|English:30,100,Spanish:70|English:30,100,Spanish:80|English:20,100,18,6,Bachelor's,10,10,10,6,8,9,7,17,14,16,TOEFL,80,,,,,23,25,C1,intermediate|advanced,intermediate|advanced,cambridge_22_25_intermediate_advanced,4,19,random,,248.26390075683594,707.1181030273438,268.26390075683594,737.1181049346924,4,1,,,,,,,,,,,,2026-08-24T17:16:23.220Z,YVYMAZEH,2026-08-24,2026-08-24,13:16:23,2026-08-24 13:16:23,,,,,,,,6983fa3a644fcca4e5fd8b3b,6983fa3a644fcca4e5fd8b3b,,,,
21888,raw_position_sample,2,2,int,26,3,8,9,43, US ,728,267,4431973.7,6983fa3a644fcca4e5fd8b3b,6983fa3a644fcca4e5fd8b3b,intermediate,3,6983fa3a644fcca4e5fd8b3b,6983fa3a644fcca4e5fd8b3b,spotlight_PROLIFIC,,36,Chile,Spanish,"Spanish, English",,Spanish:70|English:30,100,Spanish:70|English:30,100,Spanish:80|English:20,100,18,6,Bachelor's,10,10,10,6,8,9,7,17,14,16,TOEFL,80,,,,,23,25,C1,intermediate|advanced,intermediate|advanced,cambridge_22_25_intermediate_advanced,4,19,random,,248.26390075683594,707.1181030273438,268.26390075683594,737.1181049346924,4,1,,,,,,,,,,,,2026-08-24T17:16:23.220Z,YVYMAZEH,2026-08-24,2026-08-24,13:16:23,2026-08-24 13:16:23,,,,,,,,6983fa3a644fcca4e5fd8b3b,6983fa3a644fcca4e5fd8b3b,,,,
21938,raw_position_sample,2,2,int,26,3,8,9,43, US ,728,267,4432023.600000001,6983fa3a644fcca4e5fd8b3b,6983fa3a644fcca4e5fd8b3b,intermediate,3,6983fa3a644fcca4e5fd8b3b,6983fa3a644fcca4e5fd8b3b,spotlight_PROLIFIC,,36,Chile,Spanish,"Spanish, English",,Spanish:70|English:30,100,Spanish:70|English:30,100,Spanish:80|English:20,100,18,6,Bachelor's,10,10,10,6,8,9,7,17,14,16,TOEFL,80,,,,,23,25,C1,intermediate|advanced,intermediate|advanced,cambridge_22_25_intermediate_advanced,4,19,random,,248.26390075683594,707.1181030273438,268.26390075683594,737.1181049346924,4,1,,,,,,,,,,,,2026-08-24T17:16:23.220Z,YVYMAZEH,2026-08-24,2026-08-24,13:16:23,2026-08-24 13:16:23,,,,,,,,6983fa3a644fcca4e5fd8b3b,6983fa3a644fcca4e5fd8b3b,,,,
21988,raw_position_sample,2,2,int,26,3,8,9,43, US ,730,267,4432073.8,6983fa3a644fcca4e5fd8b3b,6983fa3a644fcca4e5fd8b3b,intermediate,3,6983fa3a644fcca4e5fd8b3b,6983fa3a644fcca4e5fd8b3b,spotlight_PROLIFIC,,36,Chile,Spanish,"Spanish, English",,Spanish:70|English:30,100,Spanish:70|English:30,100,Spanish:80|English:20,100,18,6,Bachelor's,10,10,10,6,8,9,7,17,14,16,TOEFL,80,,,,,23,25,C1,intermediate|advanced,intermediate|advanced,cambridge_22_25_intermediate_advanced,4,19,random,,248.26390075683594,707.1181030273438,268.26390075683594,737.1181049346924,4,1,,,,,,,,,,,,2026-08-24T17:16:23.220Z,YVYMAZEH,2026-08-24,2026-08-24,13:16:23,2026-08-24 13:16:23,,,,,,,,6983fa3a644fcca4e5fd8b3b,6983fa3a644fcca4e5fd8b3b,,,,
22038,raw_position_sample,2,2,int,26,3,8,9,43, US ,731,267,4432123.8,6983fa3a644fcca4e5fd8b3b,6983fa3a644fcca4e5fd8b3b,intermediate,3,6983fa3a644fcca4e5fd8b3b,6983fa3a644fcca4e5fd8b3b,spotlight_PROLIFIC,,36,Chile,Spanish,"Spanish, English",,Spanish:70|English:30,100,Spanish:70|English:30,100,Spanish:80|English:20,100,18,6,Bachelor's,10,10,10,6,8,9,7,17,14,16,TOEFL,80,,,,,23,25,C1,intermediate|advanced,intermediate|advanced,cambridge_22_25_intermediate_advanced,4,19,random,,248.26390075683594,707.1181030273438,268.26390075683594,737.1181049346924,4,1,,,,,,,,,,,,2026-08-24T17:16:23.220Z,YVYMAZEH,2026-08-24,2026-08-24,13:16:23,2026-08-24 13:16:23,,,,,,,,6983fa3a644fcca4e5fd8b3b,6983fa3a644fcca4e5fd8b3b,,,,
22088,raw_position_sample,2,2,int,26,3,8,9,43, US ,731,266,4432173.7,6983fa3a644fcca4e5fd8b3b,6983fa3a644fcca4e5fd8b3b,intermediate,3,6983fa3a644fcca4e5fd8b3b,6983fa3a644fcca4e5fd8b3b,spotlight_PROLIFIC,,36,Chile,Spanish,"Spanish, English",,Spanish:70|English:30,100,Spanish:70|English:30,100,Spanish:80|English:20,100,18,6,Bachelor's,10,10,10,6,8,9,7,17,14,16,TOEFL,80,,,,,23,25,C1,intermediate|advanced,intermediate|advanced,cambridge_22_25_intermediate_advanced,4,19,random,,248.26390075683594,707.1181030273438,268.26390075683594,737.1181049346924,4,1,,,,,,,,,,,,2026-08-24T17:16:23.220Z,YVYMAZEH,2026-08-24,2026-08-24,13:16:23,2026-08-24 13:16:23,,,,,,,,6983fa3a644fcca4e5fd8b3b,6983fa3a644fcca4e5fd8b3b,,,,
22138,raw_position_sample,2,2,int,26,3,8,9,43, US ,737,262,4432223.600000001,6983fa3a644fcca4e5fd8b3b,6983fa3a644fcca4e5fd8b3b,intermediate,3,6983fa3a644fcca4e5fd8b3b,6983fa3a644fcca4e5fd8b3b,spotlight_PROLIFIC,,36,Chile,Spanish,"Spanish, English",,Spanish:70|English:30,100,Spanish:70|English:30,100,Spanish:80|English:20,100,18,6,Bachelor's,10,10,10,6,8,9,7,17,14,16,TOEFL,80,,,,,23,25,C1,intermediate|advanced,intermediate|advanced,cambridge_22_25_intermediate_advanced,4,19,random,,248.26390075683594,707.1181030273438,268.26390075683594,737.1181049346924,4,1,,,,,,,,,,,,2026-08-24T17:16:23.220Z,YVYMAZEH,2026-08-24,2026-08-24,13:16:23,2026-08-24 13:16:23,,,,,,,,6983fa3a644fcca4e5fd8b3b,6983fa3a644fcca4e5fd8b3b,,,,
22140,hover_association,2,2,int,26,3,8,9,43, US ,717,278,,6983fa3a644fcca4e5fd8b3b,6983fa3a644fcca4e5fd8b3b,intermediate,3,6983fa3a644fcca4e5fd8b3b,6983fa3a644fcca4e5fd8b3b,spotlight_PROLIFIC,,36,Chile,Spanish,"Spanish, English",,Spanish:70|English:30,100,Spanish:70|English:30,100,Spanish:80|English:20,100,18,6,Bachelor's,10,10,10,6,8,9,7,17,14,16,TOEFL,80,,,,,23,25,C1,intermediate|advanced,intermediate|advanced,cambridge_22_25_intermediate_advanced,4,19,random,,238.26390075683594,703.3681027889252,278.26390838623047,737.1181039810181,4,1,hover,1326.9000000003725,1326.9000000003725,0.9965006229082524,0.5934023678965821,81,,,,,,2026-08-24T17:16:23.220Z,YVYMAZEH,2026-08-24,2026-08-24,13:16:23,2026-08-24 13:16:23,,,,,,,,6983fa3a644fcca4e5fd8b3b,6983fa3a644fcca4e5fd8b3b,,,,
22190,raw_position_sample,2,2,int,26,3,8,9,44, rivals ,744,260,4432275.3,6983fa3a644fcca4e5fd8b3b,6983fa3a644fcca4e5fd8b3b,intermediate,3,6983fa3a644fcca4e5fd8b3b,6983fa3a644fcca4e5fd8b3b,spotlight_PROLIFIC,,36,Chile,Spanish,"Spanish, English",,Spanish:70|English:30,100,Spanish:70|English:30,100,Spanish:80|English:20,100,18,6,Bachelor's,10,10,10,6,8,9,7,17,14,16,TOEFL,80,,,,,23,25,C1,intermediate|advanced,intermediate|advanced,cambridge_22_25_intermediate_advanced,4,19,random,,248.26390075683594,737.1181030273438,268.26390075683594,784.0972709655762,4,2,,,,,,,,,,,,2026-08-24T17:16:23.220Z,YVYMAZEH,2026-08-24,2026-08-24,13:16:23,2026-08-24 13:16:23,,,,,,,,6983fa3a644fcca4e5fd8b3b,6983fa3a644fcca4e5fd8b3b,,,,
22238,raw_position_sample,2,2,int,26,3,8,9,44, rivals ,747,260,4432323.600000001,6983fa3a644fcca4e5fd8b3b,6983fa3a644fcca4e5fd8b3b,intermediate,3,6983fa3a644fcca4e5fd8b3b,6983fa3a644fcca4e5fd8b3b,spotlight_PROLIFIC,,36,Chile,Spanish,"Spanish, English",,Spanish:70|English:30,100,Spanish:70|English:30,100,Spanish:80|English:20,100,18,6,Bachelor's,10,10,10,6,8,9,7,17,14,16,TOEFL,80,,,,,23,25,C1,intermediate|advanced,intermediate|advanced,cambridge_22_25_intermediate_advanced,4,19,random,,248.26390075683594,737.1181030273438,268.26390075683594,784.0972709655762,4,2,,,,,,,,,,,,2026-08-24T17:16:23.220Z,YVYMAZEH,2026-08-24,2026-08-24,13:16:23,2026-08-24 13:16:23,,,,,,,,6983fa3a644fcca4e5fd8b3b,6983fa3a644fcca4e5fd8b3b,,,,
22288,raw_position_sample,2,2,int,26,3,8,9,44, rivals ,747,260,4432373.8,6983fa3a644fcca4e5fd8b3b,6983fa3a644fcca4e5fd8b3b,intermediate,3,6983fa3a644fcca4e5fd8b3b,6983fa3a644fcca4e5fd8b3b,spotlight_PROLIFIC,,36,Chile,Spanish,"Spanish, English",,Spanish:70|English:30,100,Spanish:70|English:30,100,Spanish:80|English:20,100,18,6,Bachelor's,10,10,10,6,8,9,7,17,14,16,TOEFL,80,,,,,23,25,C1,intermediate|advanced,intermediate|advanced,cambridge_22_25_intermediate_advanced,4,19,random,,248.26390075683594,737.1181030273438,268.26390075683594,784.0972709655762,4,2,,,,,,,,,,,,2026-08-24T17:16:23.220Z,YVYMAZEH,2026-08-24,2026-08-24,13:16:23,2026-08-24 13:16:23,,,,,,,,6983fa3a644fcca4e5fd8b3b,6983fa3a644fcca4e5fd8b3b,,,,
22338,raw_position_sample,2,2,int,26,3,8,9,44, rivals ,747,260,4432423.8,6983fa3a644fcca4e5fd8b3b,6983fa3a644fcca4e5fd8b3b,intermediate,3,6983fa3a644fcca4e5fd8b3b,6983fa3a644fcca4e5fd8b3b,spotlight_PROLIFIC,,36,Chile,Spanish,"Spanish, English",,Spanish:70|English:30,100,Spanish:70|English:30,100,Spanish:80|English:20,100,18,6,Bachelor's,10,10,10,6,8,9,7,17,14,16,TOEFL,80,,,,,23,25,C1,intermediate|advanced,intermediate|advanced,cambridge_22_25_intermediate_advanced,4,19,random,,248.26390075683594,737.1181030273438,268.26390075683594,784.0972709655762,4,2,,,,,,,,,,,,2026-08-24T17:16:23.220Z,YVYMAZEH,2026-08-24,2026-08-24,13:16:23,2026-08-24 13:16:23,,,,,,,,6983fa3a644fcca4e5fd8b3b,6983fa3a644fcca4e5fd8b3b,,,,
22388,raw_position_sample,2,2,int,26,3,8,9,44, rivals ,748,260,4432473.600000001,6983fa3a644fcca4e5fd8b3b,6983fa3a644fcca4e5fd8b3b,intermediate,3,6983fa3a644fcca4e5fd8b3b,6983fa3a644fcca4e5fd8b3b,spotlight_PROLIFIC,,36,Chile,Spanish,"Spanish, English",,Spanish:70|English:30,100,Spanish:70|English:30,100,Spanish:80|English:20,100,18,6,Bachelor's,10,10,10,6,8,9,7,17,14,16,TOEFL,80,,,,,23,25,C1,intermediate|advanced,intermediate|advanced,cambridge_22_25_intermediate_advanced,4,19,random,,248.26390075683594,737.1181030273438,268.26390075683594,784.0972709655762,4,2,,,,,,,,,,,,2026-08-24T17:16:23.220Z,YVYMAZEH,2026-08-24,2026-08-24,13:16:23,2026-08-24 13:16:23,,,,,,,,6983fa3a644fcca4e5fd8b3b,6983fa3a644fcca4e5fd8b3b,,,,
22438,raw_position_sample,2,2,int,26,3,8,9,44, rivals ,753,260,4432523.899999999,6983fa3a644fcca4e5fd8b3b,6983fa3a644fcca4e5fd8b3b,intermediate,3,6983fa3a644fcca4e5fd8b3b,6983fa3a644fcca4e5fd8b3b,spotlight_PROLIFIC,,36,Chile,Spanish,"Spanish, English",,Spanish:70|English:30,100,Spanish:70|English:30,100,Spanish:80|English:20,100,18,6,Bachelor's,10,10,10,6,8,9,7,17,14,16,TOEFL,80,,,,,23,25,C1,intermediate|advanced,intermediate|advanced,cambridge_22_25_intermediate_advanced,4,19,random,,248.26390075683594,737.1181030273438,268.26390075683594,784.0972709655762,4,2,,,,,,,,,,,,2026-08-24T17:16:23.220Z,YVYMAZEH,2026-08-24,2026-08-24,13:16:23,2026-08-24 13:16:23,,,,,,,,6983fa3a644fcca4e5fd8b3b,6983fa3a644fcca4e5fd8b3b,,,,
22488,raw_position_sample,2,2,int,26,3,8,9,44, rivals ,761,260,4432573.600000001,6983fa3a644fcca4e5fd8b3b,6983fa3a644fcca4e5fd8b3b,intermediate,3,6983fa3a644fcca4e5fd8b3b,6983fa3a644fcca4e5fd8b3b,spotlight_PROLIFIC,,36,Chile,Spanish,"Spanish, English",,Spanish:70|English:30,100,Spanish:70|English:30,100,Spanish:80|English:20,100,18,6,Bachelor's,10,10,10,6,8,9,7,17,14,16,TOEFL,80,,,,,23,25,C1,intermediate|advanced,intermediate|advanced,cambridge_22_25_intermediate_advanced,4,19,random,,248.26390075683594,737.1181030273438,268.26390075683594,784.0972709655762,4,2,,,,,,,,,,,,2026-08-24T17:16:23.220Z,YVYMAZEH,2026-08-24,2026-08-24,13:16:23,2026-08-24 13:16:23,,,,,,,,6983fa3a644fcca4e5fd8b3b,6983fa3a644fcca4e5fd8b3b,,,,
22540,raw_position_sample,2,2,int,26,3,8,9,44, rivals ,765,260,4432625.000000001,6983fa3a644fcca4e5fd8b3b,6983fa3a644fcca4e5fd8b3b,intermediate,3,6983fa3a644fcca4e5fd8b3b,6983fa3a644fcca4e5fd8b3b,spotlight_PROLIFIC,,36,Chile,Spanish,"Spanish, English",,Spanish:70|English:30,100,Spanish:70|English:30,100,Spanish:80|English:20,100,18,6,Bachelor's,10,10,10,6,8,9,7,17,14,16,TOEFL,80,,,,,23,25,C1,intermediate|advanced,intermediate|advanced,cambridge_22_25_intermediate_advanced,4,19,random,,248.26390075683594,737.1181030273438,268.26390075683594,784.0972709655762,4,2,,,,,,,,,,,,2026-08-24T17:16:23.220Z,YVYMAZEH,2026-08-24,2026-08-24,13:16:23,2026-08-24 13:16:23,,,,,,,,6983fa3a644fcca4e5fd8b3b,6983fa3a644fcca4e5fd8b3b,,,,
22588,raw_position_sample,2,2,int,26,3,8,9,44, rivals ,767,260,4432673.600000001,6983fa3a644fcca4e5fd8b3b,6983fa3a644fcca4e5fd8b3b,intermediate,3,6983fa3a644fcca4e5fd8b3b,6983fa3a644fcca4e5fd8b3b,spotlight_PROLIFIC,,36,Chile,Spanish,"Spanish, English",,Spanish:70|English:30,100,Spanish:70|English:30,100,Spanish:80|English:20,100,18,6,Bachelor's,10,10,10,6,8,9,7,17,14,16,TOEFL,80,,,,,23,25,C1,intermediate|advanced,intermediate|advanced,cambridge_22_25_intermediate_advanced,4,19,random,,248.26390075683594,737.1181030273438,268.26390075683594,784.0972709655762,4,2,,,,,,,,,,,,2026-08-24T17:16:23.220Z,YVYMAZEH,2026-08-24,2026-08-24,13:16:23,2026-08-24 13:16:23,,,,,,,,6983fa3a644fcca4e5fd8b3b,6983fa3a644fcca4e5fd8b3b,,,,
22638,raw_position_sample,2,2,int,26,3,8,9,44, rivals ,771,260,4432723.600000001,6983fa3a644fcca4e5fd8b3b,6983fa3a644fcca4e5fd8b3b,intermediate,3,6983fa3a644fcca4e5fd8b3b,6983fa3a644fcca4e5fd8b3b,spotlight_PROLIFIC,,36,Chile,Spanish,"Spanish, English",,Spanish:70|English:30,100,Spanish:70|English:30,100,Spanish:80|English:20,100,18,6,Bachelor's,10,10,10,6,8,9,7,17,14,16,TOEFL,80,,,,,23,25,C1,intermediate|advanced,intermediate|advanced,cambridge_22_25_intermediate_advanced,4,19,random,,248.26390075683594,737.1181030273438,268.26390075683594,784.0972709655762,4,2,,,,,,,,,,,,2026-08-24T17:16:23.220Z,YVYMAZEH,2026-08-24,2026-08-24,13:16:23,2026-08-24 13:16:23,,,,,,,,6983fa3a644fcca4e5fd8b3b,6983fa3a644fcca4e5fd8b3b,,,,
22689,raw_position_sample,2,2,int,26,3,8,9,44, rivals ,775,260,4432774.3,6983fa3a644fcca4e5fd8b3b,6983fa3a644fcca4e5fd8b3b,intermediate,3,6983fa3a644fcca4e5fd8b3b,6983fa3a644fcca4e5fd8b3b,spotlight_PROLIFIC,,36,Chile,Spanish,"Spanish, English",,Spanish:70|English:30,100,Spanish:70|English:30,100,Spanish:80|English:20,100,18,6,Bachelor's,10,10,10,6,8,9,7,17,14,16,TOEFL,80,,,,,23,25,C1,intermediate|advanced,intermediate|advanced,cambridge_22_25_intermediate_advanced,4,19,random,,248.26390075683594,737.1181030273438,268.26390075683594,784.0972709655762,4,2,,,,,,,,,,,,2026-08-24T17:16:23.220Z,YVYMAZEH,2026-08-24,2026-08-24,13:16:23,2026-08-24 13:16:23,,,,,,,,6983fa3a644fcca4e5fd8b3b,6983fa3a644fcca4e5fd8b3b,,,,
22738,raw_position_sample,2,2,int,26,3,8,9,44, rivals ,776,260,4432823.600000001,6983fa3a644fcca4e5fd8b3b,6983fa3a644fcca4e5fd8b3b,intermediate,3,6983fa3a644fcca4e5fd8b3b,6983fa3a644fcca4e5fd8b3b,spotlight_PROLIFIC,,36,Chile,Spanish,"Spanish, English",,Spanish:70|English:30,100,Spanish:70|English:30,100,Spanish:80|English:20,100,18,6,Bachelor's,10,10,10,6,8,9,7,17,14,16,TOEFL,80,,,,,23,25,C1,intermediate|advanced,intermediate|advanced,cambridge_22_25_intermediate_advanced,4,19,random,,248.26390075683594,737.1181030273438,268.26390075683594,784.0972709655762,4,2,,,,,,,,,,,,2026-08-24T17:16:23.220Z,YVYMAZEH,2026-08-24,2026-08-24,13:16:23,2026-08-24 13:16:23,,,,,,,,6983fa3a644fcca4e5fd8b3b,6983fa3a644fcca4e5fd8b3b,,,,
22788,raw_position_sample,2,2,int,26,3,8,9,44, rivals ,781,261,4432873.7,6983fa3a644fcca4e5fd8b3b,6983fa3a644fcca4e5fd8b3b,intermediate,3,6983fa3a644fcca4e5fd8b3b,6983fa3a644fcca4e5fd8b3b,spotlight_PROLIFIC,,36,Chile,Spanish,"Spanish, English",,Spanish:70|English:30,100,Spanish:70|English:30,100,Spanish:80|English:20,100,18,6,Bachelor's,10,10,10,6,8,9,7,17,14,16,TOEFL,80,,,,,23,25,C1,intermediate|advanced,intermediate|advanced,cambridge_22_25_intermediate_advanced,4,19,random,,248.26390075683594,737.1181030273438,268.26390075683594,784.0972709655762,4,2,,,,,,,,,,,,2026-08-24T17:16:23.220Z,YVYMAZEH,2026-08-24,2026-08-24,13:16:23,2026-08-24 13:16:23,,,,,,,,6983fa3a644fcca4e5fd8b3b,6983fa3a644fcca4e5fd8b3b,,,,
22831,hover_association,2,2,int,26,3,8,9,44, rivals ,738,262,,6983fa3a644fcca4e5fd8b3b,6983fa3a644fcca4e5fd8b3b,intermediate,3,6983fa3a644fcca4e5fd8b3b,6983fa3a644fcca4e5fd8b3b,spotlight_PROLIFIC,,36,Chile,Spanish,"Spanish, English",,Spanish:70|English:30,100,Spanish:70|English:30,100,Spanish:80|English:20,100,18,6,Bachelor's,10,10,10,6,8,9,7,17,14,16,TOEFL,80,,,,,23,25,C1,intermediate|advanced,intermediate|advanced,cambridge_22_25_intermediate_advanced,4,19,random,,238.26390075683594,737.1181039810181,278.26390838623047,784.0972805023193,4,2,hover,691.7000000011176,691.7000000011176,0.9979292846422025,0.5934023678965821,81,,,,,,2026-08-24T17:16:23.220Z,YVYMAZEH,2026-08-24,2026-08-24,13:16:23,2026-08-24 13:16:23,,,,,,,,6983fa3a644fcca4e5fd8b3b,6983fa3a644fcca4e5fd8b3b,,,,
22840,raw_position_sample,2,2,int,26,3,8,9,45, in ,785,262,4432925.100000001,6983fa3a644fcca4e5fd8b3b,6983fa3a644fcca4e5fd8b3b,intermediate,3,6983fa3a644fcca4e5fd8b3b,6983fa3a644fcca4e5fd8b3b,spotlight_PROLIFIC,,36,Chile,Spanish,"Spanish, English",,Spanish:70|English:30,100,Spanish:70|English:30,100,Spanish:80|English:20,100,18,6,Bachelor's,10,10,10,6,8,9,7,17,14,16,TOEFL,80,,,,,23,25,C1,intermediate|advanced,intermediate|advanced,cambridge_22_25_intermediate_advanced,4,19,random,,248.26390075683594,784.0972900390625,268.26390075683594,803.1077079772949,4,3,,,,,,,,,,,,2026-08-24T17:16:23.220Z,YVYMAZEH,2026-08-24,2026-08-24,13:16:23,2026-08-24 13:16:23,,,,,,,,6983fa3a644fcca4e5fd8b3b,6983fa3a644fcca4e5fd8b3b,,,,
22888,raw_position_sample,2,2,int,26,3,8,9,45, in ,790,263,4432973.600000001,6983fa3a644fcca4e5fd8b3b,6983fa3a644fcca4e5fd8b3b,intermediate,3,6983fa3a644fcca4e5fd8b3b,6983fa3a644fcca4e5fd8b3b,spotlight_PROLIFIC,,36,Chile,Spanish,"Spanish, English",,Spanish:70|English:30,100,Spanish:70|English:30,100,Spanish:80|English:20,100,18,6,Bachelor's,10,10,10,6,8,9,7,17,14,16,TOEFL,80,,,,,23,25,C1,intermediate|advanced,intermediate|advanced,cambridge_22_25_intermediate_advanced,4,19,random,,248.26390075683594,784.0972900390625,268.26390075683594,803.1077079772949,4,3,,,,,,,,,,,,2026-08-24T17:16:23.220Z,YVYMAZEH,2026-08-24,2026-08-24,13:16:23,2026-08-24 13:16:23,,,,,,,,6983fa3a644fcca4e5fd8b3b,6983fa3a644fcca4e5fd8b3b,,,,
22938,raw_position_sample,2,2,int,26,3,8,9,45, in ,795,263,4433023.7,6983fa3a644fcca4e5fd8b3b,6983fa3a644fcca4e5fd8b3b,intermediate,3,6983fa3a644fcca4e5fd8b3b,6983fa3a644fcca4e5fd8b3b,spotlight_PROLIFIC,,36,Chile,Spanish,"Spanish, English",,Spanish:70|English:30,100,Spanish:70|English:30,100,Spanish:80|English:20,100,18,6,Bachelor's,10,10,10,6,8,9,7,17,14,16,TOEFL,80,,,,,23,25,C1,intermediate|advanced,intermediate|advanced,cambridge_22_25_intermediate_advanced,4,19,random,,248.26390075683594,784.0972900390625,268.26390075683594,803.1077079772949,4,3,,,,,,,,,,,,2026-08-24T17:16:23.220Z,YVYMAZEH,2026-08-24,2026-08-24,13:16:23,2026-08-24 13:16:23,,,,,,,,6983fa3a644fcca4e5fd8b3b,6983fa3a644fcca4e5fd8b3b,,,,
22988,raw_position_sample,2,2,int,26,3,8,9,45, in ,800,263,4433073.7,6983fa3a644fcca4e5fd8b3b,6983fa3a644fcca4e5fd8b3b,intermediate,3,6983fa3a644fcca4e5fd8b3b,6983fa3a644fcca4e5fd8b3b,spotlight_PROLIFIC,,36,Chile,Spanish,"Spanish, English",,Spanish:70|English:30,100,Spanish:70|English:30,100,Spanish:80|English:20,100,18,6,Bachelor's,10,10,10,6,8,9,7,17,14,16,TOEFL,80,,,,,23,25,C1,intermediate|advanced,intermediate|advanced,cambridge_22_25_intermediate_advanced,4,19,random,,248.26390075683594,784.0972900390625,268.26390075683594,803.1077079772949,4,3,,,,,,,,,,,,2026-08-24T17:16:23.220Z,YVYMAZEH,2026-08-24,2026-08-24,13:16:23,2026-08-24 13:16:23,,,,,,,,6983fa3a644fcca4e5fd8b3b,6983fa3a644fcca4e5fd8b3b,,,,
23030,hover_association,2,2,int,26,3,8,9,45, in ,785,262,,6983fa3a644fcca4e5fd8b3b,6983fa3a644fcca4e5fd8b3b,intermediate,3,6983fa3a644fcca4e5fd8b3b,6983fa3a644fcca4e5fd8b3b,spotlight_PROLIFIC,,36,Chile,Spanish,"Spanish, English",,Spanish:70|English:30,100,Spanish:70|English:30,100,Spanish:80|English:20,100,18,6,Bachelor's,10,10,10,6,8,9,7,17,14,16,TOEFL,80,,,,,23,25,C1,intermediate|advanced,intermediate|advanced,cambridge_22_25_intermediate_advanced,4,19,random,,238.26390075683594,784.0972805023193,278.26390838623047,803.10768699646,4,3,hover,198.7999999988824,198.7999999988824,0.9943353659221779,0.6184023631282114,81,,,,,,2026-08-24T17:16:23.220Z,YVYMAZEH,2026-08-24,2026-08-24,13:16:23,2026-08-24 13:16:23,,,,,,,,6983fa3a644fcca4e5fd8b3b,6983fa3a644fcca4e5fd8b3b,,,,
23038,raw_position_sample,2,2,int,26,3,8,9,46, the ,804,263,4433123.899999999,6983fa3a644fcca4e5fd8b3b,6983fa3a644fcca4e5fd8b3b,intermediate,3,6983fa3a644fcca4e5fd8b3b,6983fa3a644fcca4e5fd8b3b,spotlight_PROLIFIC,,36,Chile,Spanish,"Spanish, English",,Spanish:70|English:30,100,Spanish:70|English:30,100,Spanish:80|English:20,100,18,6,Bachelor's,10,10,10,6,8,9,7,17,14,16,TOEFL,80,,,,,23,25,C1,intermediate|advanced,intermediate|advanced,cambridge_22_25_intermediate_advanced,4,19,random,,248.26390075683594,803.107666015625,268.26390075683594,833.1250286102295,4,4,,,,,,,,,,,,2026-08-24T17:16:23.220Z,YVYMAZEH,2026-08-24,2026-08-24,13:16:23,2026-08-24 13:16:23,,,,,,,,6983fa3a644fcca4e5fd8b3b,6983fa3a644fcca4e5fd8b3b,,,,
23088,raw_position_sample,2,2,int,26,3,8,9,46, the ,808,263,4433173.600000001,6983fa3a644fcca4e5fd8b3b,6983fa3a644fcca4e5fd8b3b,intermediate,3,6983fa3a644fcca4e5fd8b3b,6983fa3a644fcca4e5fd8b3b,spotlight_PROLIFIC,,36,Chile,Spanish,"Spanish, English",,Spanish:70|English:30,100,Spanish:70|English:30,100,Spanish:80|English:20,100,18,6,Bachelor's,10,10,10,6,8,9,7,17,14,16,TOEFL,80,,,,,23,25,C1,intermediate|advanced,intermediate|advanced,cambridge_22_25_intermediate_advanced,4,19,random,,248.26390075683594,803.107666015625,268.26390075683594,833.1250286102295,4,4,,,,,,,,,,,,2026-08-24T17:16:23.220Z,YVYMAZEH,2026-08-24,2026-08-24,13:16:23,2026-08-24 13:16:23,,,,,,,,6983fa3a644fcca4e5fd8b3b,6983fa3a644fcca4e5fd8b3b,,,,
23138,raw_position_sample,2,2,int,26,3,8,9,46, the ,817,263,4433223.8,6983fa3a644fcca4e5fd8b3b,6983fa3a644fcca4e5fd8b3b,intermediate,3,6983fa3a644fcca4e5fd8b3b,6983fa3a644fcca4e5fd8b3b,spotlight_PROLIFIC,,36,Chile,Spanish,"Spanish, English",,Spanish:70|English:30,100,Spanish:70|English:30,100,Spanish:80|English:20,100,18,6,Bachelor's,10,10,10,6,8,9,7,17,14,16,TOEFL,80,,,,,23,25,C1,intermediate|advanced,intermediate|advanced,cambridge_22_25_intermediate_advanced,4,19,random,,248.26390075683594,803.107666015625,268.26390075683594,833.1250286102295,4,4,,,,,,,,,,,,2026-08-24T17:16:23.220Z,YVYMAZEH,2026-08-24,2026-08-24,13:16:23,2026-08-24 13:16:23,,,,,,,,6983fa3a644fcca4e5fd8b3b,6983fa3a644fcca4e5fd8b3b,,,,
23191,raw_position_sample,2,2,int,26,3,8,9,46, the ,828,263,4433276.000000001,6983fa3a644fcca4e5fd8b3b,6983fa3a644fcca4e5fd8b3b,intermediate,3,6983fa3a644fcca4e5fd8b3b,6983fa3a644fcca4e5fd8b3b,spotlight_PROLIFIC,,36,Chile,Spanish,"Spanish, English",,Spanish:70|English:30,100,Spanish:70|English:30,100,Spanish:80|English:20,100,18,6,Bachelor's,10,10,10,6,8,9,7,17,14,16,TOEFL,80,,,,,23,25,C1,intermediate|advanced,intermediate|advanced,cambridge_22_25_intermediate_advanced,4,19,random,,248.26390075683594,803.107666015625,268.26390075683594,833.1250286102295,4,4,,,,,,,,,,,,2026-08-24T17:16:23.220Z,YVYMAZEH,2026-08-24,2026-08-24,13:16:23,2026-08-24 13:16:23,,,,,,,,6983fa3a644fcca4e5fd8b3b,6983fa3a644fcca4e5fd8b3b,,,,
23219,hover_association,2,2,int,26,3,8,9,46, the ,804,263,,6983fa3a644fcca4e5fd8b3b,6983fa3a644fcca4e5fd8b3b,intermediate,3,6983fa3a644fcca4e5fd8b3b,6983fa3a644fcca4e5fd8b3b,spotlight_PROLIFIC,,36,Chile,Spanish,"Spanish, English",,Spanish:70|English:30,100,Spanish:70|English:30,100,Spanish:80|English:20,100,18,6,Bachelor's,10,10,10,6,8,9,7,17,14,16,TOEFL,80,,,,,23,25,C1,intermediate|advanced,intermediate|advanced,cambridge_22_25_intermediate_advanced,4,19,random,,238.26390075683594,803.10768699646,278.26390838623047,833.1250448226929,4,4,hover,188.90000000037253,188.90000000037253,0.9958342495226682,0.6184023631282114,81,,,,,,2026-08-24T17:16:23.220Z,YVYMAZEH,2026-08-24,2026-08-24,13:16:23,2026-08-24 13:16:23,,,,,,,,6983fa3a644fcca4e5fd8b3b,6983fa3a644fcca4e5fd8b3b,,,,
23238,raw_position_sample,2,2,int,26,3,8,9,47, table. ,835,263,4433323.500000001,6983fa3a644fcca4e5fd8b3b,6983fa3a644fcca4e5fd8b3b,intermediate,3,6983fa3a644fcca4e5fd8b3b,6983fa3a644fcca4e5fd8b3b,spotlight_PROLIFIC,,36,Chile,Spanish,"Spanish, English",,Spanish:70|English:30,100,Spanish:70|English:30,100,Spanish:80|English:20,100,18,6,Bachelor's,10,10,10,6,8,9,7,17,14,16,TOEFL,80,,,,,23,25,C1,intermediate|advanced,intermediate|advanced,cambridge_22_25_intermediate_advanced,4,19,random,,248.26390075683594,833.1250610351562,268.26390075683594,882.1354789733887,4,5,,,,,,,,,,,,2026-08-24T17:16:23.220Z,YVYMAZEH,2026-08-24,2026-08-24,13:16:23,2026-08-24 13:16:23,,,,,,,,6983fa3a644fcca4e5fd8b3b,6983fa3a644fcca4e5fd8b3b,,,,
23288,raw_position_sample,2,2,int,26,3,8,9,47, table. ,841,263,4433373.899999999,6983fa3a644fcca4e5fd8b3b,6983fa3a644fcca4e5fd8b3b,intermediate,3,6983fa3a644fcca4e5fd8b3b,6983fa3a644fcca4e5fd8b3b,spotlight_PROLIFIC,,36,Chile,Spanish,"Spanish, English",,Spanish:70|English:30,100,Spanish:70|English:30,100,Spanish:80|English:20,100,18,6,Bachelor's,10,10,10,6,8,9,7,17,14,16,TOEFL,80,,,,,23,25,C1,intermediate|advanced,intermediate|advanced,cambridge_22_25_intermediate_advanced,4,19,random,,248.26390075683594,833.1250610351562,268.26390075683594,882.1354789733887,4,5,,,,,,,,,,,,2026-08-24T17:16:23.220Z,YVYMAZEH,2026-08-24,2026-08-24,13:16:23,2026-08-24 13:16:23,,,,,,,,6983fa3a644fcca4e5fd8b3b,6983fa3a644fcca4e5fd8b3b,,,,
23338,raw_position_sample,2,2,int,26,3,8,9,47, table. ,852,263,4433423.7,6983fa3a644fcca4e5fd8b3b,6983fa3a644fcca4e5fd8b3b,intermediate,3,6983fa3a644fcca4e5fd8b3b,6983fa3a644fcca4e5fd8b3b,spotlight_PROLIFIC,,36,Chile,Spanish,"Spanish, English",,Spanish:70|English:30,100,Spanish:70|English:30,100,Spanish:80|English:20,100,18,6,Bachelor's,10,10,10,6,8,9,7,17,14,16,TOEFL,80,,,,,23,25,C1,intermediate|advanced,intermediate|advanced,cambridge_22_25_intermediate_advanced,4,19,random,,248.26390075683594,833.1250610351562,268.26390075683594,882.1354789733887,4,5,,,,,,,,,,,,2026-08-24T17:16:23.220Z,YVYMAZEH,2026-08-24,2026-08-24,13:16:23,2026-08-24 13:16:23,,,,,,,,6983fa3a644fcca4e5fd8b3b,6983fa3a644fcca4e5fd8b3b,,,,
23391,raw_position_sample,2,2,int,26,3,8,9,47, table. ,863,264,4433476.7,6983fa3a644fcca4e5fd8b3b,6983fa3a644fcca4e5fd8b3b,intermediate,3,6983fa3a644fcca4e5fd8b3b,6983fa3a644fcca4e5fd8b3b,spotlight_PROLIFIC,,36,Chile,Spanish,"Spanish, English",,Spanish:70|English:30,100,Spanish:70|English:30,100,Spanish:80|English:20,100,18,6,Bachelor's,10,10,10,6,8,9,7,17,14,16,TOEFL,80,,,,,23,25,C1,intermediate|advanced,intermediate|advanced,cambridge_22_25_intermediate_advanced,4,19,random,,248.26390075683594,833.1250610351562,268.26390075683594,882.1354789733887,4,5,,,,,,,,,,,,2026-08-24T17:16:23.220Z,YVYMAZEH,2026-08-24,2026-08-24,13:16:23,2026-08-24 13:16:23,,,,,,,,6983fa3a644fcca4e5fd8b3b,6983fa3a644fcca4e5fd8b3b,,,,
23439,raw_position_sample,2,2,int,26,3,8,9,47, table. ,873,265,4433524.899999999,6983fa3a644fcca4e5fd8b3b,6983fa3a644fcca4e5fd8b3b,intermediate,3,6983fa3a644fcca4e5fd8b3b,6983fa3a644fcca4e5fd8b3b,spotlight_PROLIFIC,,36,Chile,Spanish,"Spanish, English",,Spanish:70|English:30,100,Spanish:70|English:30,100,Spanish:80|English:20,100,18,6,Bachelor's,10,10,10,6,8,9,7,17,14,16,TOEFL,80,,,,,23,25,C1,intermediate|advanced,intermediate|advanced,cambridge_22_25_intermediate_advanced,4,19,random,,248.26390075683594,833.1250610351562,268.26390075683594,882.1354789733887,4,5,,,,,,,,,,,,2026-08-24T17:16:23.220Z,YVYMAZEH,2026-08-24,2026-08-24,13:16:23,2026-08-24 13:16:23,,,,,,,,6983fa3a644fcca4e5fd8b3b,6983fa3a644fcca4e5fd8b3b,,,,
23488,raw_position_sample,2,2,int,26,3,8,9,47, table. ,881,265,4433573.7,6983fa3a644fcca4e5fd8b3b,6983fa3a644fcca4e5fd8b3b,intermediate,3,6983fa3a644fcca4e5fd8b3b,6983fa3a644fcca4e5fd8b3b,spotlight_PROLIFIC,,36,Chile,Spanish,"Spanish, English",,Spanish:70|English:30,100,Spanish:70|English:30,100,Spanish:80|English:20,100,18,6,Bachelor's,10,10,10,6,8,9,7,17,14,16,TOEFL,80,,,,,23,25,C1,intermediate|advanced,intermediate|advanced,cambridge_22_25_intermediate_advanced,4,19,random,,248.26390075683594,833.1250610351562,268.26390075683594,882.1354789733887,4,5,,,,,,,,,,,,2026-08-24T17:16:23.220Z,YVYMAZEH,2026-08-24,2026-08-24,13:16:23,2026-08-24 13:16:23,,,,,,,,6983fa3a644fcca4e5fd8b3b,6983fa3a644fcca4e5fd8b3b,,,,
23503,hover_association,2,2,int,26,3,8,9,47, table. ,834,263,,6983fa3a644fcca4e5fd8b3b,6983fa3a644fcca4e5fd8b3b,intermediate,3,6983fa3a644fcca4e5fd8b3b,6983fa3a644fcca4e5fd8b3b,spotlight_PROLIFIC,,36,Chile,Spanish,"Spanish, English",,Spanish:70|English:30,100,Spanish:70|English:30,100,Spanish:80|English:20,100,18,6,Bachelor's,10,10,10,6,8,9,7,17,14,16,TOEFL,80,,,,,23,25,C1,intermediate|advanced,intermediate|advanced,cambridge_22_25_intermediate_advanced,4,19,random,,238.26390075683594,833.1250448226929,278.26390838623047,882.1354579925537,4,5,hover,284.19999999925494,284.19999999925494,0.9972361385307192,0.66840235359147,81,,,,,,2026-08-24T17:16:23.220Z,YVYMAZEH,2026-08-24,2026-08-24,13:16:23,2026-08-24 13:16:23,,,,,,,,6983fa3a644fcca4e5fd8b3b,6983fa3a644fcca4e5fd8b3b,,,,
23538,raw_position_sample,2,2,int,26,3,8,9,48, “You ,883,265,4433623.7,6983fa3a644fcca4e5fd8b3b,6983fa3a644fcca4e5fd8b3b,intermediate,3,6983fa3a644fcca4e5fd8b3b,6983fa3a644fcca4e5fd8b3b,spotlight_PROLIFIC,,36,Chile,Spanish,"Spanish, English",,Spanish:70|English:30,100,Spanish:70|English:30,100,Spanish:80|English:20,100,18,6,Bachelor's,10,10,10,6,8,9,7,17,14,16,TOEFL,80,,,,,23,25,C1,intermediate|advanced,intermediate|advanced,cambridge_22_25_intermediate_advanced,4,19,random,,248.26390075683594,882.1354370117188,268.26390075683594,923.4896049499512,4,6,,,,,,,,,,,,2026-08-24T17:16:23.220Z,YVYMAZEH,2026-08-24,2026-08-24,13:16:23,2026-08-24 13:16:23,,,,,,,,6983fa3a644fcca4e5fd8b3b,6983fa3a644fcca4e5fd8b3b,,,,
23588,raw_position_sample,2,2,int,26,3,8,9,48, “You ,883,265,4433673.8,6983fa3a644fcca4e5fd8b3b,6983fa3a644fcca4e5fd8b3b,intermediate,3,6983fa3a644fcca4e5fd8b3b,6983fa3a644fcca4e5fd8b3b,spotlight_PROLIFIC,,36,Chile,Spanish,"Spanish, English",,Spanish:70|English:30,100,Spanish:70|English:30,100,Spanish:80|English:20,100,18,6,Bachelor's,10,10,10,6,8,9,7,17,14,16,TOEFL,80,,,,,23,25,C1,intermediate|advanced,intermediate|advanced,cambridge_22_25_intermediate_advanced,4,19,random,,248.26390075683594,882.1354370117188,268.26390075683594,923.4896049499512,4,6,,,,,,,,,,,,2026-08-24T17:16:23.220Z,YVYMAZEH,2026-08-24,2026-08-24,13:16:23,2026-08-24 13:16:23,,,,,,,,6983fa3a644fcca4e5fd8b3b,6983fa3a644fcca4e5fd8b3b,,,,
23638,raw_position_sample,2,2,int,26,3,8,9,48, “You ,883,265,4433724.000000001,6983fa3a644fcca4e5fd8b3b,6983fa3a644fcca4e5fd8b3b,intermediate,3,6983fa3a644fcca4e5fd8b3b,6983fa3a644fcca4e5fd8b3b,spotlight_PROLIFIC,,36,Chile,Spanish,"Spanish, English",,Spanish:70|English:30,100,Spanish:70|English:30,100,Spanish:80|English:20,100,18,6,Bachelor's,10,10,10,6,8,9,7,17,14,16,TOEFL,80,,,,,23,25,C1,intermediate|advanced,intermediate|advanced,cambridge_22_25_intermediate_advanced,4,19,random,,248.26390075683594,882.1354370117188,268.26390075683594,923.4896049499512,4,6,,,,,,,,,,,,2026-08-24T17:16:23.220Z,YVYMAZEH,2026-08-24,2026-08-24,13:16:23,2026-08-24 13:16:23,,,,,,,,6983fa3a644fcca4e5fd8b3b,6983fa3a644fcca4e5fd8b3b,,,,
23688,raw_position_sample,2,2,int,26,3,8,9,48, “You ,883,265,4433773.8,6983fa3a644fcca4e5fd8b3b,6983fa3a644fcca4e5fd8b3b,intermediate,3,6983fa3a644fcca4e5fd8b3b,6983fa3a644fcca4e5fd8b3b,spotlight_PROLIFIC,,36,Chile,Spanish,"Spanish, English",,Spanish:70|English:30,100,Spanish:70|English:30,100,Spanish:80|English:20,100,18,6,Bachelor's,10,10,10,6,8,9,7,17,14,16,TOEFL,80,,,,,23,25,C1,intermediate|advanced,intermediate|advanced,cambridge_22_25_intermediate_advanced,4,19,random,,248.26390075683594,882.1354370117188,268.26390075683594,923.4896049499512,4,6,,,,,,,,,,,,2026-08-24T17:16:23.220Z,YVYMAZEH,2026-08-24,2026-08-24,13:16:23,2026-08-24 13:16:23,,,,,,,,6983fa3a644fcca4e5fd8b3b,6983fa3a644fcca4e5fd8b3b,,,,
23738,raw_position_sample,2,2,int,26,3,8,9,48, “You ,883,265,4433823.600000001,6983fa3a644fcca4e5fd8b3b,6983fa3a644fcca4e5fd8b3b,intermediate,3,6983fa3a644fcca4e5fd8b3b,6983fa3a644fcca4e5fd8b3b,spotlight_PROLIFIC,,36,Chile,Spanish,"Spanish, English",,Spanish:70|English:30,100,Spanish:70|English:30,100,Spanish:80|English:20,100,18,6,Bachelor's,10,10,10,6,8,9,7,17,14,16,TOEFL,80,,,,,23,25,C1,intermediate|advanced,intermediate|advanced,cambridge_22_25_intermediate_advanced,4,19,random,,248.26390075683594,882.1354370117188,268.26390075683594,923.4896049499512,4,6,,,,,,,,,,,,2026-08-24T17:16:23.220Z,YVYMAZEH,2026-08-24,2026-08-24,13:16:23,2026-08-24 13:16:23,,,,,,,,6983fa3a644fcca4e5fd8b3b,6983fa3a644fcca4e5fd8b3b,,,,
23788,raw_position_sample,2,2,int,26,3,8,9,48, “You ,883,265,4433873.600000001,6983fa3a644fcca4e5fd8b3b,6983fa3a644fcca4e5fd8b3b,intermediate,3,6983fa3a644fcca4e5fd8b3b,6983fa3a644fcca4e5fd8b3b,spotlight_PROLIFIC,,36,Chile,Spanish,"Spanish, English",,Spanish:70|English:30,100,Spanish:70|English:30,100,Spanish:80|English:20,100,18,6,Bachelor's,10,10,10,6,8,9,7,17,14,16,TOEFL,80,,,,,23,25,C1,intermediate|advanced,intermediate|advanced,cambridge_22_25_intermediate_advanced,4,19,random,,248.26390075683594,882.1354370117188,268.26390075683594,923.4896049499512,4,6,,,,,,,,,,,,2026-08-24T17:16:23.220Z,YVYMAZEH,2026-08-24,2026-08-24,13:16:23,2026-08-24 13:16:23,,,,,,,,6983fa3a644fcca4e5fd8b3b,6983fa3a644fcca4e5fd8b3b,,,,
23838,raw_position_sample,2,2,int,26,3,8,9,48, “You ,893,263,4433923.7,6983fa3a644fcca4e5fd8b3b,6983fa3a644fcca4e5fd8b3b,intermediate,3,6983fa3a644fcca4e5fd8b3b,6983fa3a644fcca4e5fd8b3b,spotlight_PROLIFIC,,36,Chile,Spanish,"Spanish, English",,Spanish:70|English:30,100,Spanish:70|English:30,100,Spanish:80|English:20,100,18,6,Bachelor's,10,10,10,6,8,9,7,17,14,16,TOEFL,80,,,,,23,25,C1,intermediate|advanced,intermediate|advanced,cambridge_22_25_intermediate_advanced,4,19,random,,248.26390075683594,882.1354370117188,268.26390075683594,923.4896049499512,4,6,,,,,,,,,,,,2026-08-24T17:16:23.220Z,YVYMAZEH,2026-08-24,2026-08-24,13:16:23,2026-08-24 13:16:23,,,,,,,,6983fa3a644fcca4e5fd8b3b,6983fa3a644fcca4e5fd8b3b,,,,
23889,raw_position_sample,2,2,int,26,3,8,9,48, “You ,916,257,4433974.7,6983fa3a644fcca4e5fd8b3b,6983fa3a644fcca4e5fd8b3b,intermediate,3,6983fa3a644fcca4e5fd8b3b,6983fa3a644fcca4e5fd8b3b,spotlight_PROLIFIC,,36,Chile,Spanish,"Spanish, English",,Spanish:70|English:30,100,Spanish:70|English:30,100,Spanish:80|English:20,100,18,6,Bachelor's,10,10,10,6,8,9,7,17,14,16,TOEFL,80,,,,,23,25,C1,intermediate|advanced,intermediate|advanced,cambridge_22_25_intermediate_advanced,4,19,random,,248.26390075683594,882.1354370117188,268.26390075683594,923.4896049499512,4,6,,,,,,,,,,,,2026-08-24T17:16:23.220Z,YVYMAZEH,2026-08-24,2026-08-24,13:16:23,2026-08-24 13:16:23,,,,,,,,6983fa3a644fcca4e5fd8b3b,6983fa3a644fcca4e5fd8b3b,,,,
23916,hover_association,2,2,int,26,3,8,9,48, “You ,883,265,,6983fa3a644fcca4e5fd8b3b,6983fa3a644fcca4e5fd8b3b,intermediate,3,6983fa3a644fcca4e5fd8b3b,6983fa3a644fcca4e5fd8b3b,spotlight_PROLIFIC,,36,Chile,Spanish,"Spanish, English",,Spanish:70|English:30,100,Spanish:70|English:30,100,Spanish:80|English:20,100,18,6,Bachelor's,10,10,10,6,8,9,7,17,14,16,TOEFL,80,,,,,23,25,C1,intermediate|advanced,intermediate|advanced,cambridge_22_25_intermediate_advanced,4,19,random,,238.26390075683594,882.1354579925537,278.26390838623047,923.4896144866943,4,6,hover,412.40000000037253,412.40000000037253,0.9881604528250091,0.41840240127517675,81,,,,,,2026-08-24T17:16:23.220Z,YVYMAZEH,2026-08-24,2026-08-24,13:16:23,2026-08-24 13:16:23,,,,,,,,6983fa3a644fcca4e5fd8b3b,6983fa3a644fcca4e5fd8b3b,,,,
23938,raw_position_sample,2,2,int,26,3,8,9,49, don’t ,931,255,4434023.7,6983fa3a644fcca4e5fd8b3b,6983fa3a644fcca4e5fd8b3b,intermediate,3,6983fa3a644fcca4e5fd8b3b,6983fa3a644fcca4e5fd8b3b,spotlight_PROLIFIC,,36,Chile,Spanish,"Spanish, English",,Spanish:70|English:30,100,Spanish:70|English:30,100,Spanish:80|English:20,100,18,6,Bachelor's,10,10,10,6,8,9,7,17,14,16,TOEFL,80,,,,,23,25,C1,intermediate|advanced,intermediate|advanced,cambridge_22_25_intermediate_advanced,4,19,random,,248.26390075683594,923.4896240234375,268.26390075683594,967.5000419616699,4,7,,,,,,,,,,,,2026-08-24T17:16:23.220Z,YVYMAZEH,2026-08-24,2026-08-24,13:16:23,2026-08-24 13:16:23,,,,,,,,6983fa3a644fcca4e5fd8b3b,6983fa3a644fcca4e5fd8b3b,,,,
23989,raw_position_sample,2,2,int,26,3,8,9,49, don’t ,944,255,4434074.000000001,6983fa3a644fcca4e5fd8b3b,6983fa3a644fcca4e5fd8b3b,intermediate,3,6983fa3a644fcca4e5fd8b3b,6983fa3a644fcca4e5fd8b3b,spotlight_PROLIFIC,,36,Chile,Spanish,"Spanish, English",,Spanish:70|English:30,100,Spanish:70|English:30,100,Spanish:80|English:20,100,18,6,Bachelor's,10,10,10,6,8,9,7,17,14,16,TOEFL,80,,,,,23,25,C1,intermediate|advanced,intermediate|advanced,cambridge_22_25_intermediate_advanced,4,19,random,,248.26390075683594,923.4896240234375,268.26390075683594,967.5000419616699,4,7,,,,,,,,,,,,2026-08-24T17:16:23.220Z,YVYMAZEH,2026-08-24,2026-08-24,13:16:23,2026-08-24 13:16:23,,,,,,,,6983fa3a644fcca4e5fd8b3b,6983fa3a644fcca4e5fd8b3b,,,,
24040,raw_position_sample,2,2,int,26,3,8,9,49, don’t ,960,255,4434125.399999999,6983fa3a644fcca4e5fd8b3b,6983fa3a644fcca4e5fd8b3b,intermediate,3,6983fa3a644fcca4e5fd8b3b,6983fa3a644fcca4e5fd8b3b,spotlight_PROLIFIC,,36,Chile,Spanish,"Spanish, English",,Spanish:70|English:30,100,Spanish:70|English:30,100,Spanish:80|English:20,100,18,6,Bachelor's,10,10,10,6,8,9,7,17,14,16,TOEFL,80,,,,,23,25,C1,intermediate|advanced,intermediate|advanced,cambridge_22_25_intermediate_advanced,4,19,random,,248.26390075683594,923.4896240234375,268.26390075683594,967.5000419616699,4,7,,,,,,,,,,,,2026-08-24T17:16:23.220Z,YVYMAZEH,2026-08-24,2026-08-24,13:16:23,2026-08-24 13:16:23,,,,,,,,6983fa3a644fcca4e5fd8b3b,6983fa3a644fcca4e5fd8b3b,,,,
24073,hover_association,2,2,int,26,3,8,9,49, don’t ,925,255,,6983fa3a644fcca4e5fd8b3b,6983fa3a644fcca4e5fd8b3b,intermediate,3,6983fa3a644fcca4e5fd8b3b,6983fa3a644fcca4e5fd8b3b,spotlight_PROLIFIC,,36,Chile,Spanish,"Spanish, English",,Spanish:70|English:30,100,Spanish:70|English:30,100,Spanish:80|English:20,100,18,6,Bachelor's,10,10,10,6,8,9,7,17,14,16,TOEFL,80,,,,,23,25,C1,intermediate|advanced,intermediate|advanced,cambridge_22_25_intermediate_advanced,4,19,random,,238.26390075683594,923.4896144866943,278.26390838623047,967.5000514984131,4,7,hover,156.80000000074506,156.80000000074506,0.9886378883654362,0.41840240127517675,81,,,,,,2026-08-24T17:16:23.220Z,YVYMAZEH,2026-08-24,2026-08-24,13:16:23,2026-08-24 13:16:23,,,,,,,,6983fa3a644fcca4e5fd8b3b,6983fa3a644fcca4e5fd8b3b,,,,
24088,raw_position_sample,2,2,int,26,3,8,9,50, realize ,972,255,4434173.8,6983fa3a644fcca4e5fd8b3b,6983fa3a644fcca4e5fd8b3b,intermediate,3,6983fa3a644fcca4e5fd8b3b,6983fa3a644fcca4e5fd8b3b,spotlight_PROLIFIC,,36,Chile,Spanish,"Spanish, English",,Spanish:70|English:30,100,Spanish:70|English:30,100,Spanish:80|English:20,100,18,6,Bachelor's,10,10,10,6,8,9,7,17,14,16,TOEFL,80,,,,,23,25,C1,intermediate|advanced,intermediate|advanced,cambridge_22_25_intermediate_advanced,4,19,random,,248.26390075683594,967.5000610351562,268.26390075683594,1025.4861755371094,4,8,,,,,,,,,,,,2026-08-24T17:16:23.220Z,YVYMAZEH,2026-08-24,2026-08-24,13:16:23,2026-08-24 13:16:23,,,,,,,,6983fa3a644fcca4e5fd8b3b,6983fa3a644fcca4e5fd8b3b,,,,
24138,raw_position_sample,2,2,int,26,3,8,9,50, realize ,980,255,4434223.600000001,6983fa3a644fcca4e5fd8b3b,6983fa3a644fcca4e5fd8b3b,intermediate,3,6983fa3a644fcca4e5fd8b3b,6983fa3a644fcca4e5fd8b3b,spotlight_PROLIFIC,,36,Chile,Spanish,"Spanish, English",,Spanish:70|English:30,100,Spanish:70|English:30,100,Spanish:80|English:20,100,18,6,Bachelor's,10,10,10,6,8,9,7,17,14,16,TOEFL,80,,,,,23,25,C1,intermediate|advanced,intermediate|advanced,cambridge_22_25_intermediate_advanced,4,19,random,,248.26390075683594,967.5000610351562,268.26390075683594,1025.4861755371094,4,8,,,,,,,,,,,,2026-08-24T17:16:23.220Z,YVYMAZEH,2026-08-24,2026-08-24,13:16:23,2026-08-24 13:16:23,,,,,,,,6983fa3a644fcca4e5fd8b3b,6983fa3a644fcca4e5fd8b3b,,,,
24192,raw_position_sample,2,2,int,26,3,8,9,50, realize ,988,255,4434277.000000001,6983fa3a644fcca4e5fd8b3b,6983fa3a644fcca4e5fd8b3b,intermediate,3,6983fa3a644fcca4e5fd8b3b,6983fa3a644fcca4e5fd8b3b,spotlight_PROLIFIC,,36,Chile,Spanish,"Spanish, English",,Spanish:70|English:30,100,Spanish:70|English:30,100,Spanish:80|English:20,100,18,6,Bachelor's,10,10,10,6,8,9,7,17,14,16,TOEFL,80,,,,,23,25,C1,intermediate|advanced,intermediate|advanced,cambridge_22_25_intermediate_advanced,4,19,random,,248.26390075683594,967.5000610351562,268.26390075683594,1025.4861755371094,4,8,,,,,,,,,,,,2026-08-24T17:16:23.220Z,YVYMAZEH,2026-08-24,2026-08-24,13:16:23,2026-08-24 13:16:23,,,,,,,,6983fa3a644fcca4e5fd8b3b,6983fa3a644fcca4e5fd8b3b,,,,
24239,raw_position_sample,2,2,int,26,3,8,9,50, realize ,998,255,4434324.399999999,6983fa3a644fcca4e5fd8b3b,6983fa3a644fcca4e5fd8b3b,intermediate,3,6983fa3a644fcca4e5fd8b3b,6983fa3a644fcca4e5fd8b3b,spotlight_PROLIFIC,,36,Chile,Spanish,"Spanish, English",,Spanish:70|English:30,100,Spanish:70|English:30,100,Spanish:80|English:20,100,18,6,Bachelor's,10,10,10,6,8,9,7,17,14,16,TOEFL,80,,,,,23,25,C1,intermediate|advanced,intermediate|advanced,cambridge_22_25_intermediate_advanced,4,19,random,,248.26390075683594,967.5000610351562,268.26390075683594,1025.4861755371094,4,8,,,,,,,,,,,,2026-08-24T17:16:23.220Z,YVYMAZEH,2026-08-24,2026-08-24,13:16:23,2026-08-24 13:16:23,,,,,,,,6983fa3a644fcca4e5fd8b3b,6983fa3a644fcca4e5fd8b3b,,,,
24288,raw_position_sample,2,2,int,26,3,8,9,50, realize ,1007,255,4434373.600000001,6983fa3a644fcca4e5fd8b3b,6983fa3a644fcca4e5fd8b3b,intermediate,3,6983fa3a644fcca4e5fd8b3b,6983fa3a644fcca4e5fd8b3b,spotlight_PROLIFIC,,36,Chile,Spanish,"Spanish, English",,Spanish:70|English:30,100,Spanish:70|English:30,100,Spanish:80|English:20,100,18,6,Bachelor's,10,10,10,6,8,9,7,17,14,16,TOEFL,80,,,,,23,25,C1,intermediate|advanced,intermediate|advanced,cambridge_22_25_intermediate_advanced,4,19,random,,248.26390075683594,967.5000610351562,268.26390075683594,1025.4861755371094,4,8,,,,,,,,,,,,2026-08-24T17:16:23.220Z,YVYMAZEH,2026-08-24,2026-08-24,13:16:23,2026-08-24 13:16:23,,,,,,,,6983fa3a644fcca4e5fd8b3b,6983fa3a644fcca4e5fd8b3b,,,,
24338,raw_position_sample,2,2,int,26,3,8,9,50, realize ,1016,255,4434423.600000001,6983fa3a644fcca4e5fd8b3b,6983fa3a644fcca4e5fd8b3b,intermediate,3,6983fa3a644fcca4e5fd8b3b,6983fa3a644fcca4e5fd8b3b,spotlight_PROLIFIC,,36,Chile,Spanish,"Spanish, English",,Spanish:70|English:30,100,Spanish:70|English:30,100,Spanish:80|English:20,100,18,6,Bachelor's,10,10,10,6,8,9,7,17,14,16,TOEFL,80,,,,,23,25,C1,intermediate|advanced,intermediate|advanced,cambridge_22_25_intermediate_advanced,4,19,random,,248.26390075683594,967.5000610351562,268.26390075683594,1025.4861755371094,4,8,,,,,,,,,,,,2026-08-24T17:16:23.220Z,YVYMAZEH,2026-08-24,2026-08-24,13:16:23,2026-08-24 13:16:23,,,,,,,,6983fa3a644fcca4e5fd8b3b,6983fa3a644fcca4e5fd8b3b,,,,
24382,hover_association,2,2,int,26,3,8,9,50, realize ,970,255,,6983fa3a644fcca4e5fd8b3b,6983fa3a644fcca4e5fd8b3b,intermediate,3,6983fa3a644fcca4e5fd8b3b,6983fa3a644fcca4e5fd8b3b,spotlight_PROLIFIC,,36,Chile,Spanish,"Spanish, English",,Spanish:70|English:30,100,Spanish:70|English:30,100,Spanish:80|English:20,100,18,6,Bachelor's,10,10,10,6,8,9,7,17,14,16,TOEFL,80,,,,,23,25,C1,intermediate|advanced,intermediate|advanced,cambridge_22_25_intermediate_advanced,4,19,random,,238.26390075683594,967.5000514984131,278.26390838623047,1025.4861907958984,4,8,hover,309.40000000037253,309.40000000037253,0.9916153963380087,0.41840240127517675,81,,,,,,2026-08-24T17:16:23.220Z,YVYMAZEH,2026-08-24,2026-08-24,13:16:23,2026-08-24 13:16:23,,,,,,,,6983fa3a644fcca4e5fd8b3b,6983fa3a644fcca4e5fd8b3b,,,,
24388,raw_position_sample,2,2,int,26,3,8,9,51, how ,1026,255,4434473.600000001,6983fa3a644fcca4e5fd8b3b,6983fa3a644fcca4e5fd8b3b,intermediate,3,6983fa3a644fcca4e5fd8b3b,6983fa3a644fcca4e5fd8b3b,spotlight_PROLIFIC,,36,Chile,Spanish,"Spanish, English",,Spanish:70|English:30,100,Spanish:70|English:30,100,Spanish:80|English:20,100,18,6,Bachelor's,10,10,10,6,8,9,7,17,14,16,TOEFL,80,,,,,23,25,C1,intermediate|advanced,intermediate|advanced,cambridge_22_25_intermediate_advanced,4,19,random,,248.26390075683594,1025.4862060546875,268.26390075683594,1063.4896812438965,4,9,,,,,,,,,,,,2026-08-24T17:16:23.220Z,YVYMAZEH,2026-08-24,2026-08-24,13:16:23,2026-08-24 13:16:23,,,,,,,,6983fa3a644fcca4e5fd8b3b,6983fa3a644fcca4e5fd8b3b,,,,
24439,raw_position_sample,2,2,int,26,3,8,9,51, how ,1037,256,4434524.8,6983fa3a644fcca4e5fd8b3b,6983fa3a644fcca4e5fd8b3b,intermediate,3,6983fa3a644fcca4e5fd8b3b,6983fa3a644fcca4e5fd8b3b,spotlight_PROLIFIC,,36,Chile,Spanish,"Spanish, English",,Spanish:70|English:30,100,Spanish:70|English:30,100,Spanish:80|English:20,100,18,6,Bachelor's,10,10,10,6,8,9,7,17,14,16,TOEFL,80,,,,,23,25,C1,intermediate|advanced,intermediate|advanced,cambridge_22_25_intermediate_advanced,4,19,random,,248.26390075683594,1025.4862060546875,268.26390075683594,1063.4896812438965,4,9,,,,,,,,,,,,2026-08-24T17:16:23.220Z,YVYMAZEH,2026-08-24,2026-08-24,13:16:23,2026-08-24 13:16:23,,,,,,,,6983fa3a644fcca4e5fd8b3b,6983fa3a644fcca4e5fd8b3b,,,,
24489,raw_position_sample,2,2,int,26,3,8,9,51, how ,1047,257,4434574.000000001,6983fa3a644fcca4e5fd8b3b,6983fa3a644fcca4e5fd8b3b,intermediate,3,6983fa3a644fcca4e5fd8b3b,6983fa3a644fcca4e5fd8b3b,spotlight_PROLIFIC,,36,Chile,Spanish,"Spanish, English",,Spanish:70|English:30,100,Spanish:70|English:30,100,Spanish:80|English:20,100,18,6,Bachelor's,10,10,10,6,8,9,7,17,14,16,TOEFL,80,,,,,23,25,C1,intermediate|advanced,intermediate|advanced,cambridge_22_25_intermediate_advanced,4,19,random,,248.26390075683594,1025.4862060546875,268.26390075683594,1063.4896812438965,4,9,,,,,,,,,,,,2026-08-24T17:16:23.220Z,YVYMAZEH,2026-08-24,2026-08-24,13:16:23,2026-08-24 13:16:23,,,,,,,,6983fa3a644fcca4e5fd8b3b,6983fa3a644fcca4e5fd8b3b,,,,
24540,raw_position_sample,2,2,int,26,3,8,9,51, how ,1056,260,4434625.600000001,6983fa3a644fcca4e5fd8b3b,6983fa3a644fcca4e5fd8b3b,intermediate,3,6983fa3a644fcca4e5fd8b3b,6983fa3a644fcca4e5fd8b3b,spotlight_PROLIFIC,,36,Chile,Spanish,"Spanish, English",,Spanish:70|English:30,100,Spanish:70|English:30,100,Spanish:80|English:20,100,18,6,Bachelor's,10,10,10,6,8,9,7,17,14,16,TOEFL,80,,,,,23,25,C1,intermediate|advanced,intermediate|advanced,cambridge_22_25_intermediate_advanced,4,19,random,,248.26390075683594,1025.4862060546875,268.26390075683594,1063.4896812438965,4,9,,,,,,,,,,,,2026-08-24T17:16:23.220Z,YVYMAZEH,2026-08-24,2026-08-24,13:16:23,2026-08-24 13:16:23,,,,,,,,6983fa3a644fcca4e5fd8b3b,6983fa3a644fcca4e5fd8b3b,,,,
24590,raw_position_sample,2,2,int,26,3,8,9,51, how ,1061,261,4434675.500000001,6983fa3a644fcca4e5fd8b3b,6983fa3a644fcca4e5fd8b3b,intermediate,3,6983fa3a644fcca4e5fd8b3b,6983fa3a644fcca4e5fd8b3b,spotlight_PROLIFIC,,36,Chile,Spanish,"Spanish, English",,Spanish:70|English:30,100,Spanish:70|English:30,100,Spanish:80|English:20,100,18,6,Bachelor's,10,10,10,6,8,9,7,17,14,16,TOEFL,80,,,,,23,25,C1,intermediate|advanced,intermediate|advanced,cambridge_22_25_intermediate_advanced,4,19,random,,248.26390075683594,1025.4862060546875,268.26390075683594,1063.4896812438965,4,9,,,,,,,,,,,,2026-08-24T17:16:23.220Z,YVYMAZEH,2026-08-24,2026-08-24,13:16:23,2026-08-24 13:16:23,,,,,,,,6983fa3a644fcca4e5fd8b3b,6983fa3a644fcca4e5fd8b3b,,,,
24606,hover_association,2,2,int,26,3,8,9,51, how ,1026,255,,6983fa3a644fcca4e5fd8b3b,6983fa3a644fcca4e5fd8b3b,intermediate,3,6983fa3a644fcca4e5fd8b3b,6983fa3a644fcca4e5fd8b3b,spotlight_PROLIFIC,,36,Chile,Spanish,"Spanish, English",,Spanish:70|English:30,100,Spanish:70|English:30,100,Spanish:80|English:20,100,18,6,Bachelor's,10,10,10,6,8,9,7,17,14,16,TOEFL,80,,,,,23,25,C1,intermediate|advanced,intermediate|advanced,cambridge_22_25_intermediate_advanced,4,19,random,,238.26390075683594,1025.4861907958984,278.26390838623047,1063.489652633667,4,9,hover,224.19999999925494,224.19999999925494,0.98711557816082,0.5684023726649527,81,,,,,,2026-08-24T17:16:23.220Z,YVYMAZEH,2026-08-24,2026-08-24,13:16:23,2026-08-24 13:16:23,,,,,,,,6983fa3a644fcca4e5fd8b3b,6983fa3a644fcca4e5fd8b3b,,,,
24638,raw_position_sample,2,2,int,26,3,8,9,52, safe ,1066,262,4434723.600000001,6983fa3a644fcca4e5fd8b3b,6983fa3a644fcca4e5fd8b3b,intermediate,3,6983fa3a644fcca4e5fd8b3b,6983fa3a644fcca4e5fd8b3b,spotlight_PROLIFIC,,36,Chile,Spanish,"Spanish, English",,Spanish:70|English:30,100,Spanish:70|English:30,100,Spanish:80|English:20,100,18,6,Bachelor's,10,10,10,6,8,9,7,17,14,16,TOEFL,80,,,,,23,25,C1,intermediate|advanced,intermediate|advanced,cambridge_22_25_intermediate_advanced,4,19,random,,248.26390075683594,1063.4896240234375,268.26390075683594,1102.50004196167,4,10,,,,,,,,,,,,2026-08-24T17:16:23.220Z,YVYMAZEH,2026-08-24,2026-08-24,13:16:23,2026-08-24 13:16:23,,,,,,,,6983fa3a644fcca4e5fd8b3b,6983fa3a644fcca4e5fd8b3b,,,,
24690,raw_position_sample,2,2,int,26,3,8,9,52, safe ,1071,262,4434775.000000001,6983fa3a644fcca4e5fd8b3b,6983fa3a644fcca4e5fd8b3b,intermediate,3,6983fa3a644fcca4e5fd8b3b,6983fa3a644fcca4e5fd8b3b,spotlight_PROLIFIC,,36,Chile,Spanish,"Spanish, English",,Spanish:70|English:30,100,Spanish:70|English:30,100,Spanish:80|English:20,100,18,6,Bachelor's,10,10,10,6,8,9,7,17,14,16,TOEFL,80,,,,,23,25,C1,intermediate|advanced,intermediate|advanced,cambridge_22_25_intermediate_advanced,4,19,random,,248.26390075683594,1063.4896240234375,268.26390075683594,1102.50004196167,4,10,,,,,,,,,,,,2026-08-24T17:16:23.220Z,YVYMAZEH,2026-08-24,2026-08-24,13:16:23,2026-08-24 13:16:23,,,,,,,,6983fa3a644fcca4e5fd8b3b,6983fa3a644fcca4e5fd8b3b,,,,
24738,raw_position_sample,2,2,int,26,3,8,9,52, safe ,1075,262,4434823.600000001,6983fa3a644fcca4e5fd8b3b,6983fa3a644fcca4e5fd8b3b,intermediate,3,6983fa3a644fcca4e5fd8b3b,6983fa3a644fcca4e5fd8b3b,spotlight_PROLIFIC,,36,Chile,Spanish,"Spanish, English",,Spanish:70|English:30,100,Spanish:70|English:30,100,Spanish:80|English:20,100,18,6,Bachelor's,10,10,10,6,8,9,7,17,14,16,TOEFL,80,,,,,23,25,C1,intermediate|advanced,intermediate|advanced,cambridge_22_25_intermediate_advanced,4,19,random,,248.26390075683594,1063.4896240234375,268.26390075683594,1102.50004196167,4,10,,,,,,,,,,,,2026-08-24T17:16:23.220Z,YVYMAZEH,2026-08-24,2026-08-24,13:16:23,2026-08-24 13:16:23,,,,,,,,6983fa3a644fcca4e5fd8b3b,6983fa3a644fcca4e5fd8b3b,,,,
24788,raw_position_sample,2,2,int,26,3,8,9,52, safe ,1080,263,4434873.7,6983fa3a644fcca4e5fd8b3b,6983fa3a644fcca4e5fd8b3b,intermediate,3,6983fa3a644fcca4e5fd8b3b,6983fa3a644fcca4e5fd8b3b,spotlight_PROLIFIC,,36,Chile,Spanish,"Spanish, English",,Spanish:70|English:30,100,Spanish:70|English:30,100,Spanish:80|English:20,100,18,6,Bachelor's,10,10,10,6,8,9,7,17,14,16,TOEFL,80,,,,,23,25,C1,intermediate|advanced,intermediate|advanced,cambridge_22_25_intermediate_advanced,4,19,random,,248.26390075683594,1063.4896240234375,268.26390075683594,1102.50004196167,4,10,,,,,,,,,,,,2026-08-24T17:16:23.220Z,YVYMAZEH,2026-08-24,2026-08-24,13:16:23,2026-08-24 13:16:23,,,,,,,,6983fa3a644fcca4e5fd8b3b,6983fa3a644fcca4e5fd8b3b,,,,
24838,raw_position_sample,2,2,int,26,3,8,9,52, safe ,1082,263,4434923.600000001,6983fa3a644fcca4e5fd8b3b,6983fa3a644fcca4e5fd8b3b,intermediate,3,6983fa3a644fcca4e5fd8b3b,6983fa3a644fcca4e5fd8b3b,spotlight_PROLIFIC,,36,Chile,Spanish,"Spanish, English",,Spanish:70|English:30,100,Spanish:70|English:30,100,Spanish:80|English:20,100,18,6,Bachelor's,10,10,10,6,8,9,7,17,14,16,TOEFL,80,,,,,23,25,C1,intermediate|advanced,intermediate|advanced,cambridge_22_25_intermediate_advanced,4,19,random,,248.26390075683594,1063.4896240234375,268.26390075683594,1102.50004196167,4,10,,,,,,,,,,,,2026-08-24T17:16:23.220Z,YVYMAZEH,2026-08-24,2026-08-24,13:16:23,2026-08-24 13:16:23,,,,,,,,6983fa3a644fcca4e5fd8b3b,6983fa3a644fcca4e5fd8b3b,,,,
24888,raw_position_sample,2,2,int,26,3,8,9,52, safe ,1085,263,4434973.600000001,6983fa3a644fcca4e5fd8b3b,6983fa3a644fcca4e5fd8b3b,intermediate,3,6983fa3a644fcca4e5fd8b3b,6983fa3a644fcca4e5fd8b3b,spotlight_PROLIFIC,,36,Chile,Spanish,"Spanish, English",,Spanish:70|English:30,100,Spanish:70|English:30,100,Spanish:80|English:20,100,18,6,Bachelor's,10,10,10,6,8,9,7,17,14,16,TOEFL,80,,,,,23,25,C1,intermediate|advanced,intermediate|advanced,cambridge_22_25_intermediate_advanced,4,19,random,,248.26390075683594,1063.4896240234375,268.26390075683594,1102.50004196167,4,10,,,,,,,,,,,,2026-08-24T17:16:23.220Z,YVYMAZEH,2026-08-24,2026-08-24,13:16:23,2026-08-24 13:16:23,,,,,,,,6983fa3a644fcca4e5fd8b3b,6983fa3a644fcca4e5fd8b3b,,,,
24938,raw_position_sample,2,2,int,26,3,8,9,52, safe ,1087,263,4435023.8,6983fa3a644fcca4e5fd8b3b,6983fa3a644fcca4e5fd8b3b,intermediate,3,6983fa3a644fcca4e5fd8b3b,6983fa3a644fcca4e5fd8b3b,spotlight_PROLIFIC,,36,Chile,Spanish,"Spanish, English",,Spanish:70|English:30,100,Spanish:70|English:30,100,Spanish:80|English:20,100,18,6,Bachelor's,10,10,10,6,8,9,7,17,14,16,TOEFL,80,,,,,23,25,C1,intermediate|advanced,intermediate|advanced,cambridge_22_25_intermediate_advanced,4,19,random,,248.26390075683594,1063.4896240234375,268.26390075683594,1102.50004196167,4,10,,,,,,,,,,,,2026-08-24T17:16:23.220Z,YVYMAZEH,2026-08-24,2026-08-24,13:16:23,2026-08-24 13:16:23,,,,,,,,6983fa3a644fcca4e5fd8b3b,6983fa3a644fcca4e5fd8b3b,,,,
24988,raw_position_sample,2,2,int,26,3,8,9,52, safe ,1092,263,4435073.8,6983fa3a644fcca4e5fd8b3b,6983fa3a644fcca4e5fd8b3b,intermediate,3,6983fa3a644fcca4e5fd8b3b,6983fa3a644fcca4e5fd8b3b,spotlight_PROLIFIC,,36,Chile,Spanish,"Spanish, English",,Spanish:70|English:30,100,Spanish:70|English:30,100,Spanish:80|English:20,100,18,6,Bachelor's,10,10,10,6,8,9,7,17,14,16,TOEFL,80,,,,,23,25,C1,intermediate|advanced,intermediate|advanced,cambridge_22_25_intermediate_advanced,4,19,random,,248.26390075683594,1063.4896240234375,268.26390075683594,1102.50004196167,4,10,,,,,,,,,,,,2026-08-24T17:16:23.220Z,YVYMAZEH,2026-08-24,2026-08-24,13:16:23,2026-08-24 13:16:23,,,,,,,,6983fa3a644fcca4e5fd8b3b,6983fa3a644fcca4e5fd8b3b,,,,
25041,raw_position_sample,2,2,int,26,3,8,9,52, safe ,1096,263,4435126.000000001,6983fa3a644fcca4e5fd8b3b,6983fa3a644fcca4e5fd8b3b,intermediate,3,6983fa3a644fcca4e5fd8b3b,6983fa3a644fcca4e5fd8b3b,spotlight_PROLIFIC,,36,Chile,Spanish,"Spanish, English",,Spanish:70|English:30,100,Spanish:70|English:30,100,Spanish:80|English:20,100,18,6,Bachelor's,10,10,10,6,8,9,7,17,14,16,TOEFL,80,,,,,23,25,C1,intermediate|advanced,intermediate|advanced,cambridge_22_25_intermediate_advanced,4,19,random,,248.26390075683594,1063.4896240234375,268.26390075683594,1102.50004196167,4,10,,,,,,,,,,,,2026-08-24T17:16:23.220Z,YVYMAZEH,2026-08-24,2026-08-24,13:16:23,2026-08-24 13:16:23,,,,,,,,6983fa3a644fcca4e5fd8b3b,6983fa3a644fcca4e5fd8b3b,,,,
25088,raw_position_sample,2,2,int,26,3,8,9,52, safe ,1100,263,4435173.600000001,6983fa3a644fcca4e5fd8b3b,6983fa3a644fcca4e5fd8b3b,intermediate,3,6983fa3a644fcca4e5fd8b3b,6983fa3a644fcca4e5fd8b3b,spotlight_PROLIFIC,,36,Chile,Spanish,"Spanish, English",,Spanish:70|English:30,100,Spanish:70|English:30,100,Spanish:80|English:20,100,18,6,Bachelor's,10,10,10,6,8,9,7,17,14,16,TOEFL,80,,,,,23,25,C1,intermediate|advanced,intermediate|advanced,cambridge_22_25_intermediate_advanced,4,19,random,,248.26390075683594,1063.4896240234375,268.26390075683594,1102.50004196167,4,10,,,,,,,,,,,,2026-08-24T17:16:23.220Z,YVYMAZEH,2026-08-24,2026-08-24,13:16:23,2026-08-24 13:16:23,,,,,,,,6983fa3a644fcca4e5fd8b3b,6983fa3a644fcca4e5fd8b3b,,,,
25122,hover_association,2,2,int,26,3,8,9,52, safe ,1064,261,,6983fa3a644fcca4e5fd8b3b,6983fa3a644fcca4e5fd8b3b,intermediate,3,6983fa3a644fcca4e5fd8b3b,6983fa3a644fcca4e5fd8b3b,spotlight_PROLIFIC,,36,Chile,Spanish,"Spanish, English",,Spanish:70|English:30,100,Spanish:70|English:30,100,Spanish:80|English:20,100,18,6,Bachelor's,10,10,10,6,8,9,7,17,14,16,TOEFL,80,,,,,23,25,C1,intermediate|advanced,intermediate|advanced,cambridge_22_25_intermediate_advanced,4,19,random,,238.26390075683594,1063.489652633667,278.26390838623047,1102.500020980835,4,10,hover,515.6999999992549,515.6999999992549,0.9871823568445935,0.6184023631282114,81,,,,,,2026-08-24T17:16:23.220Z,YVYMAZEH,2026-08-24,2026-08-24,13:16:23,2026-08-24 13:16:23,,,,,,,,6983fa3a644fcca4e5fd8b3b,6983fa3a644fcca4e5fd8b3b,,,,
25138,raw_position_sample,2,2,int,26,3,8,9,53, Vienna ,1104,263,4435223.600000001,6983fa3a644fcca4e5fd8b3b,6983fa3a644fcca4e5fd8b3b,intermediate,3,6983fa3a644fcca4e5fd8b3b,6983fa3a644fcca4e5fd8b3b,spotlight_PROLIFIC,,36,Chile,Spanish,"Spanish, English",,Spanish:70|English:30,100,Spanish:70|English:30,100,Spanish:80|English:20,100,18,6,Bachelor's,10,10,10,6,8,9,7,17,14,16,TOEFL,80,,,,,23,25,C1,intermediate|advanced,intermediate|advanced,cambridge_22_25_intermediate_advanced,4,19,random,,248.26390075683594,1102.5,268.26390075683594,1163.1770858764648,4,11,,,,,,,,,,,,2026-08-24T17:16:23.220Z,YVYMAZEH,2026-08-24,2026-08-24,13:16:23,2026-08-24 13:16:23,,,,,,,,6983fa3a644fcca4e5fd8b3b,6983fa3a644fcca4e5fd8b3b,,,,
25188,raw_position_sample,2,2,int,26,3,8,9,53, Vienna ,1107,263,4435273.8,6983fa3a644fcca4e5fd8b3b,6983fa3a644fcca4e5fd8b3b,intermediate,3,6983fa3a644fcca4e5fd8b3b,6983fa3a644fcca4e5fd8b3b,spotlight_PROLIFIC,,36,Chile,Spanish,"Spanish, English",,Spanish:70|English:30,100,Spanish:70|English:30,100,Spanish:80|English:20,100,18,6,Bachelor's,10,10,10,6,8,9,7,17,14,16,TOEFL,80,,,,,23,25,C1,intermediate|advanced,intermediate|advanced,cambridge_22_25_intermediate_advanced,4,19,random,,248.26390075683594,1102.5,268.26390075683594,1163.1770858764648,4,11,,,,,,,,,,,,2026-08-24T17:16:23.220Z,YVYMAZEH,2026-08-24,2026-08-24,13:16:23,2026-08-24 13:16:23,,,,,,,,6983fa3a644fcca4e5fd8b3b,6983fa3a644fcca4e5fd8b3b,,,,
25238,raw_position_sample,2,2,int,26,3,8,9,53, Vienna ,1107,262,4435323.7,6983fa3a644fcca4e5fd8b3b,6983fa3a644fcca4e5fd8b3b,intermediate,3,6983fa3a644fcca4e5fd8b3b,6983fa3a644fcca4e5fd8b3b,spotlight_PROLIFIC,,36,Chile,Spanish,"Spanish, English",,Spanish:70|English:30,100,Spanish:70|English:30,100,Spanish:80|English:20,100,18,6,Bachelor's,10,10,10,6,8,9,7,17,14,16,TOEFL,80,,,,,23,25,C1,intermediate|advanced,intermediate|advanced,cambridge_22_25_intermediate_advanced,4,19,random,,248.26390075683594,1102.5,268.26390075683594,1163.1770858764648,4,11,,,,,,,,,,,,2026-08-24T17:16:23.220Z,YVYMAZEH,2026-08-24,2026-08-24,13:16:23,2026-08-24 13:16:23,,,,,,,,6983fa3a644fcca4e5fd8b3b,6983fa3a644fcca4e5fd8b3b,,,,
25289,raw_position_sample,2,2,int,26,3,8,9,53, Vienna ,1107,262,4435374.100000001,6983fa3a644fcca4e5fd8b3b,6983fa3a644fcca4e5fd8b3b,intermediate,3,6983fa3a644fcca4e5fd8b3b,6983fa3a644fcca4e5fd8b3b,spotlight_PROLIFIC,,36,Chile,Spanish,"Spanish, English",,Spanish:70|English:30,100,Spanish:70|English:30,100,Spanish:80|English:20,100,18,6,Bachelor's,10,10,10,6,8,9,7,17,14,16,TOEFL,80,,,,,23,25,C1,intermediate|advanced,intermediate|advanced,cambridge_22_25_intermediate_advanced,4,19,random,,248.26390075683594,1102.5,268.26390075683594,1163.1770858764648,4,11,,,,,,,,,,,,2026-08-24T17:16:23.220Z,YVYMAZEH,2026-08-24,2026-08-24,13:16:23,2026-08-24 13:16:23,,,,,,,,6983fa3a644fcca4e5fd8b3b,6983fa3a644fcca4e5fd8b3b,,,,
25338,raw_position_sample,2,2,int,26,3,8,9,53, Vienna ,1107,262,4435423.899999999,6983fa3a644fcca4e5fd8b3b,6983fa3a644fcca4e5fd8b3b,intermediate,3,6983fa3a644fcca4e5fd8b3b,6983fa3a644fcca4e5fd8b3b,spotlight_PROLIFIC,,36,Chile,Spanish,"Spanish, English",,Spanish:70|English:30,100,Spanish:70|English:30,100,Spanish:80|English:20,100,18,6,Bachelor's,10,10,10,6,8,9,7,17,14,16,TOEFL,80,,,,,23,25,C1,intermediate|advanced,intermediate|advanced,cambridge_22_25_intermediate_advanced,4,19,random,,248.26390075683594,1102.5,268.26390075683594,1163.1770858764648,4,11,,,,,,,,,,,,2026-08-24T17:16:23.220Z,YVYMAZEH,2026-08-24,2026-08-24,13:16:23,2026-08-24 13:16:23,,,,,,,,6983fa3a644fcca4e5fd8b3b,6983fa3a644fcca4e5fd8b3b,,,,
25388,raw_position_sample,2,2,int,26,3,8,9,53, Vienna ,1107,262,4435473.8,6983fa3a644fcca4e5fd8b3b,6983fa3a644fcca4e5fd8b3b,intermediate,3,6983fa3a644fcca4e5fd8b3b,6983fa3a644fcca4e5fd8b3b,spotlight_PROLIFIC,,36,Chile,Spanish,"Spanish, English",,Spanish:70|English:30,100,Spanish:70|English:30,100,Spanish:80|English:20,100,18,6,Bachelor's,10,10,10,6,8,9,7,17,14,16,TOEFL,80,,,,,23,25,C1,intermediate|advanced,intermediate|advanced,cambridge_22_25_intermediate_advanced,4,19,random,,248.26390075683594,1102.5,268.26390075683594,1163.1770858764648,4,11,,,,,,,,,,,,2026-08-24T17:16:23.220Z,YVYMAZEH,2026-08-24,2026-08-24,13:16:23,2026-08-24 13:16:23,,,,,,,,6983fa3a644fcca4e5fd8b3b,6983fa3a644fcca4e5fd8b3b,,,,
25438,raw_position_sample,2,2,int,26,3,8,9,53, Vienna ,1107,262,4435523.600000001,6983fa3a644fcca4e5fd8b3b,6983fa3a644fcca4e5fd8b3b,intermediate,3,6983fa3a644fcca4e5fd8b3b,6983fa3a644fcca4e5fd8b3b,spotlight_PROLIFIC,,36,Chile,Spanish,"Spanish, English",,Spanish:70|English:30,100,Spanish:70|English:30,100,Spanish:80|English:20,100,18,6,Bachelor's,10,10,10,6,8,9,7,17,14,16,TOEFL,80,,,,,23,25,C1,intermediate|advanced,intermediate|advanced,cambridge_22_25_intermediate_advanced,4,19,random,,248.26390075683594,1102.5,268.26390075683594,1163.1770858764648,4,11,,,,,,,,,,,,2026-08-24T17:16:23.220Z,YVYMAZEH,2026-08-24,2026-08-24,13:16:23,2026-08-24 13:16:23,,,,,,,,6983fa3a644fcca4e5fd8b3b,6983fa3a644fcca4e5fd8b3b,,,,
25488,raw_position_sample,2,2,int,26,3,8,9,53, Vienna ,1107,262,4435573.8,6983fa3a644fcca4e5fd8b3b,6983fa3a644fcca4e5fd8b3b,intermediate,3,6983fa3a644fcca4e5fd8b3b,6983fa3a644fcca4e5fd8b3b,spotlight_PROLIFIC,,36,Chile,Spanish,"Spanish, English",,Spanish:70|English:30,100,Spanish:70|English:30,100,Spanish:80|English:20,100,18,6,Bachelor's,10,10,10,6,8,9,7,17,14,16,TOEFL,80,,,,,23,25,C1,intermediate|advanced,intermediate|advanced,cambridge_22_25_intermediate_advanced,4,19,random,,248.26390075683594,1102.5,268.26390075683594,1163.1770858764648,4,11,,,,,,,,,,,,2026-08-24T17:16:23.220Z,YVYMAZEH,2026-08-24,2026-08-24,13:16:23,2026-08-24 13:16:23,,,,,,,,6983fa3a644fcca4e5fd8b3b,6983fa3a644fcca4e5fd8b3b,,,,
25538,raw_position_sample,2,2,int,26,3,8,9,53, Vienna ,1120,260,4435623.600000001,6983fa3a644fcca4e5fd8b3b,6983fa3a644fcca4e5fd8b3b,intermediate,3,6983fa3a644fcca4e5fd8b3b,6983fa3a644fcca4e5fd8b3b,spotlight_PROLIFIC,,36,Chile,Spanish,"Spanish, English",,Spanish:70|English:30,100,Spanish:70|English:30,100,Spanish:80|English:20,100,18,6,Bachelor's,10,10,10,6,8,9,7,17,14,16,TOEFL,80,,,,,23,25,C1,intermediate|advanced,intermediate|advanced,cambridge_22_25_intermediate_advanced,4,19,random,,248.26390075683594,1102.5,268.26390075683594,1163.1770858764648,4,11,,,,,,,,,,,,2026-08-24T17:16:23.220Z,YVYMAZEH,2026-08-24,2026-08-24,13:16:23,2026-08-24 13:16:23,,,,,,,,6983fa3a644fcca4e5fd8b3b,6983fa3a644fcca4e5fd8b3b,,,,
25591,raw_position_sample,2,2,int,26,3,8,9,53, Vienna ,1143,260,4435676.899999999,6983fa3a644fcca4e5fd8b3b,6983fa3a644fcca4e5fd8b3b,intermediate,3,6983fa3a644fcca4e5fd8b3b,6983fa3a644fcca4e5fd8b3b,spotlight_PROLIFIC,,36,Chile,Spanish,"Spanish, English",,Spanish:70|English:30,100,Spanish:70|English:30,100,Spanish:80|English:20,100,18,6,Bachelor's,10,10,10,6,8,9,7,17,14,16,TOEFL,80,,,,,23,25,C1,intermediate|advanced,intermediate|advanced,cambridge_22_25_intermediate_advanced,4,19,random,,248.26390075683594,1102.5,268.26390075683594,1163.1770858764648,4,11,,,,,,,,,,,,2026-08-24T17:16:23.220Z,YVYMAZEH,2026-08-24,2026-08-24,13:16:23,2026-08-24 13:16:23,,,,,,,,6983fa3a644fcca4e5fd8b3b,6983fa3a644fcca4e5fd8b3b,,,,
25639,raw_position_sample,2,2,int,26,3,8,9,53, Vienna ,1156,258,4435724.7,6983fa3a644fcca4e5fd8b3b,6983fa3a644fcca4e5fd8b3b,intermediate,3,6983fa3a644fcca4e5fd8b3b,6983fa3a644fcca4e5fd8b3b,spotlight_PROLIFIC,,36,Chile,Spanish,"Spanish, English",,Spanish:70|English:30,100,Spanish:70|English:30,100,Spanish:80|English:20,100,18,6,Bachelor's,10,10,10,6,8,9,7,17,14,16,TOEFL,80,,,,,23,25,C1,intermediate|advanced,intermediate|advanced,cambridge_22_25_intermediate_advanced,4,19,random,,248.26390075683594,1102.5,268.26390075683594,1163.1770858764648,4,11,,,,,,,,,,,,2026-08-24T17:16:23.220Z,YVYMAZEH,2026-08-24,2026-08-24,13:16:23,2026-08-24 13:16:23,,,,,,,,6983fa3a644fcca4e5fd8b3b,6983fa3a644fcca4e5fd8b3b,,,,
25682,hover_association,2,2,int,26,3,8,9,53, Vienna ,1103,263,,6983fa3a644fcca4e5fd8b3b,6983fa3a644fcca4e5fd8b3b,intermediate,3,6983fa3a644fcca4e5fd8b3b,6983fa3a644fcca4e5fd8b3b,spotlight_PROLIFIC,,36,Chile,Spanish,"Spanish, English",,Spanish:70|English:30,100,Spanish:70|English:30,100,Spanish:80|English:20,100,18,6,Bachelor's,10,10,10,6,8,9,7,17,14,16,TOEFL,80,,,,,23,25,C1,intermediate|advanced,intermediate|advanced,cambridge_22_25_intermediate_advanced,4,19,random,,238.26390075683594,1102.500020980835,278.26390838623047,1163.1771049499512,4,11,hover,559.9000000003725,559.9000000003725,0.9970811888382554,0.4934023869700647,81,,,,,,2026-08-24T17:16:23.220Z,YVYMAZEH,2026-08-24,2026-08-24,13:16:23,2026-08-24 13:16:23,,,,,,,,6983fa3a644fcca4e5fd8b3b,6983fa3a644fcca4e5fd8b3b,,,,
25688,raw_position_sample,2,2,int,26,3,8,9,54, is ,1164,258,4435773.600000001,6983fa3a644fcca4e5fd8b3b,6983fa3a644fcca4e5fd8b3b,intermediate,3,6983fa3a644fcca4e5fd8b3b,6983fa3a644fcca4e5fd8b3b,spotlight_PROLIFIC,,36,Chile,Spanish,"Spanish, English",,Spanish:70|English:30,100,Spanish:70|English:30,100,Spanish:80|English:20,100,18,6,Bachelor's,10,10,10,6,8,9,7,17,14,16,TOEFL,80,,,,,23,25,C1,intermediate|advanced,intermediate|advanced,cambridge_22_25_intermediate_advanced,4,19,random,,248.26390075683594,1163.1771240234375,268.26390075683594,1181.163236618042,4,12,,,,,,,,,,,,2026-08-24T17:16:23.220Z,YVYMAZEH,2026-08-24,2026-08-24,13:16:23,2026-08-24 13:16:23,,,,,,,,6983fa3a644fcca4e5fd8b3b,6983fa3a644fcca4e5fd8b3b,,,,
25738,raw_position_sample,2,2,int,26,3,8,9,54, is ,1172,258,4435823.500000001,6983fa3a644fcca4e5fd8b3b,6983fa3a644fcca4e5fd8b3b,intermediate,3,6983fa3a644fcca4e5fd8b3b,6983fa3a644fcca4e5fd8b3b,spotlight_PROLIFIC,,36,Chile,Spanish,"Spanish, English",,Spanish:70|English:30,100,Spanish:70|English:30,100,Spanish:80|English:20,100,18,6,Bachelor's,10,10,10,6,8,9,7,17,14,16,TOEFL,80,,,,,23,25,C1,intermediate|advanced,intermediate|advanced,cambridge_22_25_intermediate_advanced,4,19,random,,248.26390075683594,1163.1771240234375,268.26390075683594,1181.163236618042,4,12,,,,,,,,,,,,2026-08-24T17:16:23.220Z,YVYMAZEH,2026-08-24,2026-08-24,13:16:23,2026-08-24 13:16:23,,,,,,,,6983fa3a644fcca4e5fd8b3b,6983fa3a644fcca4e5fd8b3b,,,,
25788,raw_position_sample,2,2,int,26,3,8,9,54, is ,1174,258,4435873.7,6983fa3a644fcca4e5fd8b3b,6983fa3a644fcca4e5fd8b3b,intermediate,3,6983fa3a644fcca4e5fd8b3b,6983fa3a644fcca4e5fd8b3b,spotlight_PROLIFIC,,36,Chile,Spanish,"Spanish, English",,Spanish:70|English:30,100,Spanish:70|English:30,100,Spanish:80|English:20,100,18,6,Bachelor's,10,10,10,6,8,9,7,17,14,16,TOEFL,80,,,,,23,25,C1,intermediate|advanced,intermediate|advanced,cambridge_22_25_intermediate_advanced,4,19,random,,248.26390075683594,1163.1771240234375,268.26390075683594,1181.163236618042,4,12,,,,,,,,,,,,2026-08-24T17:16:23.220Z,YVYMAZEH,2026-08-24,2026-08-24,13:16:23,2026-08-24 13:16:23,,,,,,,,6983fa3a644fcca4e5fd8b3b,6983fa3a644fcca4e5fd8b3b,,,,
25838,raw_position_sample,2,2,int,26,3,8,9,54, is ,1175,258,4435923.7,6983fa3a644fcca4e5fd8b3b,6983fa3a644fcca4e5fd8b3b,intermediate,3,6983fa3a644fcca4e5fd8b3b,6983fa3a644fcca4e5fd8b3b,spotlight_PROLIFIC,,36,Chile,Spanish,"Spanish, English",,Spanish:70|English:30,100,Spanish:70|English:30,100,Spanish:80|English:20,100,18,6,Bachelor's,10,10,10,6,8,9,7,17,14,16,TOEFL,80,,,,,23,25,C1,intermediate|advanced,intermediate|advanced,cambridge_22_25_intermediate_advanced,4,19,random,,248.26390075683594,1163.1771240234375,268.26390075683594,1181.163236618042,4,12,,,,,,,,,,,,2026-08-24T17:16:23.220Z,YVYMAZEH,2026-08-24,2026-08-24,13:16:23,2026-08-24 13:16:23,,,,,,,,6983fa3a644fcca4e5fd8b3b,6983fa3a644fcca4e5fd8b3b,,,,
25888,raw_position_sample,2,2,int,26,3,8,9,54, is ,1175,258,4435973.600000001,6983fa3a644fcca4e5fd8b3b,6983fa3a644fcca4e5fd8b3b,intermediate,3,6983fa3a644fcca4e5fd8b3b,6983fa3a644fcca4e5fd8b3b,spotlight_PROLIFIC,,36,Chile,Spanish,"Spanish, English",,Spanish:70|English:30,100,Spanish:70|English:30,100,Spanish:80|English:20,100,18,6,Bachelor's,10,10,10,6,8,9,7,17,14,16,TOEFL,80,,,,,23,25,C1,intermediate|advanced,intermediate|advanced,cambridge_22_25_intermediate_advanced,4,19,random,,248.26390075683594,1163.1771240234375,268.26390075683594,1181.163236618042,4,12,,,,,,,,,,,,2026-08-24T17:16:23.220Z,YVYMAZEH,2026-08-24,2026-08-24,13:16:23,2026-08-24 13:16:23,,,,,,,,6983fa3a644fcca4e5fd8b3b,6983fa3a644fcca4e5fd8b3b,,,,
25938,raw_position_sample,2,2,int,26,3,8,9,54, is ,1175,258,4436023.600000001,6983fa3a644fcca4e5fd8b3b,6983fa3a644fcca4e5fd8b3b,intermediate,3,6983fa3a644fcca4e5fd8b3b,6983fa3a644fcca4e5fd8b3b,spotlight_PROLIFIC,,36,Chile,Spanish,"Spanish, English",,Spanish:70|English:30,100,Spanish:70|English:30,100,Spanish:80|English:20,100,18,6,Bachelor's,10,10,10,6,8,9,7,17,14,16,TOEFL,80,,,,,23,25,C1,intermediate|advanced,intermediate|advanced,cambridge_22_25_intermediate_advanced,4,19,random,,248.26390075683594,1163.1771240234375,268.26390075683594,1181.163236618042,4,12,,,,,,,,,,,,2026-08-24T17:16:23.220Z,YVYMAZEH,2026-08-24,2026-08-24,13:16:23,2026-08-24 13:16:23,,,,,,,,6983fa3a644fcca4e5fd8b3b,6983fa3a644fcca4e5fd8b3b,,,,
25988,raw_position_sample,2,2,int,26,3,8,9,54, is ,1180,262,4436073.8,6983fa3a644fcca4e5fd8b3b,6983fa3a644fcca4e5fd8b3b,intermediate,3,6983fa3a644fcca4e5fd8b3b,6983fa3a644fcca4e5fd8b3b,spotlight_PROLIFIC,,36,Chile,Spanish,"Spanish, English",,Spanish:70|English:30,100,Spanish:70|English:30,100,Spanish:80|English:20,100,18,6,Bachelor's,10,10,10,6,8,9,7,17,14,16,TOEFL,80,,,,,23,25,C1,intermediate|advanced,intermediate|advanced,cambridge_22_25_intermediate_advanced,4,19,random,,248.26390075683594,1163.1771240234375,268.26390075683594,1181.163236618042,4,12,,,,,,,,,,,,2026-08-24T17:16:23.220Z,YVYMAZEH,2026-08-24,2026-08-24,13:16:23,2026-08-24 13:16:23,,,,,,,,6983fa3a644fcca4e5fd8b3b,6983fa3a644fcca4e5fd8b3b,,,,
25997,hover_association,2,2,int,26,3,8,9,54, is ,1164,258,,6983fa3a644fcca4e5fd8b3b,6983fa3a644fcca4e5fd8b3b,intermediate,3,6983fa3a644fcca4e5fd8b3b,6983fa3a644fcca4e5fd8b3b,spotlight_PROLIFIC,,36,Chile,Spanish,"Spanish, English",,Spanish:70|English:30,100,Spanish:70|English:30,100,Spanish:80|English:20,100,18,6,Bachelor's,10,10,10,6,8,9,7,17,14,16,TOEFL,80,,,,,23,25,C1,intermediate|advanced,intermediate|advanced,cambridge_22_25_intermediate_advanced,4,19,random,,238.26390075683594,1163.1771049499512,278.26390838623047,1181.1632223129272,4,12,hover,315.2000000011176,315.2000000011176,0.9909250946364203,0.5934023678965821,81,,,,,,2026-08-24T17:16:23.220Z,YVYMAZEH,2026-08-24,2026-08-24,13:16:23,2026-08-24 13:16:23,,,,,,,,6983fa3a644fcca4e5fd8b3b,6983fa3a644fcca4e5fd8b3b,,,,
26041,raw_position_sample,2,2,int,26,3,8,9,55, until ,1185,263,4436126.2,6983fa3a644fcca4e5fd8b3b,6983fa3a644fcca4e5fd8b3b,intermediate,3,6983fa3a644fcca4e5fd8b3b,6983fa3a644fcca4e5fd8b3b,spotlight_PROLIFIC,,36,Chile,Spanish,"Spanish, English",,Spanish:70|English:30,100,Spanish:70|English:30,100,Spanish:80|English:20,100,18,6,Bachelor's,10,10,10,6,8,9,7,17,14,16,TOEFL,80,,,,,23,25,C1,intermediate|advanced,intermediate|advanced,cambridge_22_25_intermediate_advanced,4,19,random,,248.26390075683594,1181.1632080078125,268.26390075683594,1219.1666831970215,4,13,,,,,,,,,,,,2026-08-24T17:16:23.220Z,YVYMAZEH,2026-08-24,2026-08-24,13:16:23,2026-08-24 13:16:23,,,,,,,,6983fa3a644fcca4e5fd8b3b,6983fa3a644fcca4e5fd8b3b,,,,
26089,raw_position_sample,2,2,int,26,3,8,9,55, until ,1191,263,4436174.100000001,6983fa3a644fcca4e5fd8b3b,6983fa3a644fcca4e5fd8b3b,intermediate,3,6983fa3a644fcca4e5fd8b3b,6983fa3a644fcca4e5fd8b3b,spotlight_PROLIFIC,,36,Chile,Spanish,"Spanish, English",,Spanish:70|English:30,100,Spanish:70|English:30,100,Spanish:80|English:20,100,18,6,Bachelor's,10,10,10,6,8,9,7,17,14,16,TOEFL,80,,,,,23,25,C1,intermediate|advanced,intermediate|advanced,cambridge_22_25_intermediate_advanced,4,19,random,,248.26390075683594,1181.1632080078125,268.26390075683594,1219.1666831970215,4,13,,,,,,,,,,,,2026-08-24T17:16:23.220Z,YVYMAZEH,2026-08-24,2026-08-24,13:16:23,2026-08-24 13:16:23,,,,,,,,6983fa3a644fcca4e5fd8b3b,6983fa3a644fcca4e5fd8b3b,,,,
26138,raw_position_sample,2,2,int,26,3,8,9,55, until ,1197,263,4436223.500000001,6983fa3a644fcca4e5fd8b3b,6983fa3a644fcca4e5fd8b3b,intermediate,3,6983fa3a644fcca4e5fd8b3b,6983fa3a644fcca4e5fd8b3b,spotlight_PROLIFIC,,36,Chile,Spanish,"Spanish, English",,Spanish:70|English:30,100,Spanish:70|English:30,100,Spanish:80|English:20,100,18,6,Bachelor's,10,10,10,6,8,9,7,17,14,16,TOEFL,80,,,,,23,25,C1,intermediate|advanced,intermediate|advanced,cambridge_22_25_intermediate_advanced,4,19,random,,248.26390075683594,1181.1632080078125,268.26390075683594,1219.1666831970215,4,13,,,,,,,,,,,,2026-08-24T17:16:23.220Z,YVYMAZEH,2026-08-24,2026-08-24,13:16:23,2026-08-24 13:16:23,,,,,,,,6983fa3a644fcca4e5fd8b3b,6983fa3a644fcca4e5fd8b3b,,,,
26188,raw_position_sample,2,2,int,26,3,8,9,55, until ,1205,263,4436273.7,6983fa3a644fcca4e5fd8b3b,6983fa3a644fcca4e5fd8b3b,intermediate,3,6983fa3a644fcca4e5fd8b3b,6983fa3a644fcca4e5fd8b3b,spotlight_PROLIFIC,,36,Chile,Spanish,"Spanish, English",,Spanish:70|English:30,100,Spanish:70|English:30,100,Spanish:80|English:20,100,18,6,Bachelor's,10,10,10,6,8,9,7,17,14,16,TOEFL,80,,,,,23,25,C1,intermediate|advanced,intermediate|advanced,cambridge_22_25_intermediate_advanced,4,19,random,,248.26390075683594,1181.1632080078125,268.26390075683594,1219.1666831970215,4,13,,,,,,,,,,,,2026-08-24T17:16:23.220Z,YVYMAZEH,2026-08-24,2026-08-24,13:16:23,2026-08-24 13:16:23,,,,,,,,6983fa3a644fcca4e5fd8b3b,6983fa3a644fcca4e5fd8b3b,,,,
26239,raw_position_sample,2,2,int,26,3,8,9,55, until ,1212,263,4436324.500000001,6983fa3a644fcca4e5fd8b3b,6983fa3a644fcca4e5fd8b3b,intermediate,3,6983fa3a644fcca4e5fd8b3b,6983fa3a644fcca4e5fd8b3b,spotlight_PROLIFIC,,36,Chile,Spanish,"Spanish, English",,Spanish:70|English:30,100,Spanish:70|English:30,100,Spanish:80|English:20,100,18,6,Bachelor's,10,10,10,6,8,9,7,17,14,16,TOEFL,80,,,,,23,25,C1,intermediate|advanced,intermediate|advanced,cambridge_22_25_intermediate_advanced,4,19,random,,248.26390075683594,1181.1632080078125,268.26390075683594,1219.1666831970215,4,13,,,,,,,,,,,,2026-08-24T17:16:23.220Z,YVYMAZEH,2026-08-24,2026-08-24,13:16:23,2026-08-24 13:16:23,,,,,,,,6983fa3a644fcca4e5fd8b3b,6983fa3a644fcca4e5fd8b3b,,,,
26280,hover_association,2,2,int,26,3,8,9,55, until ,1182,262,,6983fa3a644fcca4e5fd8b3b,6983fa3a644fcca4e5fd8b3b,intermediate,3,6983fa3a644fcca4e5fd8b3b,6983fa3a644fcca4e5fd8b3b,spotlight_PROLIFIC,,36,Chile,Spanish,"Spanish, English",,Spanish:70|English:30,100,Spanish:70|English:30,100,Spanish:80|English:20,100,18,6,Bachelor's,10,10,10,6,8,9,7,17,14,16,TOEFL,80,,,,,23,25,C1,intermediate|advanced,intermediate|advanced,cambridge_22_25_intermediate_advanced,4,19,random,,238.26390075683594,1181.1632223129272,278.26390838623047,1219.1667156219482,4,13,hover,282.69999999925494,282.69999999925494,0.9429864090564032,0.6184023631282114,81,,,,,,2026-08-24T17:16:23.220Z,YVYMAZEH,2026-08-24,2026-08-24,13:16:23,2026-08-24 13:16:23,,,,,,,,6983fa3a644fcca4e5fd8b3b,6983fa3a644fcca4e5fd8b3b,,,,
26288,raw_position_sample,2,2,int,26,3,8,9,56, you ,1221,263,4436373.600000001,6983fa3a644fcca4e5fd8b3b,6983fa3a644fcca4e5fd8b3b,intermediate,3,6983fa3a644fcca4e5fd8b3b,6983fa3a644fcca4e5fd8b3b,spotlight_PROLIFIC,,36,Chile,Spanish,"Spanish, English",,Spanish:70|English:30,100,Spanish:70|English:30,100,Spanish:80|English:20,100,18,6,Bachelor's,10,10,10,6,8,9,7,17,14,16,TOEFL,80,,,,,23,25,C1,intermediate|advanced,intermediate|advanced,cambridge_22_25_intermediate_advanced,4,19,random,,248.26390075683594,1219.166748046875,268.26390075683594,1253.1771659851074,4,14,,,,,,,,,,,,2026-08-24T17:16:23.220Z,YVYMAZEH,2026-08-24,2026-08-24,13:16:23,2026-08-24 13:16:23,,,,,,,,6983fa3a644fcca4e5fd8b3b,6983fa3a644fcca4e5fd8b3b,,,,
26338,raw_position_sample,2,2,int,26,3,8,9,56, you ,1226,263,4436423.7,6983fa3a644fcca4e5fd8b3b,6983fa3a644fcca4e5fd8b3b,intermediate,3,6983fa3a644fcca4e5fd8b3b,6983fa3a644fcca4e5fd8b3b,spotlight_PROLIFIC,,36,Chile,Spanish,"Spanish, English",,Spanish:70|English:30,100,Spanish:70|English:30,100,Spanish:80|English:20,100,18,6,Bachelor's,10,10,10,6,8,9,7,17,14,16,TOEFL,80,,,,,23,25,C1,intermediate|advanced,intermediate|advanced,cambridge_22_25_intermediate_advanced,4,19,random,,248.26390075683594,1219.166748046875,268.26390075683594,1253.1771659851074,4,14,,,,,,,,,,,,2026-08-24T17:16:23.220Z,YVYMAZEH,2026-08-24,2026-08-24,13:16:23,2026-08-24 13:16:23,,,,,,,,6983fa3a644fcca4e5fd8b3b,6983fa3a644fcca4e5fd8b3b,,,,
26388,raw_position_sample,2,2,int,26,3,8,9,56, you ,1235,263,4436473.600000001,6983fa3a644fcca4e5fd8b3b,6983fa3a644fcca4e5fd8b3b,intermediate,3,6983fa3a644fcca4e5fd8b3b,6983fa3a644fcca4e5fd8b3b,spotlight_PROLIFIC,,36,Chile,Spanish,"Spanish, English",,Spanish:70|English:30,100,Spanish:70|English:30,100,Spanish:80|English:20,100,18,6,Bachelor's,10,10,10,6,8,9,7,17,14,16,TOEFL,80,,,,,23,25,C1,intermediate|advanced,intermediate|advanced,cambridge_22_25_intermediate_advanced,4,19,random,,248.26390075683594,1219.166748046875,268.26390075683594,1253.1771659851074,4,14,,,,,,,,,,,,2026-08-24T17:16:23.220Z,YVYMAZEH,2026-08-24,2026-08-24,13:16:23,2026-08-24 13:16:23,,,,,,,,6983fa3a644fcca4e5fd8b3b,6983fa3a644fcca4e5fd8b3b,,,,
26440,raw_position_sample,2,2,int,26,3,8,9,56, you ,1244,263,4436525.500000001,6983fa3a644fcca4e5fd8b3b,6983fa3a644fcca4e5fd8b3b,intermediate,3,6983fa3a644fcca4e5fd8b3b,6983fa3a644fcca4e5fd8b3b,spotlight_PROLIFIC,,36,Chile,Spanish,"Spanish, English",,Spanish:70|English:30,100,Spanish:70|English:30,100,Spanish:80|English:20,100,18,6,Bachelor's,10,10,10,6,8,9,7,17,14,16,TOEFL,80,,,,,23,25,C1,intermediate|advanced,intermediate|advanced,cambridge_22_25_intermediate_advanced,4,19,random,,248.26390075683594,1219.166748046875,268.26390075683594,1253.1771659851074,4,14,,,,,,,,,,,,2026-08-24T17:16:23.220Z,YVYMAZEH,2026-08-24,2026-08-24,13:16:23,2026-08-24 13:16:23,,,,,,,,6983fa3a644fcca4e5fd8b3b,6983fa3a644fcca4e5fd8b3b,,,,
26488,raw_position_sample,2,2,int,26,3,8,9,56, you ,1253,263,4436573.7,6983fa3a644fcca4e5fd8b3b,6983fa3a644fcca4e5fd8b3b,intermediate,3,6983fa3a644fcca4e5fd8b3b,6983fa3a644fcca4e5fd8b3b,spotlight_PROLIFIC,,36,Chile,Spanish,"Spanish, English",,Spanish:70|English:30,100,Spanish:70|English:30,100,Spanish:80|English:20,100,18,6,Bachelor's,10,10,10,6,8,9,7,17,14,16,TOEFL,80,,,,,23,25,C1,intermediate|advanced,intermediate|advanced,cambridge_22_25_intermediate_advanced,4,19,random,,248.26390075683594,1219.166748046875,268.26390075683594,1253.1771659851074,4,14,,,,,,,,,,,,2026-08-24T17:16:23.220Z,YVYMAZEH,2026-08-24,2026-08-24,13:16:23,2026-08-24 13:16:23,,,,,,,,6983fa3a644fcca4e5fd8b3b,6983fa3a644fcca4e5fd8b3b,,,,
26492,hover_association,2,2,int,26,3,8,9,56, you ,1220,263,,6983fa3a644fcca4e5fd8b3b,6983fa3a644fcca4e5fd8b3b,intermediate,3,6983fa3a644fcca4e5fd8b3b,6983fa3a644fcca4e5fd8b3b,spotlight_PROLIFIC,,36,Chile,Spanish,"Spanish, English",,Spanish:70|English:30,100,Spanish:70|English:30,100,Spanish:80|English:20,100,18,6,Bachelor's,10,10,10,6,8,9,7,17,14,16,TOEFL,80,,,,,23,25,C1,intermediate|advanced,intermediate|advanced,cambridge_22_25_intermediate_advanced,4,19,random,,238.26390075683594,1219.1667156219482,278.26390838623047,1253.1771450042725,4,14,hover,212.09999999962747,212.09999999962747,0.9947914505200418,0.6184023631282114,81,,,,,,2026-08-24T17:16:23.220Z,YVYMAZEH,2026-08-24,2026-08-24,13:16:23,2026-08-24 13:16:23,,,,,,,,6983fa3a644fcca4e5fd8b3b,6983fa3a644fcca4e5fd8b3b,,,,
26538,raw_position_sample,2,2,int,26,3,8,9,57, go ,1263,263,4436623.600000001,6983fa3a644fcca4e5fd8b3b,6983fa3a644fcca4e5fd8b3b,intermediate,3,6983fa3a644fcca4e5fd8b3b,6983fa3a644fcca4e5fd8b3b,spotlight_PROLIFIC,,36,Chile,Spanish,"Spanish, English",,Spanish:70|English:30,100,Spanish:70|English:30,100,Spanish:80|English:20,100,18,6,Bachelor's,10,10,10,6,8,9,7,17,14,16,TOEFL,80,,,,,23,25,C1,intermediate|advanced,intermediate|advanced,cambridge_22_25_intermediate_advanced,4,19,random,,248.26390075683594,1253.1771240234375,268.26390075683594,1278.194486618042,4,15,,,,,,,,,,,,2026-08-24T17:16:23.220Z,YVYMAZEH,2026-08-24,2026-08-24,13:16:23,2026-08-24 13:16:23,,,,,,,,6983fa3a644fcca4e5fd8b3b,6983fa3a644fcca4e5fd8b3b,,,,
26591,raw_position_sample,2,2,int,26,3,8,9,57, go ,1274,263,4436676.600000001,6983fa3a644fcca4e5fd8b3b,6983fa3a644fcca4e5fd8b3b,intermediate,3,6983fa3a644fcca4e5fd8b3b,6983fa3a644fcca4e5fd8b3b,spotlight_PROLIFIC,,36,Chile,Spanish,"Spanish, English",,Spanish:70|English:30,100,Spanish:70|English:30,100,Spanish:80|English:20,100,18,6,Bachelor's,10,10,10,6,8,9,7,17,14,16,TOEFL,80,,,,,23,25,C1,intermediate|advanced,intermediate|advanced,cambridge_22_25_intermediate_advanced,4,19,random,,248.26390075683594,1253.1771240234375,268.26390075683594,1278.194486618042,4,15,,,,,,,,,,,,2026-08-24T17:16:23.220Z,YVYMAZEH,2026-08-24,2026-08-24,13:16:23,2026-08-24 13:16:23,,,,,,,,6983fa3a644fcca4e5fd8b3b,6983fa3a644fcca4e5fd8b3b,,,,
26639,raw_position_sample,2,2,int,26,3,8,9,57, go ,1278,263,4436724.500000001,6983fa3a644fcca4e5fd8b3b,6983fa3a644fcca4e5fd8b3b,intermediate,3,6983fa3a644fcca4e5fd8b3b,6983fa3a644fcca4e5fd8b3b,spotlight_PROLIFIC,,36,Chile,Spanish,"Spanish, English",,Spanish:70|English:30,100,Spanish:70|English:30,100,Spanish:80|English:20,100,18,6,Bachelor's,10,10,10,6,8,9,7,17,14,16,TOEFL,80,,,,,23,25,C1,intermediate|advanced,intermediate|advanced,cambridge_22_25_intermediate_advanced,4,19,random,,248.26390075683594,1253.1771240234375,268.26390075683594,1278.194486618042,4,15,,,,,,,,,,,,2026-08-24T17:16:23.220Z,YVYMAZEH,2026-08-24,2026-08-24,13:16:23,2026-08-24 13:16:23,,,,,,,,6983fa3a644fcca4e5fd8b3b,6983fa3a644fcca4e5fd8b3b,,,,
26643,hover_association,2,2,int,26,3,8,9,57, go ,1254,263,,6983fa3a644fcca4e5fd8b3b,6983fa3a644fcca4e5fd8b3b,intermediate,3,6983fa3a644fcca4e5fd8b3b,6983fa3a644fcca4e5fd8b3b,spotlight_PROLIFIC,,36,Chile,Spanish,"Spanish, English",,Spanish:70|English:30,100,Spanish:70|English:30,100,Spanish:80|English:20,100,18,6,Bachelor's,10,10,10,6,8,9,7,17,14,16,TOEFL,80,,,,,23,25,C1,intermediate|advanced,intermediate|advanced,cambridge_22_25_intermediate_advanced,4,19,random,,238.26390075683594,1253.1771450042725,278.26390838623047,1278.1944723129272,4,15,hover,151.09999999962747,151.09999999962747,0.9922264952395627,0.6184023631282114,81,,,,,,2026-08-24T17:16:23.220Z,YVYMAZEH,2026-08-24,2026-08-24,13:16:23,2026-08-24 13:16:23,,,,,,,,6983fa3a644fcca4e5fd8b3b,6983fa3a644fcca4e5fd8b3b,,,,
26688,raw_position_sample,2,2,int,26,3,8,9,58," abroad,” ",1284,263,4436773.600000001,6983fa3a644fcca4e5fd8b3b,6983fa3a644fcca4e5fd8b3b,intermediate,3,6983fa3a644fcca4e5fd8b3b,6983fa3a644fcca4e5fd8b3b,spotlight_PROLIFIC,,36,Chile,Spanish,"Spanish, English",,Spanish:70|English:30,100,Spanish:70|English:30,100,Spanish:80|English:20,100,18,6,Bachelor's,10,10,10,6,8,9,7,17,14,16,TOEFL,80,,,,,23,25,C1,intermediate|advanced,intermediate|advanced,cambridge_22_25_intermediate_advanced,4,19,random,,248.26390075683594,1278.1944580078125,268.26390075683594,1345.1909866333008,4,16,,,,,,,,,,,,2026-08-24T17:16:23.220Z,YVYMAZEH,2026-08-24,2026-08-24,13:16:23,2026-08-24 13:16:23,,,,,,,,6983fa3a644fcca4e5fd8b3b,6983fa3a644fcca4e5fd8b3b,,,,
26738,raw_position_sample,2,2,int,26,3,8,9,58," abroad,” ",1288,263,4436823.600000001,6983fa3a644fcca4e5fd8b3b,6983fa3a644fcca4e5fd8b3b,intermediate,3,6983fa3a644fcca4e5fd8b3b,6983fa3a644fcca4e5fd8b3b,spotlight_PROLIFIC,,36,Chile,Spanish,"Spanish, English",,Spanish:70|English:30,100,Spanish:70|English:30,100,Spanish:80|English:20,100,18,6,Bachelor's,10,10,10,6,8,9,7,17,14,16,TOEFL,80,,,,,23,25,C1,intermediate|advanced,intermediate|advanced,cambridge_22_25_intermediate_advanced,4,19,random,,248.26390075683594,1278.1944580078125,268.26390075683594,1345.1909866333008,4,16,,,,,,,,,,,,2026-08-24T17:16:23.220Z,YVYMAZEH,2026-08-24,2026-08-24,13:16:23,2026-08-24 13:16:23,,,,,,,,6983fa3a644fcca4e5fd8b3b,6983fa3a644fcca4e5fd8b3b,,,,
26788,raw_position_sample,2,2,int,26,3,8,9,58," abroad,” ",1290,263,4436873.8,6983fa3a644fcca4e5fd8b3b,6983fa3a644fcca4e5fd8b3b,intermediate,3,6983fa3a644fcca4e5fd8b3b,6983fa3a644fcca4e5fd8b3b,spotlight_PROLIFIC,,36,Chile,Spanish,"Spanish, English",,Spanish:70|English:30,100,Spanish:70|English:30,100,Spanish:80|English:20,100,18,6,Bachelor's,10,10,10,6,8,9,7,17,14,16,TOEFL,80,,,,,23,25,C1,intermediate|advanced,intermediate|advanced,cambridge_22_25_intermediate_advanced,4,19,random,,248.26390075683594,1278.1944580078125,268.26390075683594,1345.1909866333008,4,16,,,,,,,,,,,,2026-08-24T17:16:23.220Z,YVYMAZEH,2026-08-24,2026-08-24,13:16:23,2026-08-24 13:16:23,,,,,,,,6983fa3a644fcca4e5fd8b3b,6983fa3a644fcca4e5fd8b3b,,,,
26838,raw_position_sample,2,2,int,26,3,8,9,58," abroad,” ",1291,263,4436923.7,6983fa3a644fcca4e5fd8b3b,6983fa3a644fcca4e5fd8b3b,intermediate,3,6983fa3a644fcca4e5fd8b3b,6983fa3a644fcca4e5fd8b3b,spotlight_PROLIFIC,,36,Chile,Spanish,"Spanish, English",,Spanish:70|English:30,100,Spanish:70|English:30,100,Spanish:80|English:20,100,18,6,Bachelor's,10,10,10,6,8,9,7,17,14,16,TOEFL,80,,,,,23,25,C1,intermediate|advanced,intermediate|advanced,cambridge_22_25_intermediate_advanced,4,19,random,,248.26390075683594,1278.1944580078125,268.26390075683594,1345.1909866333008,4,16,,,,,,,,,,,,2026-08-24T17:16:23.220Z,YVYMAZEH,2026-08-24,2026-08-24,13:16:23,2026-08-24 13:16:23,,,,,,,,6983fa3a644fcca4e5fd8b3b,6983fa3a644fcca4e5fd8b3b,,,,
26888,raw_position_sample,2,2,int,26,3,8,9,58," abroad,” ",1291,263,4436973.8,6983fa3a644fcca4e5fd8b3b,6983fa3a644fcca4e5fd8b3b,intermediate,3,6983fa3a644fcca4e5fd8b3b,6983fa3a644fcca4e5fd8b3b,spotlight_PROLIFIC,,36,Chile,Spanish,"Spanish, English",,Spanish:70|English:30,100,Spanish:70|English:30,100,Spanish:80|English:20,100,18,6,Bachelor's,10,10,10,6,8,9,7,17,14,16,TOEFL,80,,,,,23,25,C1,intermediate|advanced,intermediate|advanced,cambridge_22_25_intermediate_advanced,4,19,random,,248.26390075683594,1278.1944580078125,268.26390075683594,1345.1909866333008,4,16,,,,,,,,,,,,2026-08-24T17:16:23.220Z,YVYMAZEH,2026-08-24,2026-08-24,13:16:23,2026-08-24 13:16:23,,,,,,,,6983fa3a644fcca4e5fd8b3b,6983fa3a644fcca4e5fd8b3b,,,,
26938,raw_position_sample,2,2,int,26,3,8,9,58," abroad,” ",1291,263,4437023.600000001,6983fa3a644fcca4e5fd8b3b,6983fa3a644fcca4e5fd8b3b,intermediate,3,6983fa3a644fcca4e5fd8b3b,6983fa3a644fcca4e5fd8b3b,spotlight_PROLIFIC,,36,Chile,Spanish,"Spanish, English",,Spanish:70|English:30,100,Spanish:70|English:30,100,Spanish:80|English:20,100,18,6,Bachelor's,10,10,10,6,8,9,7,17,14,16,TOEFL,80,,,,,23,25,C1,intermediate|advanced,intermediate|advanced,cambridge_22_25_intermediate_advanced,4,19,random,,248.26390075683594,1278.1944580078125,268.26390075683594,1345.1909866333008,4,16,,,,,,,,,,,,2026-08-24T17:16:23.220Z,YVYMAZEH,2026-08-24,2026-08-24,13:16:23,2026-08-24 13:16:23,,,,,,,,6983fa3a644fcca4e5fd8b3b,6983fa3a644fcca4e5fd8b3b,,,,
26988,raw_position_sample,2,2,int,26,3,8,9,58," abroad,” ",1287,263,4437073.7,6983fa3a644fcca4e5fd8b3b,6983fa3a644fcca4e5fd8b3b,intermediate,3,6983fa3a644fcca4e5fd8b3b,6983fa3a644fcca4e5fd8b3b,spotlight_PROLIFIC,,36,Chile,Spanish,"Spanish, English",,Spanish:70|English:30,100,Spanish:70|English:30,100,Spanish:80|English:20,100,18,6,Bachelor's,10,10,10,6,8,9,7,17,14,16,TOEFL,80,,,,,23,25,C1,intermediate|advanced,intermediate|advanced,cambridge_22_25_intermediate_advanced,4,19,random,,248.26390075683594,1278.1944580078125,268.26390075683594,1345.1909866333008,4,16,,,,,,,,,,,,2026-08-24T17:16:23.220Z,YVYMAZEH,2026-08-24,2026-08-24,13:16:23,2026-08-24 13:16:23,,,,,,,,6983fa3a644fcca4e5fd8b3b,6983fa3a644fcca4e5fd8b3b,,,,
27025,hover_association,2,2,int,26,3,8,9,58," abroad,” ",1280,263,,6983fa3a644fcca4e5fd8b3b,6983fa3a644fcca4e5fd8b3b,intermediate,3,6983fa3a644fcca4e5fd8b3b,6983fa3a644fcca4e5fd8b3b,spotlight_PROLIFIC,,36,Chile,Spanish,"Spanish, English",,Spanish:70|English:30,100,Spanish:70|English:30,100,Spanish:80|English:20,100,18,6,Bachelor's,10,10,10,6,8,9,7,17,14,16,TOEFL,80,,,,,23,25,C1,intermediate|advanced,intermediate|advanced,cambridge_22_25_intermediate_advanced,4,19,random,,238.26390075683594,1278.1944723129272,278.26390838623047,1348.9409868717194,4,16,hover,382.30000000074506,382.30000000074506,0.025521083241101798,0.6184023631282114,81,,,,,,2026-08-24T17:16:23.220Z,YVYMAZEH,2026-08-24,2026-08-24,13:16:23,2026-08-24 13:16:23,,,,,,,,6983fa3a644fcca4e5fd8b3b,6983fa3a644fcca4e5fd8b3b,,,,
27041,raw_position_sample,2,2,int,26,3,8,9,57, go ,1273,262,4437126.399999999,6983fa3a644fcca4e5fd8b3b,6983fa3a644fcca4e5fd8b3b,intermediate,3,6983fa3a644fcca4e5fd8b3b,6983fa3a644fcca4e5fd8b3b,spotlight_PROLIFIC,,36,Chile,Spanish,"Spanish, English",,Spanish:70|English:30,100,Spanish:70|English:30,100,Spanish:80|English:20,100,18,6,Bachelor's,10,10,10,6,8,9,7,17,14,16,TOEFL,80,,,,,23,25,C1,intermediate|advanced,intermediate|advanced,cambridge_22_25_intermediate_advanced,4,19,random,,248.26390075683594,1253.1771240234375,268.26390075683594,1278.194486618042,4,15,,,,,,,,,,,,2026-08-24T17:16:23.220Z,YVYMAZEH,2026-08-24,2026-08-24,13:16:23,2026-08-24 13:16:23,,,,,,,,6983fa3a644fcca4e5fd8b3b,6983fa3a644fcca4e5fd8b3b,,,,
27089,raw_position_sample,2,2,int,26,3,8,9,57, go ,1254,258,4437174.399999999,6983fa3a644fcca4e5fd8b3b,6983fa3a644fcca4e5fd8b3b,intermediate,3,6983fa3a644fcca4e5fd8b3b,6983fa3a644fcca4e5fd8b3b,spotlight_PROLIFIC,,36,Chile,Spanish,"Spanish, English",,Spanish:70|English:30,100,Spanish:70|English:30,100,Spanish:80|English:20,100,18,6,Bachelor's,10,10,10,6,8,9,7,17,14,16,TOEFL,80,,,,,23,25,C1,intermediate|advanced,intermediate|advanced,cambridge_22_25_intermediate_advanced,4,19,random,,248.26390075683594,1253.1771240234375,268.26390075683594,1278.194486618042,4,15,,,,,,,,,,,,2026-08-24T17:16:23.220Z,YVYMAZEH,2026-08-24,2026-08-24,13:16:23,2026-08-24 13:16:23,,,,,,,,6983fa3a644fcca4e5fd8b3b,6983fa3a644fcca4e5fd8b3b,,,,
27093,hover_association,2,2,int,26,3,8,9,57, go ,1277,263,,6983fa3a644fcca4e5fd8b3b,6983fa3a644fcca4e5fd8b3b,intermediate,3,6983fa3a644fcca4e5fd8b3b,6983fa3a644fcca4e5fd8b3b,spotlight_PROLIFIC,,36,Chile,Spanish,"Spanish, English",,Spanish:70|English:30,100,Spanish:70|English:30,100,Spanish:80|English:20,100,18,6,Bachelor's,10,10,10,6,8,9,7,17,14,16,TOEFL,80,,,,,23,25,C1,intermediate|advanced,intermediate|advanced,cambridge_22_25_intermediate_advanced,4,19,random,,238.26390075683594,1253.1771450042725,278.26390838623047,1278.1944723129272,4,15,hover,68.09999999962747,68.09999999962747,0.03289140304939253,0.4934023869700647,81,,,,,,2026-08-24T17:16:23.220Z,YVYMAZEH,2026-08-24,2026-08-24,13:16:23,2026-08-24 13:16:23,,,,,,,,6983fa3a644fcca4e5fd8b3b,6983fa3a644fcca4e5fd8b3b,,,,
27138,raw_position_sample,2,2,int,26,3,8,9,56, you ,1241,258,4437223.7,6983fa3a644fcca4e5fd8b3b,6983fa3a644fcca4e5fd8b3b,intermediate,3,6983fa3a644fcca4e5fd8b3b,6983fa3a644fcca4e5fd8b3b,spotlight_PROLIFIC,,36,Chile,Spanish,"Spanish, English",,Spanish:70|English:30,100,Spanish:70|English:30,100,Spanish:80|English:20,100,18,6,Bachelor's,10,10,10,6,8,9,7,17,14,16,TOEFL,80,,,,,23,25,C1,intermediate|advanced,intermediate|advanced,cambridge_22_25_intermediate_advanced,4,19,random,,248.26390075683594,1219.166748046875,268.26390075683594,1253.1771659851074,4,14,,,,,,,,,,,,2026-08-24T17:16:23.220Z,YVYMAZEH,2026-08-24,2026-08-24,13:16:23,2026-08-24 13:16:23,,,,,,,,6983fa3a644fcca4e5fd8b3b,6983fa3a644fcca4e5fd8b3b,,,,
27188,raw_position_sample,2,2,int,26,3,8,9,56, you ,1237,258,4437273.7,6983fa3a644fcca4e5fd8b3b,6983fa3a644fcca4e5fd8b3b,intermediate,3,6983fa3a644fcca4e5fd8b3b,6983fa3a644fcca4e5fd8b3b,spotlight_PROLIFIC,,36,Chile,Spanish,"Spanish, English",,Spanish:70|English:30,100,Spanish:70|English:30,100,Spanish:80|English:20,100,18,6,Bachelor's,10,10,10,6,8,9,7,17,14,16,TOEFL,80,,,,,23,25,C1,intermediate|advanced,intermediate|advanced,cambridge_22_25_intermediate_advanced,4,19,random,,248.26390075683594,1219.166748046875,268.26390075683594,1253.1771659851074,4,14,,,,,,,,,,,,2026-08-24T17:16:23.220Z,YVYMAZEH,2026-08-24,2026-08-24,13:16:23,2026-08-24 13:16:23,,,,,,,,6983fa3a644fcca4e5fd8b3b,6983fa3a644fcca4e5fd8b3b,,,,
27241,raw_position_sample,2,2,int,26,3,8,9,56, you ,1238,258,4437326.100000001,6983fa3a644fcca4e5fd8b3b,6983fa3a644fcca4e5fd8b3b,intermediate,3,6983fa3a644fcca4e5fd8b3b,6983fa3a644fcca4e5fd8b3b,spotlight_PROLIFIC,,36,Chile,Spanish,"Spanish, English",,Spanish:70|English:30,100,Spanish:70|English:30,100,Spanish:80|English:20,100,18,6,Bachelor's,10,10,10,6,8,9,7,17,14,16,TOEFL,80,,,,,23,25,C1,intermediate|advanced,intermediate|advanced,cambridge_22_25_intermediate_advanced,4,19,random,,248.26390075683594,1219.166748046875,268.26390075683594,1253.1771659851074,4,14,,,,,,,,,,,,2026-08-24T17:16:23.220Z,YVYMAZEH,2026-08-24,2026-08-24,13:16:23,2026-08-24 13:16:23,,,,,,,,6983fa3a644fcca4e5fd8b3b,6983fa3a644fcca4e5fd8b3b,,,,
27288,raw_position_sample,2,2,int,26,3,8,9,56, you ,1243,258,4437373.7,6983fa3a644fcca4e5fd8b3b,6983fa3a644fcca4e5fd8b3b,intermediate,3,6983fa3a644fcca4e5fd8b3b,6983fa3a644fcca4e5fd8b3b,spotlight_PROLIFIC,,36,Chile,Spanish,"Spanish, English",,Spanish:70|English:30,100,Spanish:70|English:30,100,Spanish:80|English:20,100,18,6,Bachelor's,10,10,10,6,8,9,7,17,14,16,TOEFL,80,,,,,23,25,C1,intermediate|advanced,intermediate|advanced,cambridge_22_25_intermediate_advanced,4,19,random,,248.26390075683594,1219.166748046875,268.26390075683594,1253.1771659851074,4,14,,,,,,,,,,,,2026-08-24T17:16:23.220Z,YVYMAZEH,2026-08-24,2026-08-24,13:16:23,2026-08-24 13:16:23,,,,,,,,6983fa3a644fcca4e5fd8b3b,6983fa3a644fcca4e5fd8b3b,,,,
27338,raw_position_sample,2,2,int,26,3,8,9,56, you ,1248,260,4437423.600000001,6983fa3a644fcca4e5fd8b3b,6983fa3a644fcca4e5fd8b3b,intermediate,3,6983fa3a644fcca4e5fd8b3b,6983fa3a644fcca4e5fd8b3b,spotlight_PROLIFIC,,36,Chile,Spanish,"Spanish, English",,Spanish:70|English:30,100,Spanish:70|English:30,100,Spanish:80|English:20,100,18,6,Bachelor's,10,10,10,6,8,9,7,17,14,16,TOEFL,80,,,,,23,25,C1,intermediate|advanced,intermediate|advanced,cambridge_22_25_intermediate_advanced,4,19,random,,248.26390075683594,1219.166748046875,268.26390075683594,1253.1771659851074,4,14,,,,,,,,,,,,2026-08-24T17:16:23.220Z,YVYMAZEH,2026-08-24,2026-08-24,13:16:23,2026-08-24 13:16:23,,,,,,,,6983fa3a644fcca4e5fd8b3b,6983fa3a644fcca4e5fd8b3b,,,,
27388,hover_association,2,2,int,26,3,8,9,56, you ,1252,258,,6983fa3a644fcca4e5fd8b3b,6983fa3a644fcca4e5fd8b3b,intermediate,3,6983fa3a644fcca4e5fd8b3b,6983fa3a644fcca4e5fd8b3b,spotlight_PROLIFIC,,36,Chile,Spanish,"Spanish, English",,Spanish:70|English:30,100,Spanish:70|English:30,100,Spanish:80|English:20,100,18,6,Bachelor's,10,10,10,6,8,9,7,17,14,16,TOEFL,80,,,,,23,25,C1,intermediate|advanced,intermediate|advanced,cambridge_22_25_intermediate_advanced,4,19,random,,238.26390075683594,1219.1667156219482,278.26390838623047,1253.1771450042725,4,14,hover,295,295,0.9947914505200418,0.5434023774333234,81,,,,,,2026-08-24T17:16:23.220Z,YVYMAZEH,2026-08-24,2026-08-24,13:16:23,2026-08-24 13:16:23,,,,,,,,6983fa3a644fcca4e5fd8b3b,6983fa3a644fcca4e5fd8b3b,,,,
27391,raw_position_sample,2,2,int,26,3,8,9,57, go ,1254,260,4437476.7,6983fa3a644fcca4e5fd8b3b,6983fa3a644fcca4e5fd8b3b,intermediate,3,6983fa3a644fcca4e5fd8b3b,6983fa3a644fcca4e5fd8b3b,spotlight_PROLIFIC,,36,Chile,Spanish,"Spanish, English",,Spanish:70|English:30,100,Spanish:70|English:30,100,Spanish:80|English:20,100,18,6,Bachelor's,10,10,10,6,8,9,7,17,14,16,TOEFL,80,,,,,23,25,C1,intermediate|advanced,intermediate|advanced,cambridge_22_25_intermediate_advanced,4,19,random,,248.26390075683594,1253.1771240234375,268.26390075683594,1278.194486618042,4,15,,,,,,,,,,,,2026-08-24T17:16:23.220Z,YVYMAZEH,2026-08-24,2026-08-24,13:16:23,2026-08-24 13:16:23,,,,,,,,6983fa3a644fcca4e5fd8b3b,6983fa3a644fcca4e5fd8b3b,,,,
27438,raw_position_sample,2,2,int,26,3,8,9,57, go ,1256,260,4437523.600000001,6983fa3a644fcca4e5fd8b3b,6983fa3a644fcca4e5fd8b3b,intermediate,3,6983fa3a644fcca4e5fd8b3b,6983fa3a644fcca4e5fd8b3b,spotlight_PROLIFIC,,36,Chile,Spanish,"Spanish, English",,Spanish:70|English:30,100,Spanish:70|English:30,100,Spanish:80|English:20,100,18,6,Bachelor's,10,10,10,6,8,9,7,17,14,16,TOEFL,80,,,,,23,25,C1,intermediate|advanced,intermediate|advanced,cambridge_22_25_intermediate_advanced,4,19,random,,248.26390075683594,1253.1771240234375,268.26390075683594,1278.194486618042,4,15,,,,,,,,,,,,2026-08-24T17:16:23.220Z,YVYMAZEH,2026-08-24,2026-08-24,13:16:23,2026-08-24 13:16:23,,,,,,,,6983fa3a644fcca4e5fd8b3b,6983fa3a644fcca4e5fd8b3b,,,,
27485,hover_association,2,2,int,26,3,8,9,57, go ,1254,260,,6983fa3a644fcca4e5fd8b3b,6983fa3a644fcca4e5fd8b3b,intermediate,3,6983fa3a644fcca4e5fd8b3b,6983fa3a644fcca4e5fd8b3b,spotlight_PROLIFIC,,36,Chile,Spanish,"Spanish, English",,Spanish:70|English:30,100,Spanish:70|English:30,100,Spanish:80|English:20,100,18,6,Bachelor's,10,10,10,6,8,9,7,17,14,16,TOEFL,80,,,,,23,25,C1,intermediate|advanced,intermediate|advanced,cambridge_22_25_intermediate_advanced,4,19,random,,238.26390075683594,1253.1771450042725,278.26390838623047,1278.1944723129272,4,15,hover,97,97,0.0728636985573163,0.5684023726649527,81,,,,,,2026-08-24T17:16:23.220Z,YVYMAZEH,2026-08-24,2026-08-24,13:16:23,2026-08-24 13:16:23,,,,,,,,6983fa3a644fcca4e5fd8b3b,6983fa3a644fcca4e5fd8b3b,,,,
27488,raw_position_sample,2,2,int,26,3,8,9,56, you ,1253,261,4437573.600000001,6983fa3a644fcca4e5fd8b3b,6983fa3a644fcca4e5fd8b3b,intermediate,3,6983fa3a644fcca4e5fd8b3b,6983fa3a644fcca4e5fd8b3b,spotlight_PROLIFIC,,36,Chile,Spanish,"Spanish, English",,Spanish:70|English:30,100,Spanish:70|English:30,100,Spanish:80|English:20,100,18,6,Bachelor's,10,10,10,6,8,9,7,17,14,16,TOEFL,80,,,,,23,25,C1,intermediate|advanced,intermediate|advanced,cambridge_22_25_intermediate_advanced,4,19,random,,248.26390075683594,1219.166748046875,268.26390075683594,1253.1771659851074,4,14,,,,,,,,,,,,2026-08-24T17:16:23.220Z,YVYMAZEH,2026-08-24,2026-08-24,13:16:23,2026-08-24 13:16:23,,,,,,,,6983fa3a644fcca4e5fd8b3b,6983fa3a644fcca4e5fd8b3b,,,,
27518,hover_association,2,2,int,26,3,8,9,56, you ,1253,261,,6983fa3a644fcca4e5fd8b3b,6983fa3a644fcca4e5fd8b3b,intermediate,3,6983fa3a644fcca4e5fd8b3b,6983fa3a644fcca4e5fd8b3b,spotlight_PROLIFIC,,36,Chile,Spanish,"Spanish, English",,Spanish:70|English:30,100,Spanish:70|English:30,100,Spanish:80|English:20,100,18,6,Bachelor's,10,10,10,6,8,9,7,17,14,16,TOEFL,80,,,,,23,25,C1,intermediate|advanced,intermediate|advanced,cambridge_22_25_intermediate_advanced,4,19,random,,238.26390075683594,1219.1667156219482,278.26390838623047,1253.1771450042725,4,14,hover,32.90000000037253,32.90000000037253,0.14211183057170385,0.5684023726649527,81,,,,,,2026-08-24T17:16:23.220Z,YVYMAZEH,2026-08-24,2026-08-24,13:16:23,2026-08-24 13:16:23,,,,,,,,6983fa3a644fcca4e5fd8b3b,6983fa3a644fcca4e5fd8b3b,,,,
27528,hover_association,2,2,int,26,3,8,9,55, until ,1198,261,,6983fa3a644fcca4e5fd8b3b,6983fa3a644fcca4e5fd8b3b,intermediate,3,6983fa3a644fcca4e5fd8b3b,6983fa3a644fcca4e5fd8b3b,spotlight_PROLIFIC,,36,Chile,Spanish,"Spanish, English",,Spanish:70|English:30,100,Spanish:70|English:30,100,Spanish:80|English:20,100,18,6,Bachelor's,10,10,10,6,8,9,7,17,14,16,TOEFL,80,,,,,23,25,C1,intermediate|advanced,intermediate|advanced,cambridge_22_25_intermediate_advanced,4,19,random,,238.26390075683594,1181.1632223129272,278.26390838623047,1219.1667156219482,4,13,hover,9.5,9.5,0.4430323694236856,0.5684023726649527,81,,,,,,2026-08-24T17:16:23.220Z,YVYMAZEH,2026-08-24,2026-08-24,13:16:23,2026-08-24 13:16:23,,,,,,,,6983fa3a644fcca4e5fd8b3b,6983fa3a644fcca4e5fd8b3b,,,,
27538,raw_position_sample,2,2,int,26,3,8,9,53, Vienna ,1107,261,4437623.600000001,6983fa3a644fcca4e5fd8b3b,6983fa3a644fcca4e5fd8b3b,intermediate,3,6983fa3a644fcca4e5fd8b3b,6983fa3a644fcca4e5fd8b3b,spotlight_PROLIFIC,,36,Chile,Spanish,"Spanish, English",,Spanish:70|English:30,100,Spanish:70|English:30,100,Spanish:80|English:20,100,18,6,Bachelor's,10,10,10,6,8,9,7,17,14,16,TOEFL,80,,,,,23,25,C1,intermediate|advanced,intermediate|advanced,cambridge_22_25_intermediate_advanced,4,19,random,,248.26390075683594,1102.5,268.26390075683594,1163.1770858764648,4,11,,,,,,,,,,,,2026-08-24T17:16:23.220Z,YVYMAZEH,2026-08-24,2026-08-24,13:16:23,2026-08-24 13:16:23,,,,,,,,6983fa3a644fcca4e5fd8b3b,6983fa3a644fcca4e5fd8b3b,,,,
27541,hover_association,2,2,int,26,3,8,9,53, Vienna ,1160,261,,6983fa3a644fcca4e5fd8b3b,6983fa3a644fcca4e5fd8b3b,intermediate,3,6983fa3a644fcca4e5fd8b3b,6983fa3a644fcca4e5fd8b3b,spotlight_PROLIFIC,,36,Chile,Spanish,"Spanish, English",,Spanish:70|English:30,100,Spanish:70|English:30,100,Spanish:80|English:20,100,18,6,Bachelor's,10,10,10,6,8,9,7,17,14,16,TOEFL,80,,,,,23,25,C1,intermediate|advanced,intermediate|advanced,cambridge_22_25_intermediate_advanced,4,19,random,,238.26390075683594,1102.500020980835,278.26390838623047,1163.1771049499512,4,11,hover,12.5,12.5,0.07416274357310028,0.5684023726649527,81,,,,,,2026-08-24T17:16:23.220Z,YVYMAZEH,2026-08-24,2026-08-24,13:16:23,2026-08-24 13:16:23,,,,,,,,6983fa3a644fcca4e5fd8b3b,6983fa3a644fcca4e5fd8b3b,,,,
27552,hover_association,2,2,int,26,3,8,9,51, how ,1060,261,,6983fa3a644fcca4e5fd8b3b,6983fa3a644fcca4e5fd8b3b,intermediate,3,6983fa3a644fcca4e5fd8b3b,6983fa3a644fcca4e5fd8b3b,spotlight_PROLIFIC,,36,Chile,Spanish,"Spanish, English",,Spanish:70|English:30,100,Spanish:70|English:30,100,Spanish:80|English:20,100,18,6,Bachelor's,10,10,10,6,8,9,7,17,14,16,TOEFL,80,,,,,23,25,C1,intermediate|advanced,intermediate|advanced,cambridge_22_25_intermediate_advanced,4,19,random,,238.26390075683594,1025.4861907958984,278.26390838623047,1063.489652633667,4,9,hover,12.300000000745058,12.300000000745058,0.03983345545107973,0.6184023631282114,81,,,,,,2026-08-24T17:16:23.220Z,YVYMAZEH,2026-08-24,2026-08-24,13:16:23,2026-08-24 13:16:23,,,,,,,,6983fa3a644fcca4e5fd8b3b,6983fa3a644fcca4e5fd8b3b,,,,
27566,hover_association,2,2,int,26,3,8,9,50, realize ,1003,265,,6983fa3a644fcca4e5fd8b3b,6983fa3a644fcca4e5fd8b3b,intermediate,3,6983fa3a644fcca4e5fd8b3b,6983fa3a644fcca4e5fd8b3b,spotlight_PROLIFIC,,36,Chile,Spanish,"Spanish, English",,Spanish:70|English:30,100,Spanish:70|English:30,100,Spanish:80|English:20,100,18,6,Bachelor's,10,10,10,6,8,9,7,17,14,16,TOEFL,80,,,,,23,25,C1,intermediate|advanced,intermediate|advanced,cambridge_22_25_intermediate_advanced,4,19,random,,238.26390075683594,967.5000514984131,278.26390838623047,1025.4861907958984,4,8,hover,13.599999999627471,13.599999999627471,0.2500588705724667,0.7934023297496167,81,,,,,,2026-08-24T17:16:23.220Z,YVYMAZEH,2026-08-24,2026-08-24,13:16:23,2026-08-24 13:16:23,,,,,,,,6983fa3a644fcca4e5fd8b3b,6983fa3a644fcca4e5fd8b3b,,,,
27588,raw_position_sample,2,2,int,26,3,8,9,49, don’t ,926,278,4437673.600000001,6983fa3a644fcca4e5fd8b3b,6983fa3a644fcca4e5fd8b3b,intermediate,3,6983fa3a644fcca4e5fd8b3b,6983fa3a644fcca4e5fd8b3b,spotlight_PROLIFIC,,36,Chile,Spanish,"Spanish, English",,Spanish:70|English:30,100,Spanish:70|English:30,100,Spanish:80|English:20,100,18,6,Bachelor's,10,10,10,6,8,9,7,17,14,16,TOEFL,80,,,,,23,25,C1,intermediate|advanced,intermediate|advanced,cambridge_22_25_intermediate_advanced,4,19,random,,248.26390075683594,923.4896240234375,268.26390075683594,967.5000419616699,4,7,,,,,,,,,,,,2026-08-24T17:16:23.220Z,YVYMAZEH,2026-08-24,2026-08-24,13:16:23,2026-08-24 13:16:23,,,,,,,,6983fa3a644fcca4e5fd8b3b,6983fa3a644fcca4e5fd8b3b,,,,
27589,hover_association,2,2,int,26,3,8,9,49, don’t ,965,272,,6983fa3a644fcca4e5fd8b3b,6983fa3a644fcca4e5fd8b3b,intermediate,3,6983fa3a644fcca4e5fd8b3b,6983fa3a644fcca4e5fd8b3b,spotlight_PROLIFIC,,36,Chile,Spanish,"Spanish, English",,Spanish:70|English:30,100,Spanish:70|English:30,100,Spanish:80|English:20,100,18,6,Bachelor's,10,10,10,6,8,9,7,17,14,16,TOEFL,80,,,,,23,25,C1,intermediate|advanced,intermediate|advanced,cambridge_22_25_intermediate_advanced,4,19,random,,238.26390075683594,923.4896144866943,278.26390838623047,967.5000514984131,4,7,hover,23.299999998882413,23.299999998882413,0.057040685886332335,0.9934022916026513,81,,,,,,2026-08-24T17:16:23.220Z,YVYMAZEH,2026-08-24,2026-08-24,13:16:23,2026-08-24 13:16:23,,,,,,,,6983fa3a644fcca4e5fd8b3b,6983fa3a644fcca4e5fd8b3b,,,,
27594,hover_association,2,2,int,26,3,8,9,63, have ,908,282,,6983fa3a644fcca4e5fd8b3b,6983fa3a644fcca4e5fd8b3b,intermediate,3,6983fa3a644fcca4e5fd8b3b,6983fa3a644fcca4e5fd8b3b,spotlight_PROLIFIC,,36,Chile,Spanish,"Spanish, English",,Spanish:70|English:30,100,Spanish:70|English:30,100,Spanish:80|English:20,100,18,6,Bachelor's,10,10,10,6,8,9,7,17,14,16,TOEFL,80,,,,,23,25,C1,intermediate|advanced,intermediate|advanced,cambridge_22_25_intermediate_advanced,4,19,random,,278.26390838623047,903.7673931121826,318.263916015625,947.7778224945068,5,5,hover,4.5,4.5,0.0961728151081687,0.0934022725291686,81,,,,,,2026-08-24T17:16:23.220Z,YVYMAZEH,2026-08-24,2026-08-24,13:16:23,2026-08-24 13:16:23,,,,,,,,6983fa3a644fcca4e5fd8b3b,6983fa3a644fcca4e5fd8b3b,,,,
27614,hover_association,2,2,int,26,3,8,9,62, also ,895,283,,6983fa3a644fcca4e5fd8b3b,6983fa3a644fcca4e5fd8b3b,intermediate,3,6983fa3a644fcca4e5fd8b3b,6983fa3a644fcca4e5fd8b3b,spotlight_PROLIFIC,,36,Chile,Spanish,"Spanish, English",,Spanish:70|English:30,100,Spanish:70|English:30,100,Spanish:80|English:20,100,18,6,Bachelor's,10,10,10,6,8,9,7,17,14,16,TOEFL,80,,,,,23,25,C1,intermediate|advanced,intermediate|advanced,cambridge_22_25_intermediate_advanced,4,19,random,,278.26390838623047,865.763916015625,318.263916015625,903.7673931121826,5,4,hover,20.40000000037253,20.40000000037253,0.05883893146655115,0.1934022534556859,81,,,,,,2026-08-24T17:16:23.220Z,YVYMAZEH,2026-08-24,2026-08-24,13:16:23,2026-08-24 13:16:23,,,,,,,,6983fa3a644fcca4e5fd8b3b,6983fa3a644fcca4e5fd8b3b,,,,
27640,raw_position_sample,2,2,int,26,3,8,9,61, “We ,832,287,4437725.7,6983fa3a644fcca4e5fd8b3b,6983fa3a644fcca4e5fd8b3b,intermediate,3,6983fa3a644fcca4e5fd8b3b,6983fa3a644fcca4e5fd8b3b,spotlight_PROLIFIC,,36,Chile,Spanish,"Spanish, English",,Spanish:70|English:30,100,Spanish:70|English:30,100,Spanish:80|English:20,100,18,6,Bachelor's,10,10,10,6,8,9,7,17,14,16,TOEFL,80,,,,,23,25,C1,intermediate|advanced,intermediate|advanced,cambridge_22_25_intermediate_advanced,4,19,random,,288.263916015625,828.107666015625,308.263916015625,865.763916015625,5,3,,,,,,,,,,,,2026-08-24T17:16:23.220Z,YVYMAZEH,2026-08-24,2026-08-24,13:16:23,2026-08-24 13:16:23,,,,,,,,6983fa3a644fcca4e5fd8b3b,6983fa3a644fcca4e5fd8b3b,,,,
27643,hover_association,2,2,int,26,3,8,9,61, “We ,856,287,,6983fa3a644fcca4e5fd8b3b,6983fa3a644fcca4e5fd8b3b,intermediate,3,6983fa3a644fcca4e5fd8b3b,6983fa3a644fcca4e5fd8b3b,spotlight_PROLIFIC,,36,Chile,Spanish,"Spanish, English",,Spanish:70|English:30,100,Spanish:70|English:30,100,Spanish:80|English:20,100,18,6,Bachelor's,10,10,10,6,8,9,7,17,14,16,TOEFL,80,,,,,23,25,C1,intermediate|advanced,intermediate|advanced,cambridge_22_25_intermediate_advanced,4,19,random,,278.26390838623047,828.1076812744141,318.263916015625,865.763916015625,5,3,hover,28.700000001117587,28.700000001117587,0.10336452256407326,0.21840224868731523,81,,,,,,2026-08-24T17:16:23.220Z,YVYMAZEH,2026-08-24,2026-08-24,13:16:23,2026-08-24 13:16:23,,,,,,,,6983fa3a644fcca4e5fd8b3b,6983fa3a644fcca4e5fd8b3b,,,,
27688,raw_position_sample,2,2,int,26,3,8,9,60, Hartlauer. ,794,287,4437773.899999999,6983fa3a644fcca4e5fd8b3b,6983fa3a644fcca4e5fd8b3b,intermediate,3,6983fa3a644fcca4e5fd8b3b,6983fa3a644fcca4e5fd8b3b,spotlight_PROLIFIC,,36,Chile,Spanish,"Spanish, English",,Spanish:70|English:30,100,Spanish:70|English:30,100,Spanish:80|English:20,100,18,6,Bachelor's,10,10,10,6,8,9,7,17,14,16,TOEFL,80,,,,,23,25,C1,intermediate|advanced,intermediate|advanced,cambridge_22_25_intermediate_advanced,4,19,random,,288.263916015625,745.12158203125,308.263916015625,828.1076965332031,5,2,,,,,,,,,,,,2026-08-24T17:16:23.220Z,YVYMAZEH,2026-08-24,2026-08-24,13:16:23,2026-08-24 13:16:23,,,,,,,,6983fa3a644fcca4e5fd8b3b,6983fa3a644fcca4e5fd8b3b,,,,
27738,raw_position_sample,2,2,int,26,3,8,9,60, Hartlauer. ,775,287,4437823.600000001,6983fa3a644fcca4e5fd8b3b,6983fa3a644fcca4e5fd8b3b,intermediate,3,6983fa3a644fcca4e5fd8b3b,6983fa3a644fcca4e5fd8b3b,spotlight_PROLIFIC,,36,Chile,Spanish,"Spanish, English",,Spanish:70|English:30,100,Spanish:70|English:30,100,Spanish:80|English:20,100,18,6,Bachelor's,10,10,10,6,8,9,7,17,14,16,TOEFL,80,,,,,23,25,C1,intermediate|advanced,intermediate|advanced,cambridge_22_25_intermediate_advanced,4,19,random,,288.263916015625,745.12158203125,308.263916015625,828.1076965332031,5,2,,,,,,,,,,,,2026-08-24T17:16:23.220Z,YVYMAZEH,2026-08-24,2026-08-24,13:16:23,2026-08-24 13:16:23,,,,,,,,6983fa3a644fcca4e5fd8b3b,6983fa3a644fcca4e5fd8b3b,,,,
27788,raw_position_sample,2,2,int,26,3,8,9,60, Hartlauer. ,775,287,4437873.899999999,6983fa3a644fcca4e5fd8b3b,6983fa3a644fcca4e5fd8b3b,intermediate,3,6983fa3a644fcca4e5fd8b3b,6983fa3a644fcca4e5fd8b3b,spotlight_PROLIFIC,,36,Chile,Spanish,"Spanish, English",,Spanish:70|English:30,100,Spanish:70|English:30,100,Spanish:80|English:20,100,18,6,Bachelor's,10,10,10,6,8,9,7,17,14,16,TOEFL,80,,,,,23,25,C1,intermediate|advanced,intermediate|advanced,cambridge_22_25_intermediate_advanced,4,19,random,,288.263916015625,745.12158203125,308.263916015625,828.1076965332031,5,2,,,,,,,,,,,,2026-08-24T17:16:23.220Z,YVYMAZEH,2026-08-24,2026-08-24,13:16:23,2026-08-24 13:16:23,,,,,,,,6983fa3a644fcca4e5fd8b3b,6983fa3a644fcca4e5fd8b3b,,,,
27839,raw_position_sample,2,2,int,26,3,8,9,60, Hartlauer. ,775,287,4437924.000000001,6983fa3a644fcca4e5fd8b3b,6983fa3a644fcca4e5fd8b3b,intermediate,3,6983fa3a644fcca4e5fd8b3b,6983fa3a644fcca4e5fd8b3b,spotlight_PROLIFIC,,36,Chile,Spanish,"Spanish, English",,Spanish:70|English:30,100,Spanish:70|English:30,100,Spanish:80|English:20,100,18,6,Bachelor's,10,10,10,6,8,9,7,17,14,16,TOEFL,80,,,,,23,25,C1,intermediate|advanced,intermediate|advanced,cambridge_22_25_intermediate_advanced,4,19,random,,288.263916015625,745.12158203125,308.263916015625,828.1076965332031,5,2,,,,,,,,,,,,2026-08-24T17:16:23.220Z,YVYMAZEH,2026-08-24,2026-08-24,13:16:23,2026-08-24 13:16:23,,,,,,,,6983fa3a644fcca4e5fd8b3b,6983fa3a644fcca4e5fd8b3b,,,,
27889,raw_position_sample,2,2,int,26,3,8,9,60, Hartlauer. ,775,287,4437974.3,6983fa3a644fcca4e5fd8b3b,6983fa3a644fcca4e5fd8b3b,intermediate,3,6983fa3a644fcca4e5fd8b3b,6983fa3a644fcca4e5fd8b3b,spotlight_PROLIFIC,,36,Chile,Spanish,"Spanish, English",,Spanish:70|English:30,100,Spanish:70|English:30,100,Spanish:80|English:20,100,18,6,Bachelor's,10,10,10,6,8,9,7,17,14,16,TOEFL,80,,,,,23,25,C1,intermediate|advanced,intermediate|advanced,cambridge_22_25_intermediate_advanced,4,19,random,,288.263916015625,745.12158203125,308.263916015625,828.1076965332031,5,2,,,,,,,,,,,,2026-08-24T17:16:23.220Z,YVYMAZEH,2026-08-24,2026-08-24,13:16:23,2026-08-24 13:16:23,,,,,,,,6983fa3a644fcca4e5fd8b3b,6983fa3a644fcca4e5fd8b3b,,,,
27938,raw_position_sample,2,2,int,26,3,8,9,60, Hartlauer. ,775,287,4438023.8,6983fa3a644fcca4e5fd8b3b,6983fa3a644fcca4e5fd8b3b,intermediate,3,6983fa3a644fcca4e5fd8b3b,6983fa3a644fcca4e5fd8b3b,spotlight_PROLIFIC,,36,Chile,Spanish,"Spanish, English",,Spanish:70|English:30,100,Spanish:70|English:30,100,Spanish:80|English:20,100,18,6,Bachelor's,10,10,10,6,8,9,7,17,14,16,TOEFL,80,,,,,23,25,C1,intermediate|advanced,intermediate|advanced,cambridge_22_25_intermediate_advanced,4,19,random,,288.263916015625,745.12158203125,308.263916015625,828.1076965332031,5,2,,,,,,,,,,,,2026-08-24T17:16:23.220Z,YVYMAZEH,2026-08-24,2026-08-24,13:16:23,2026-08-24 13:16:23,,,,,,,,6983fa3a644fcca4e5fd8b3b,6983fa3a644fcca4e5fd8b3b,,,,
27988,raw_position_sample,2,2,int,26,3,8,9,60, Hartlauer. ,771,291,4438073.7,6983fa3a644fcca4e5fd8b3b,6983fa3a644fcca4e5fd8b3b,intermediate,3,6983fa3a644fcca4e5fd8b3b,6983fa3a644fcca4e5fd8b3b,spotlight_PROLIFIC,,36,Chile,Spanish,"Spanish, English",,Spanish:70|English:30,100,Spanish:70|English:30,100,Spanish:80|English:20,100,18,6,Bachelor's,10,10,10,6,8,9,7,17,14,16,TOEFL,80,,,,,23,25,C1,intermediate|advanced,intermediate|advanced,cambridge_22_25_intermediate_advanced,4,19,random,,288.263916015625,745.12158203125,308.263916015625,828.1076965332031,5,2,,,,,,,,,,,,2026-08-24T17:16:23.220Z,YVYMAZEH,2026-08-24,2026-08-24,13:16:23,2026-08-24 13:16:23,,,,,,,,6983fa3a644fcca4e5fd8b3b,6983fa3a644fcca4e5fd8b3b,,,,
28013,hover_association,2,2,int,26,3,8,9,60, Hartlauer. ,826,287,,6983fa3a644fcca4e5fd8b3b,6983fa3a644fcca4e5fd8b3b,intermediate,3,6983fa3a644fcca4e5fd8b3b,6983fa3a644fcca4e5fd8b3b,spotlight_PROLIFIC,,36,Chile,Spanish,"Spanish, English",,Spanish:70|English:30,100,Spanish:70|English:30,100,Spanish:80|English:20,100,18,6,Bachelor's,10,10,10,6,8,9,7,17,14,16,TOEFL,80,,,,,23,25,C1,intermediate|advanced,intermediate|advanced,cambridge_22_25_intermediate_advanced,4,19,random,,278.26390838623047,745.1215801239014,318.263916015625,828.1076812744141,5,2,hover,370,370,0.03468556585009356,0.5684021819301258,81,,,,,,2026-08-24T17:16:23.220Z,YVYMAZEH,2026-08-24,2026-08-24,13:16:23,2026-08-24 13:16:23,,,,,,,,6983fa3a644fcca4e5fd8b3b,6983fa3a644fcca4e5fd8b3b,,,,
28038,raw_position_sample,2,2,int,26,3,8,9,59, said ,731,307,4438123.600000001,6983fa3a644fcca4e5fd8b3b,6983fa3a644fcca4e5fd8b3b,intermediate,3,6983fa3a644fcca4e5fd8b3b,6983fa3a644fcca4e5fd8b3b,spotlight_PROLIFIC,,36,Chile,Spanish,"Spanish, English",,Spanish:70|English:30,100,Spanish:70|English:30,100,Spanish:80|English:20,100,18,6,Bachelor's,10,10,10,6,8,9,7,17,14,16,TOEFL,80,,,,,23,25,C1,intermediate|advanced,intermediate|advanced,cambridge_22_25_intermediate_advanced,4,19,random,,288.263916015625,707.1181030273438,308.263916015625,745.1215782165527,5,1,,,,,,,,,,,,2026-08-24T17:16:23.220Z,YVYMAZEH,2026-08-24,2026-08-24,13:16:23,2026-08-24 13:16:23,,,,,,,,6983fa3a644fcca4e5fd8b3b,6983fa3a644fcca4e5fd8b3b,,,,
28089,raw_position_sample,2,2,int,26,3,8,9,59, said ,708,313,4438175.000000001,6983fa3a644fcca4e5fd8b3b,6983fa3a644fcca4e5fd8b3b,intermediate,3,6983fa3a644fcca4e5fd8b3b,6983fa3a644fcca4e5fd8b3b,spotlight_PROLIFIC,,36,Chile,Spanish,"Spanish, English",,Spanish:70|English:30,100,Spanish:70|English:30,100,Spanish:80|English:20,100,18,6,Bachelor's,10,10,10,6,8,9,7,17,14,16,TOEFL,80,,,,,23,25,C1,intermediate|advanced,intermediate|advanced,cambridge_22_25_intermediate_advanced,4,19,random,,288.263916015625,707.1181030273438,308.263916015625,745.1215782165527,5,1,,,,,,,,,,,,2026-08-24T17:16:23.220Z,YVYMAZEH,2026-08-24,2026-08-24,13:16:23,2026-08-24 13:16:23,,,,,,,,6983fa3a644fcca4e5fd8b3b,6983fa3a644fcca4e5fd8b3b,,,,
28116,hover_association,2,2,int,26,3,8,9,59, said ,743,303,,6983fa3a644fcca4e5fd8b3b,6983fa3a644fcca4e5fd8b3b,intermediate,3,6983fa3a644fcca4e5fd8b3b,6983fa3a644fcca4e5fd8b3b,spotlight_PROLIFIC,,36,Chile,Spanish,"Spanish, English",,Spanish:70|English:30,100,Spanish:70|English:30,100,Spanish:80|English:20,100,18,6,Bachelor's,10,10,10,6,8,9,7,17,14,16,TOEFL,80,,,,,23,25,C1,intermediate|advanced,intermediate|advanced,cambridge_22_25_intermediate_advanced,4,19,random,,278.26390838623047,703.3681027889252,318.263916015625,745.1215801239014,5,1,hover,102.69999999925494,102.69999999925494,0.015134002037849415,0.893402119941307,81,,,,,,2026-08-24T17:16:23.220Z,YVYMAZEH,2026-08-24,2026-08-24,13:16:23,2026-08-24 13:16:23,,,,,,,,6983fa3a644fcca4e5fd8b3b,6983fa3a644fcca4e5fd8b3b,,,,
28137,raw_position_sample,2,2,int,26,3,8,9,-1,999,701,314,4438222.899999999,6983fa3a644fcca4e5fd8b3b,6983fa3a644fcca4e5fd8b3b,intermediate,3,6983fa3a644fcca4e5fd8b3b,6983fa3a644fcca4e5fd8b3b,spotlight_PROLIFIC,,36,Chile,Spanish,"Spanish, English",,Spanish:70|English:30,100,Spanish:70|English:30,100,Spanish:80|English:20,100,18,6,Bachelor's,10,10,10,6,8,9,7,17,14,16,TOEFL,80,,,,,23,25,C1,intermediate|advanced,intermediate|advanced,cambridge_22_25_intermediate_advanced,4,19,random,,,,,,,,,,,,,,,,,,,2026-08-24T17:16:23.220Z,YVYMAZEH,2026-08-24,2026-08-24,13:16:23,2026-08-24 13:16:23,,,,,,,,6983fa3a644fcca4e5fd8b3b,6983fa3a644fcca4e5fd8b3b,,,,
28188,raw_position_sample,2,2,int,26,3,8,9,-1,999,697,314,4438272.899999999,6983fa3a644fcca4e5fd8b3b,6983fa3a644fcca4e5fd8b3b,intermediate,3,6983fa3a644fcca4e5fd8b3b,6983fa3a644fcca4e5fd8b3b,spotlight_PROLIFIC,,36,Chile,Spanish,"Spanish, English",,Spanish:70|English:30,100,Spanish:70|English:30,100,Spanish:80|English:20,100,18,6,Bachelor's,10,10,10,6,8,9,7,17,14,16,TOEFL,80,,,,,23,25,C1,intermediate|advanced,intermediate|advanced,cambridge_22_25_intermediate_advanced,4,19,random,,,,,,,,,,,,,,,,,,,2026-08-24T17:16:23.220Z,YVYMAZEH,2026-08-24,2026-08-24,13:16:23,2026-08-24 13:16:23,,,,,,,,6983fa3a644fcca4e5fd8b3b,6983fa3a644fcca4e5fd8b3b,,,,
28237,raw_position_sample,2,2,int,26,3,8,9,-1,999,697,314,4438322.8,6983fa3a644fcca4e5fd8b3b,6983fa3a644fcca4e5fd8b3b,intermediate,3,6983fa3a644fcca4e5fd8b3b,6983fa3a644fcca4e5fd8b3b,spotlight_PROLIFIC,,36,Chile,Spanish,"Spanish, English",,Spanish:70|English:30,100,Spanish:70|English:30,100,Spanish:80|English:20,100,18,6,Bachelor's,10,10,10,6,8,9,7,17,14,16,TOEFL,80,,,,,23,25,C1,intermediate|advanced,intermediate|advanced,cambridge_22_25_intermediate_advanced,4,19,random,,,,,,,,,,,,,,,,,,,2026-08-24T17:16:23.220Z,YVYMAZEH,2026-08-24,2026-08-24,13:16:23,2026-08-24 13:16:23,,,,,,,,6983fa3a644fcca4e5fd8b3b,6983fa3a644fcca4e5fd8b3b,,,,
28287,raw_position_sample,2,2,int,26,3,8,9,-1,999,700,314,4438372.899999999,6983fa3a644fcca4e5fd8b3b,6983fa3a644fcca4e5fd8b3b,intermediate,3,6983fa3a644fcca4e5fd8b3b,6983fa3a644fcca4e5fd8b3b,spotlight_PROLIFIC,,36,Chile,Spanish,"Spanish, English",,Spanish:70|English:30,100,Spanish:70|English:30,100,Spanish:80|English:20,100,18,6,Bachelor's,10,10,10,6,8,9,7,17,14,16,TOEFL,80,,,,,23,25,C1,intermediate|advanced,intermediate|advanced,cambridge_22_25_intermediate_advanced,4,19,random,,,,,,,,,,,,,,,,,,,2026-08-24T17:16:23.220Z,YVYMAZEH,2026-08-24,2026-08-24,13:16:23,2026-08-24 13:16:23,,,,,,,,6983fa3a644fcca4e5fd8b3b,6983fa3a644fcca4e5fd8b3b,,,,
28338,raw_position_sample,2,2,int,26,3,8,9,59, said ,706,314,4438423.8,6983fa3a644fcca4e5fd8b3b,6983fa3a644fcca4e5fd8b3b,intermediate,3,6983fa3a644fcca4e5fd8b3b,6983fa3a644fcca4e5fd8b3b,spotlight_PROLIFIC,,36,Chile,Spanish,"Spanish, English",,Spanish:70|English:30,100,Spanish:70|English:30,100,Spanish:80|English:20,100,18,6,Bachelor's,10,10,10,6,8,9,7,17,14,16,TOEFL,80,,,,,23,25,C1,intermediate|advanced,intermediate|advanced,cambridge_22_25_intermediate_advanced,4,19,random,,288.263916015625,707.1181030273438,308.263916015625,745.1215782165527,5,1,,,,,,,,,,,,2026-08-24T17:16:23.220Z,YVYMAZEH,2026-08-24,2026-08-24,13:16:23,2026-08-24 13:16:23,,,,,,,,6983fa3a644fcca4e5fd8b3b,6983fa3a644fcca4e5fd8b3b,,,,
28388,raw_position_sample,2,2,int,26,3,8,9,59, said ,711,313,4438473.7,6983fa3a644fcca4e5fd8b3b,6983fa3a644fcca4e5fd8b3b,intermediate,3,6983fa3a644fcca4e5fd8b3b,6983fa3a644fcca4e5fd8b3b,spotlight_PROLIFIC,,36,Chile,Spanish,"Spanish, English",,Spanish:70|English:30,100,Spanish:70|English:30,100,Spanish:80|English:20,100,18,6,Bachelor's,10,10,10,6,8,9,7,17,14,16,TOEFL,80,,,,,23,25,C1,intermediate|advanced,intermediate|advanced,cambridge_22_25_intermediate_advanced,4,19,random,,288.263916015625,707.1181030273438,308.263916015625,745.1215782165527,5,1,,,,,,,,,,,,2026-08-24T17:16:23.220Z,YVYMAZEH,2026-08-24,2026-08-24,13:16:23,2026-08-24 13:16:23,,,,,,,,6983fa3a644fcca4e5fd8b3b,6983fa3a644fcca4e5fd8b3b,,,,
28438,raw_position_sample,2,2,int,26,3,8,9,59, said ,715,313,4438523.600000001,6983fa3a644fcca4e5fd8b3b,6983fa3a644fcca4e5fd8b3b,intermediate,3,6983fa3a644fcca4e5fd8b3b,6983fa3a644fcca4e5fd8b3b,spotlight_PROLIFIC,,36,Chile,Spanish,"Spanish, English",,Spanish:70|English:30,100,Spanish:70|English:30,100,Spanish:80|English:20,100,18,6,Bachelor's,10,10,10,6,8,9,7,17,14,16,TOEFL,80,,,,,23,25,C1,intermediate|advanced,intermediate|advanced,cambridge_22_25_intermediate_advanced,4,19,random,,288.263916015625,707.1181030273438,308.263916015625,745.1215782165527,5,1,,,,,,,,,,,,2026-08-24T17:16:23.220Z,YVYMAZEH,2026-08-24,2026-08-24,13:16:23,2026-08-24 13:16:23,,,,,,,,6983fa3a644fcca4e5fd8b3b,6983fa3a644fcca4e5fd8b3b,,,,
28488,raw_position_sample,2,2,int,26,3,8,9,59, said ,715,313,4438573.7,6983fa3a644fcca4e5fd8b3b,6983fa3a644fcca4e5fd8b3b,intermediate,3,6983fa3a644fcca4e5fd8b3b,6983fa3a644fcca4e5fd8b3b,spotlight_PROLIFIC,,36,Chile,Spanish,"Spanish, English",,Spanish:70|English:30,100,Spanish:70|English:30,100,Spanish:80|English:20,100,18,6,Bachelor's,10,10,10,6,8,9,7,17,14,16,TOEFL,80,,,,,23,25,C1,intermediate|advanced,intermediate|advanced,cambridge_22_25_intermediate_advanced,4,19,random,,288.263916015625,707.1181030273438,308.263916015625,745.1215782165527,5,1,,,,,,,,,,,,2026-08-24T17:16:23.220Z,YVYMAZEH,2026-08-24,2026-08-24,13:16:23,2026-08-24 13:16:23,,,,,,,,6983fa3a644fcca4e5fd8b3b,6983fa3a644fcca4e5fd8b3b,,,,
28538,raw_position_sample,2,2,int,26,3,8,9,59, said ,715,313,4438623.7,6983fa3a644fcca4e5fd8b3b,6983fa3a644fcca4e5fd8b3b,intermediate,3,6983fa3a644fcca4e5fd8b3b,6983fa3a644fcca4e5fd8b3b,spotlight_PROLIFIC,,36,Chile,Spanish,"Spanish, English",,Spanish:70|English:30,100,Spanish:70|English:30,100,Spanish:80|English:20,100,18,6,Bachelor's,10,10,10,6,8,9,7,17,14,16,TOEFL,80,,,,,23,25,C1,intermediate|advanced,intermediate|advanced,cambridge_22_25_intermediate_advanced,4,19,random,,288.263916015625,707.1181030273438,308.263916015625,745.1215782165527,5,1,,,,,,,,,,,,2026-08-24T17:16:23.220Z,YVYMAZEH,2026-08-24,2026-08-24,13:16:23,2026-08-24 13:16:23,,,,,,,,6983fa3a644fcca4e5fd8b3b,6983fa3a644fcca4e5fd8b3b,,,,
28591,raw_position_sample,2,2,int,26,3,8,9,59, said ,718,313,4438676.600000001,6983fa3a644fcca4e5fd8b3b,6983fa3a644fcca4e5fd8b3b,intermediate,3,6983fa3a644fcca4e5fd8b3b,6983fa3a644fcca4e5fd8b3b,spotlight_PROLIFIC,,36,Chile,Spanish,"Spanish, English",,Spanish:70|English:30,100,Spanish:70|English:30,100,Spanish:80|English:20,100,18,6,Bachelor's,10,10,10,6,8,9,7,17,14,16,TOEFL,80,,,,,23,25,C1,intermediate|advanced,intermediate|advanced,cambridge_22_25_intermediate_advanced,4,19,random,,288.263916015625,707.1181030273438,308.263916015625,745.1215782165527,5,1,,,,,,,,,,,,2026-08-24T17:16:23.220Z,YVYMAZEH,2026-08-24,2026-08-24,13:16:23,2026-08-24 13:16:23,,,,,,,,6983fa3a644fcca4e5fd8b3b,6983fa3a644fcca4e5fd8b3b,,,,
28640,raw_position_sample,2,2,int,26,3,8,9,59, said ,728,310,4438725.2,6983fa3a644fcca4e5fd8b3b,6983fa3a644fcca4e5fd8b3b,intermediate,3,6983fa3a644fcca4e5fd8b3b,6983fa3a644fcca4e5fd8b3b,spotlight_PROLIFIC,,36,Chile,Spanish,"Spanish, English",,Spanish:70|English:30,100,Spanish:70|English:30,100,Spanish:80|English:20,100,18,6,Bachelor's,10,10,10,6,8,9,7,17,14,16,TOEFL,80,,,,,23,25,C1,intermediate|advanced,intermediate|advanced,cambridge_22_25_intermediate_advanced,4,19,random,,288.263916015625,707.1181030273438,308.263916015625,745.1215782165527,5,1,,,,,,,,,,,,2026-08-24T17:16:23.220Z,YVYMAZEH,2026-08-24,2026-08-24,13:16:23,2026-08-24 13:16:23,,,,,,,,6983fa3a644fcca4e5fd8b3b,6983fa3a644fcca4e5fd8b3b,,,,
28686,hover_association,2,2,int,26,3,8,9,59, said ,704,314,,6983fa3a644fcca4e5fd8b3b,6983fa3a644fcca4e5fd8b3b,intermediate,3,6983fa3a644fcca4e5fd8b3b,6983fa3a644fcca4e5fd8b3b,spotlight_PROLIFIC,,36,Chile,Spanish,"Spanish, English",,Spanish:70|English:30,100,Spanish:70|English:30,100,Spanish:80|English:20,100,18,6,Bachelor's,10,10,10,6,8,9,7,17,14,16,TOEFL,80,,,,,23,25,C1,intermediate|advanced,intermediate|advanced,cambridge_22_25_intermediate_advanced,4,19,random,,278.26390838623047,703.3681027889252,318.263916015625,745.1215801239014,5,1,hover,357.59999999962747,357.59999999962747,0.973138042733465,0.6934021580882724,81,,,,,,2026-08-24T17:16:23.220Z,YVYMAZEH,2026-08-24,2026-08-24,13:16:23,2026-08-24 13:16:23,,,,,,,,6983fa3a644fcca4e5fd8b3b,6983fa3a644fcca4e5fd8b3b,,,,
28688,raw_position_sample,2,2,int,26,3,8,9,60, Hartlauer. ,746,305,4438773.899999999,6983fa3a644fcca4e5fd8b3b,6983fa3a644fcca4e5fd8b3b,intermediate,3,6983fa3a644fcca4e5fd8b3b,6983fa3a644fcca4e5fd8b3b,spotlight_PROLIFIC,,36,Chile,Spanish,"Spanish, English",,Spanish:70|English:30,100,Spanish:70|English:30,100,Spanish:80|English:20,100,18,6,Bachelor's,10,10,10,6,8,9,7,17,14,16,TOEFL,80,,,,,23,25,C1,intermediate|advanced,intermediate|advanced,cambridge_22_25_intermediate_advanced,4,19,random,,288.263916015625,745.12158203125,308.263916015625,828.1076965332031,5,2,,,,,,,,,,,,2026-08-24T17:16:23.220Z,YVYMAZEH,2026-08-24,2026-08-24,13:16:23,2026-08-24 13:16:23,,,,,,,,6983fa3a644fcca4e5fd8b3b,6983fa3a644fcca4e5fd8b3b,,,,
28740,raw_position_sample,2,2,int,26,3,8,9,60, Hartlauer. ,758,305,4438825.7,6983fa3a644fcca4e5fd8b3b,6983fa3a644fcca4e5fd8b3b,intermediate,3,6983fa3a644fcca4e5fd8b3b,6983fa3a644fcca4e5fd8b3b,spotlight_PROLIFIC,,36,Chile,Spanish,"Spanish, English",,Spanish:70|English:30,100,Spanish:70|English:30,100,Spanish:80|English:20,100,18,6,Bachelor's,10,10,10,6,8,9,7,17,14,16,TOEFL,80,,,,,23,25,C1,intermediate|advanced,intermediate|advanced,cambridge_22_25_intermediate_advanced,4,19,random,,288.263916015625,745.12158203125,308.263916015625,828.1076965332031,5,2,,,,,,,,,,,,2026-08-24T17:16:23.220Z,YVYMAZEH,2026-08-24,2026-08-24,13:16:23,2026-08-24 13:16:23,,,,,,,,6983fa3a644fcca4e5fd8b3b,6983fa3a644fcca4e5fd8b3b,,,,
28788,raw_position_sample,2,2,int,26,3,8,9,60, Hartlauer. ,761,305,4438873.8,6983fa3a644fcca4e5fd8b3b,6983fa3a644fcca4e5fd8b3b,intermediate,3,6983fa3a644fcca4e5fd8b3b,6983fa3a644fcca4e5fd8b3b,spotlight_PROLIFIC,,36,Chile,Spanish,"Spanish, English",,Spanish:70|English:30,100,Spanish:70|English:30,100,Spanish:80|English:20,100,18,6,Bachelor's,10,10,10,6,8,9,7,17,14,16,TOEFL,80,,,,,23,25,C1,intermediate|advanced,intermediate|advanced,cambridge_22_25_intermediate_advanced,4,19,random,,288.263916015625,745.12158203125,308.263916015625,828.1076965332031,5,2,,,,,,,,,,,,2026-08-24T17:16:23.220Z,YVYMAZEH,2026-08-24,2026-08-24,13:16:23,2026-08-24 13:16:23,,,,,,,,6983fa3a644fcca4e5fd8b3b,6983fa3a644fcca4e5fd8b3b,,,,
28838,raw_position_sample,2,2,int,26,3,8,9,60, Hartlauer. ,761,305,4438923.8,6983fa3a644fcca4e5fd8b3b,6983fa3a644fcca4e5fd8b3b,intermediate,3,6983fa3a644fcca4e5fd8b3b,6983fa3a644fcca4e5fd8b3b,spotlight_PROLIFIC,,36,Chile,Spanish,"Spanish, English",,Spanish:70|English:30,100,Spanish:70|English:30,100,Spanish:80|English:20,100,18,6,Bachelor's,10,10,10,6,8,9,7,17,14,16,TOEFL,80,,,,,23,25,C1,intermediate|advanced,intermediate|advanced,cambridge_22_25_intermediate_advanced,4,19,random,,288.263916015625,745.12158203125,308.263916015625,828.1076965332031,5,2,,,,,,,,,,,,2026-08-24T17:16:23.220Z,YVYMAZEH,2026-08-24,2026-08-24,13:16:23,2026-08-24 13:16:23,,,,,,,,6983fa3a644fcca4e5fd8b3b,6983fa3a644fcca4e5fd8b3b,,,,
28888,raw_position_sample,2,2,int,26,3,8,9,60, Hartlauer. ,761,305,4438973.7,6983fa3a644fcca4e5fd8b3b,6983fa3a644fcca4e5fd8b3b,intermediate,3,6983fa3a644fcca4e5fd8b3b,6983fa3a644fcca4e5fd8b3b,spotlight_PROLIFIC,,36,Chile,Spanish,"Spanish, English",,Spanish:70|English:30,100,Spanish:70|English:30,100,Spanish:80|English:20,100,18,6,Bachelor's,10,10,10,6,8,9,7,17,14,16,TOEFL,80,,,,,23,25,C1,intermediate|advanced,intermediate|advanced,cambridge_22_25_intermediate_advanced,4,19,random,,288.263916015625,745.12158203125,308.263916015625,828.1076965332031,5,2,,,,,,,,,,,,2026-08-24T17:16:23.220Z,YVYMAZEH,2026-08-24,2026-08-24,13:16:23,2026-08-24 13:16:23,,,,,,,,6983fa3a644fcca4e5fd8b3b,6983fa3a644fcca4e5fd8b3b,,,,
28938,raw_position_sample,2,2,int,26,3,8,9,60, Hartlauer. ,762,305,4439023.899999999,6983fa3a644fcca4e5fd8b3b,6983fa3a644fcca4e5fd8b3b,intermediate,3,6983fa3a644fcca4e5fd8b3b,6983fa3a644fcca4e5fd8b3b,spotlight_PROLIFIC,,36,Chile,Spanish,"Spanish, English",,Spanish:70|English:30,100,Spanish:70|English:30,100,Spanish:80|English:20,100,18,6,Bachelor's,10,10,10,6,8,9,7,17,14,16,TOEFL,80,,,,,23,25,C1,intermediate|advanced,intermediate|advanced,cambridge_22_25_intermediate_advanced,4,19,random,,288.263916015625,745.12158203125,308.263916015625,828.1076965332031,5,2,,,,,,,,,,,,2026-08-24T17:16:23.220Z,YVYMAZEH,2026-08-24,2026-08-24,13:16:23,2026-08-24 13:16:23,,,,,,,,6983fa3a644fcca4e5fd8b3b,6983fa3a644fcca4e5fd8b3b,,,,
28988,raw_position_sample,2,2,int,26,3,8,9,60, Hartlauer. ,762,305,4439073.7,6983fa3a644fcca4e5fd8b3b,6983fa3a644fcca4e5fd8b3b,intermediate,3,6983fa3a644fcca4e5fd8b3b,6983fa3a644fcca4e5fd8b3b,spotlight_PROLIFIC,,36,Chile,Spanish,"Spanish, English",,Spanish:70|English:30,100,Spanish:70|English:30,100,Spanish:80|English:20,100,18,6,Bachelor's,10,10,10,6,8,9,7,17,14,16,TOEFL,80,,,,,23,25,C1,intermediate|advanced,intermediate|advanced,cambridge_22_25_intermediate_advanced,4,19,random,,288.263916015625,745.12158203125,308.263916015625,828.1076965332031,5,2,,,,,,,,,,,,2026-08-24T17:16:23.220Z,YVYMAZEH,2026-08-24,2026-08-24,13:16:23,2026-08-24 13:16:23,,,,,,,,6983fa3a644fcca4e5fd8b3b,6983fa3a644fcca4e5fd8b3b,,,,
29038,raw_position_sample,2,2,int,26,3,8,9,60, Hartlauer. ,762,305,4439123.7,6983fa3a644fcca4e5fd8b3b,6983fa3a644fcca4e5fd8b3b,intermediate,3,6983fa3a644fcca4e5fd8b3b,6983fa3a644fcca4e5fd8b3b,spotlight_PROLIFIC,,36,Chile,Spanish,"Spanish, English",,Spanish:70|English:30,100,Spanish:70|English:30,100,Spanish:80|English:20,100,18,6,Bachelor's,10,10,10,6,8,9,7,17,14,16,TOEFL,80,,,,,23,25,C1,intermediate|advanced,intermediate|advanced,cambridge_22_25_intermediate_advanced,4,19,random,,288.263916015625,745.12158203125,308.263916015625,828.1076965332031,5,2,,,,,,,,,,,,2026-08-24T17:16:23.220Z,YVYMAZEH,2026-08-24,2026-08-24,13:16:23,2026-08-24 13:16:23,,,,,,,,6983fa3a644fcca4e5fd8b3b,6983fa3a644fcca4e5fd8b3b,,,,
29088,raw_position_sample,2,2,int,26,3,8,9,60, Hartlauer. ,762,305,4439173.7,6983fa3a644fcca4e5fd8b3b,6983fa3a644fcca4e5fd8b3b,intermediate,3,6983fa3a644fcca4e5fd8b3b,6983fa3a644fcca4e5fd8b3b,spotlight_PROLIFIC,,36,Chile,Spanish,"Spanish, English",,Spanish:70|English:30,100,Spanish:70|English:30,100,Spanish:80|English:20,100,18,6,Bachelor's,10,10,10,6,8,9,7,17,14,16,TOEFL,80,,,,,23,25,C1,intermediate|advanced,intermediate|advanced,cambridge_22_25_intermediate_advanced,4,19,random,,288.263916015625,745.12158203125,308.263916015625,828.1076965332031,5,2,,,,,,,,,,,,2026-08-24T17:16:23.220Z,YVYMAZEH,2026-08-24,2026-08-24,13:16:23,2026-08-24 13:16:23,,,,,,,,6983fa3a644fcca4e5fd8b3b,6983fa3a644fcca4e5fd8b3b,,,,
29138,raw_position_sample,2,2,int,26,3,8,9,60, Hartlauer. ,762,305,4439223.600000001,6983fa3a644fcca4e5fd8b3b,6983fa3a644fcca4e5fd8b3b,intermediate,3,6983fa3a644fcca4e5fd8b3b,6983fa3a644fcca4e5fd8b3b,spotlight_PROLIFIC,,36,Chile,Spanish,"Spanish, English",,Spanish:70|English:30,100,Spanish:70|English:30,100,Spanish:80|English:20,100,18,6,Bachelor's,10,10,10,6,8,9,7,17,14,16,TOEFL,80,,,,,23,25,C1,intermediate|advanced,intermediate|advanced,cambridge_22_25_intermediate_advanced,4,19,random,,288.263916015625,745.12158203125,308.263916015625,828.1076965332031,5,2,,,,,,,,,,,,2026-08-24T17:16:23.220Z,YVYMAZEH,2026-08-24,2026-08-24,13:16:23,2026-08-24 13:16:23,,,,,,,,6983fa3a644fcca4e5fd8b3b,6983fa3a644fcca4e5fd8b3b,,,,
29188,raw_position_sample,2,2,int,26,3,8,9,60, Hartlauer. ,762,305,4439273.8,6983fa3a644fcca4e5fd8b3b,6983fa3a644fcca4e5fd8b3b,intermediate,3,6983fa3a644fcca4e5fd8b3b,6983fa3a644fcca4e5fd8b3b,spotlight_PROLIFIC,,36,Chile,Spanish,"Spanish, English",,Spanish:70|English:30,100,Spanish:70|English:30,100,Spanish:80|English:20,100,18,6,Bachelor's,10,10,10,6,8,9,7,17,14,16,TOEFL,80,,,,,23,25,C1,intermediate|advanced,intermediate|advanced,cambridge_22_25_intermediate_advanced,4,19,random,,288.263916015625,745.12158203125,308.263916015625,828.1076965332031,5,2,,,,,,,,,,,,2026-08-24T17:16:23.220Z,YVYMAZEH,2026-08-24,2026-08-24,13:16:23,2026-08-24 13:16:23,,,,,,,,6983fa3a644fcca4e5fd8b3b,6983fa3a644fcca4e5fd8b3b,,,,
29238,raw_position_sample,2,2,int,26,3,8,9,60, Hartlauer. ,762,305,4439323.7,6983fa3a644fcca4e5fd8b3b,6983fa3a644fcca4e5fd8b3b,intermediate,3,6983fa3a644fcca4e5fd8b3b,6983fa3a644fcca4e5fd8b3b,spotlight_PROLIFIC,,36,Chile,Spanish,"Spanish, English",,Spanish:70|English:30,100,Spanish:70|English:30,100,Spanish:80|English:20,100,18,6,Bachelor's,10,10,10,6,8,9,7,17,14,16,TOEFL,80,,,,,23,25,C1,intermediate|advanced,intermediate|advanced,cambridge_22_25_intermediate_advanced,4,19,random,,288.263916015625,745.12158203125,308.263916015625,828.1076965332031,5,2,,,,,,,,,,,,2026-08-24T17:16:23.220Z,YVYMAZEH,2026-08-24,2026-08-24,13:16:23,2026-08-24 13:16:23,,,,,,,,6983fa3a644fcca4e5fd8b3b,6983fa3a644fcca4e5fd8b3b,,,,
29288,raw_position_sample,2,2,int,26,3,8,9,60, Hartlauer. ,762,305,4439373.7,6983fa3a644fcca4e5fd8b3b,6983fa3a644fcca4e5fd8b3b,intermediate,3,6983fa3a644fcca4e5fd8b3b,6983fa3a644fcca4e5fd8b3b,spotlight_PROLIFIC,,36,Chile,Spanish,"Spanish, English",,Spanish:70|English:30,100,Spanish:70|English:30,100,Spanish:80|English:20,100,18,6,Bachelor's,10,10,10,6,8,9,7,17,14,16,TOEFL,80,,,,,23,25,C1,intermediate|advanced,intermediate|advanced,cambridge_22_25_intermediate_advanced,4,19,random,,288.263916015625,745.12158203125,308.263916015625,828.1076965332031,5,2,,,,,,,,,,,,2026-08-24T17:16:23.220Z,YVYMAZEH,2026-08-24,2026-08-24,13:16:23,2026-08-24 13:16:23,,,,,,,,6983fa3a644fcca4e5fd8b3b,6983fa3a644fcca4e5fd8b3b,,,,
29338,raw_position_sample,2,2,int,26,3,8,9,60, Hartlauer. ,761,305,4439423.8,6983fa3a644fcca4e5fd8b3b,6983fa3a644fcca4e5fd8b3b,intermediate,3,6983fa3a644fcca4e5fd8b3b,6983fa3a644fcca4e5fd8b3b,spotlight_PROLIFIC,,36,Chile,Spanish,"Spanish, English",,Spanish:70|English:30,100,Spanish:70|English:30,100,Spanish:80|English:20,100,18,6,Bachelor's,10,10,10,6,8,9,7,17,14,16,TOEFL,80,,,,,23,25,C1,intermediate|advanced,intermediate|advanced,cambridge_22_25_intermediate_advanced,4,19,random,,288.263916015625,745.12158203125,308.263916015625,828.1076965332031,5,2,,,,,,,,,,,,2026-08-24T17:16:23.220Z,YVYMAZEH,2026-08-24,2026-08-24,13:16:23,2026-08-24 13:16:23,,,,,,,,6983fa3a644fcca4e5fd8b3b,6983fa3a644fcca4e5fd8b3b,,,,
29388,raw_position_sample,2,2,int,26,3,8,9,60, Hartlauer. ,761,305,4439473.7,6983fa3a644fcca4e5fd8b3b,6983fa3a644fcca4e5fd8b3b,intermediate,3,6983fa3a644fcca4e5fd8b3b,6983fa3a644fcca4e5fd8b3b,spotlight_PROLIFIC,,36,Chile,Spanish,"Spanish, English",,Spanish:70|English:30,100,Spanish:70|English:30,100,Spanish:80|English:20,100,18,6,Bachelor's,10,10,10,6,8,9,7,17,14,16,TOEFL,80,,,,,23,25,C1,intermediate|advanced,intermediate|advanced,cambridge_22_25_intermediate_advanced,4,19,random,,288.263916015625,745.12158203125,308.263916015625,828.1076965332031,5,2,,,,,,,,,,,,2026-08-24T17:16:23.220Z,YVYMAZEH,2026-08-24,2026-08-24,13:16:23,2026-08-24 13:16:23,,,,,,,,6983fa3a644fcca4e5fd8b3b,6983fa3a644fcca4e5fd8b3b,,,,
29441,raw_position_sample,2,2,int,26,3,8,9,60, Hartlauer. ,762,305,4439526.3,6983fa3a644fcca4e5fd8b3b,6983fa3a644fcca4e5fd8b3b,intermediate,3,6983fa3a644fcca4e5fd8b3b,6983fa3a644fcca4e5fd8b3b,spotlight_PROLIFIC,,36,Chile,Spanish,"Spanish, English",,Spanish:70|English:30,100,Spanish:70|English:30,100,Spanish:80|English:20,100,18,6,Bachelor's,10,10,10,6,8,9,7,17,14,16,TOEFL,80,,,,,23,25,C1,intermediate|advanced,intermediate|advanced,cambridge_22_25_intermediate_advanced,4,19,random,,288.263916015625,745.12158203125,308.263916015625,828.1076965332031,5,2,,,,,,,,,,,,2026-08-24T17:16:23.220Z,YVYMAZEH,2026-08-24,2026-08-24,13:16:23,2026-08-24 13:16:23,,,,,,,,6983fa3a644fcca4e5fd8b3b,6983fa3a644fcca4e5fd8b3b,,,,
29488,raw_position_sample,2,2,int,26,3,8,9,60, Hartlauer. ,762,305,4439573.8,6983fa3a644fcca4e5fd8b3b,6983fa3a644fcca4e5fd8b3b,intermediate,3,6983fa3a644fcca4e5fd8b3b,6983fa3a644fcca4e5fd8b3b,spotlight_PROLIFIC,,36,Chile,Spanish,"Spanish, English",,Spanish:70|English:30,100,Spanish:70|English:30,100,Spanish:80|English:20,100,18,6,Bachelor's,10,10,10,6,8,9,7,17,14,16,TOEFL,80,,,,,23,25,C1,intermediate|advanced,intermediate|advanced,cambridge_22_25_intermediate_advanced,4,19,random,,288.263916015625,745.12158203125,308.263916015625,828.1076965332031,5,2,,,,,,,,,,,,2026-08-24T17:16:23.220Z,YVYMAZEH,2026-08-24,2026-08-24,13:16:23,2026-08-24 13:16:23,,,,,,,,6983fa3a644fcca4e5fd8b3b,6983fa3a644fcca4e5fd8b3b,,,,
29538,raw_position_sample,2,2,int,26,3,8,9,60, Hartlauer. ,762,305,4439623.7,6983fa3a644fcca4e5fd8b3b,6983fa3a644fcca4e5fd8b3b,intermediate,3,6983fa3a644fcca4e5fd8b3b,6983fa3a644fcca4e5fd8b3b,spotlight_PROLIFIC,,36,Chile,Spanish,"Spanish, English",,Spanish:70|English:30,100,Spanish:70|English:30,100,Spanish:80|English:20,100,18,6,Bachelor's,10,10,10,6,8,9,7,17,14,16,TOEFL,80,,,,,23,25,C1,intermediate|advanced,intermediate|advanced,cambridge_22_25_intermediate_advanced,4,19,random,,288.263916015625,745.12158203125,308.263916015625,828.1076965332031,5,2,,,,,,,,,,,,2026-08-24T17:16:23.220Z,YVYMAZEH,2026-08-24,2026-08-24,13:16:23,2026-08-24 13:16:23,,,,,,,,6983fa3a644fcca4e5fd8b3b,6983fa3a644fcca4e5fd8b3b,,,,
29589,raw_position_sample,2,2,int,26,3,8,9,60, Hartlauer. ,762,305,4439674.000000001,6983fa3a644fcca4e5fd8b3b,6983fa3a644fcca4e5fd8b3b,intermediate,3,6983fa3a644fcca4e5fd8b3b,6983fa3a644fcca4e5fd8b3b,spotlight_PROLIFIC,,36,Chile,Spanish,"Spanish, English",,Spanish:70|English:30,100,Spanish:70|English:30,100,Spanish:80|English:20,100,18,6,Bachelor's,10,10,10,6,8,9,7,17,14,16,TOEFL,80,,,,,23,25,C1,intermediate|advanced,intermediate|advanced,cambridge_22_25_intermediate_advanced,4,19,random,,288.263916015625,745.12158203125,308.263916015625,828.1076965332031,5,2,,,,,,,,,,,,2026-08-24T17:16:23.220Z,YVYMAZEH,2026-08-24,2026-08-24,13:16:23,2026-08-24 13:16:23,,,,,,,,6983fa3a644fcca4e5fd8b3b,6983fa3a644fcca4e5fd8b3b,,,,
29638,raw_position_sample,2,2,int,26,3,8,9,60, Hartlauer. ,762,305,4439723.7,6983fa3a644fcca4e5fd8b3b,6983fa3a644fcca4e5fd8b3b,intermediate,3,6983fa3a644fcca4e5fd8b3b,6983fa3a644fcca4e5fd8b3b,spotlight_PROLIFIC,,36,Chile,Spanish,"Spanish, English",,Spanish:70|English:30,100,Spanish:70|English:30,100,Spanish:80|English:20,100,18,6,Bachelor's,10,10,10,6,8,9,7,17,14,16,TOEFL,80,,,,,23,25,C1,intermediate|advanced,intermediate|advanced,cambridge_22_25_intermediate_advanced,4,19,random,,288.263916015625,745.12158203125,308.263916015625,828.1076965332031,5,2,,,,,,,,,,,,2026-08-24T17:16:23.220Z,YVYMAZEH,2026-08-24,2026-08-24,13:16:23,2026-08-24 13:16:23,,,,,,,,6983fa3a644fcca4e5fd8b3b,6983fa3a644fcca4e5fd8b3b,,,,
29689,raw_position_sample,2,2,int,26,3,8,9,60, Hartlauer. ,763,305,4439774.100000001,6983fa3a644fcca4e5fd8b3b,6983fa3a644fcca4e5fd8b3b,intermediate,3,6983fa3a644fcca4e5fd8b3b,6983fa3a644fcca4e5fd8b3b,spotlight_PROLIFIC,,36,Chile,Spanish,"Spanish, English",,Spanish:70|English:30,100,Spanish:70|English:30,100,Spanish:80|English:20,100,18,6,Bachelor's,10,10,10,6,8,9,7,17,14,16,TOEFL,80,,,,,23,25,C1,intermediate|advanced,intermediate|advanced,cambridge_22_25_intermediate_advanced,4,19,random,,288.263916015625,745.12158203125,308.263916015625,828.1076965332031,5,2,,,,,,,,,,,,2026-08-24T17:16:23.220Z,YVYMAZEH,2026-08-24,2026-08-24,13:16:23,2026-08-24 13:16:23,,,,,,,,6983fa3a644fcca4e5fd8b3b,6983fa3a644fcca4e5fd8b3b,,,,
29738,raw_position_sample,2,2,int,26,3,8,9,60, Hartlauer. ,763,305,4439823.600000001,6983fa3a644fcca4e5fd8b3b,6983fa3a644fcca4e5fd8b3b,intermediate,3,6983fa3a644fcca4e5fd8b3b,6983fa3a644fcca4e5fd8b3b,spotlight_PROLIFIC,,36,Chile,Spanish,"Spanish, English",,Spanish:70|English:30,100,Spanish:70|English:30,100,Spanish:80|English:20,100,18,6,Bachelor's,10,10,10,6,8,9,7,17,14,16,TOEFL,80,,,,,23,25,C1,intermediate|advanced,intermediate|advanced,cambridge_22_25_intermediate_advanced,4,19,random,,288.263916015625,745.12158203125,308.263916015625,828.1076965332031,5,2,,,,,,,,,,,,2026-08-24T17:16:23.220Z,YVYMAZEH,2026-08-24,2026-08-24,13:16:23,2026-08-24 13:16:23,,,,,,,,6983fa3a644fcca4e5fd8b3b,6983fa3a644fcca4e5fd8b3b,,,,
29789,raw_position_sample,2,2,int,26,3,8,9,60, Hartlauer. ,764,305,4439874.8,6983fa3a644fcca4e5fd8b3b,6983fa3a644fcca4e5fd8b3b,intermediate,3,6983fa3a644fcca4e5fd8b3b,6983fa3a644fcca4e5fd8b3b,spotlight_PROLIFIC,,36,Chile,Spanish,"Spanish, English",,Spanish:70|English:30,100,Spanish:70|English:30,100,Spanish:80|English:20,100,18,6,Bachelor's,10,10,10,6,8,9,7,17,14,16,TOEFL,80,,,,,23,25,C1,intermediate|advanced,intermediate|advanced,cambridge_22_25_intermediate_advanced,4,19,random,,288.263916015625,745.12158203125,308.263916015625,828.1076965332031,5,2,,,,,,,,,,,,2026-08-24T17:16:23.220Z,YVYMAZEH,2026-08-24,2026-08-24,13:16:23,2026-08-24 13:16:23,,,,,,,,6983fa3a644fcca4e5fd8b3b,6983fa3a644fcca4e5fd8b3b,,,,
29838,raw_position_sample,2,2,int,26,3,8,9,60, Hartlauer. ,764,305,4439923.899999999,6983fa3a644fcca4e5fd8b3b,6983fa3a644fcca4e5fd8b3b,intermediate,3,6983fa3a644fcca4e5fd8b3b,6983fa3a644fcca4e5fd8b3b,spotlight_PROLIFIC,,36,Chile,Spanish,"Spanish, English",,Spanish:70|English:30,100,Spanish:70|English:30,100,Spanish:80|English:20,100,18,6,Bachelor's,10,10,10,6,8,9,7,17,14,16,TOEFL,80,,,,,23,25,C1,intermediate|advanced,intermediate|advanced,cambridge_22_25_intermediate_advanced,4,19,random,,288.263916015625,745.12158203125,308.263916015625,828.1076965332031,5,2,,,,,,,,,,,,2026-08-24T17:16:23.220Z,YVYMAZEH,2026-08-24,2026-08-24,13:16:23,2026-08-24 13:16:23,,,,,,,,6983fa3a644fcca4e5fd8b3b,6983fa3a644fcca4e5fd8b3b,,,,
29888,raw_position_sample,2,2,int,26,3,8,9,60, Hartlauer. ,764,305,4439973.8,6983fa3a644fcca4e5fd8b3b,6983fa3a644fcca4e5fd8b3b,intermediate,3,6983fa3a644fcca4e5fd8b3b,6983fa3a644fcca4e5fd8b3b,spotlight_PROLIFIC,,36,Chile,Spanish,"Spanish, English",,Spanish:70|English:30,100,Spanish:70|English:30,100,Spanish:80|English:20,100,18,6,Bachelor's,10,10,10,6,8,9,7,17,14,16,TOEFL,80,,,,,23,25,C1,intermediate|advanced,intermediate|advanced,cambridge_22_25_intermediate_advanced,4,19,random,,288.263916015625,745.12158203125,308.263916015625,828.1076965332031,5,2,,,,,,,,,,,,2026-08-24T17:16:23.220Z,YVYMAZEH,2026-08-24,2026-08-24,13:16:23,2026-08-24 13:16:23,,,,,,,,6983fa3a644fcca4e5fd8b3b,6983fa3a644fcca4e5fd8b3b,,,,
29938,raw_position_sample,2,2,int,26,3,8,9,60, Hartlauer. ,764,305,4440023.7,6983fa3a644fcca4e5fd8b3b,6983fa3a644fcca4e5fd8b3b,intermediate,3,6983fa3a644fcca4e5fd8b3b,6983fa3a644fcca4e5fd8b3b,spotlight_PROLIFIC,,36,Chile,Spanish,"Spanish, English",,Spanish:70|English:30,100,Spanish:70|English:30,100,Spanish:80|English:20,100,18,6,Bachelor's,10,10,10,6,8,9,7,17,14,16,TOEFL,80,,,,,23,25,C1,intermediate|advanced,intermediate|advanced,cambridge_22_25_intermediate_advanced,4,19,random,,288.263916015625,745.12158203125,308.263916015625,828.1076965332031,5,2,,,,,,,,,,,,2026-08-24T17:16:23.220Z,YVYMAZEH,2026-08-24,2026-08-24,13:16:23,2026-08-24 13:16:23,,,,,,,,6983fa3a644fcca4e5fd8b3b,6983fa3a644fcca4e5fd8b3b,,,,
29988,raw_position_sample,2,2,int,26,3,8,9,60, Hartlauer. ,764,305,4440073.7,6983fa3a644fcca4e5fd8b3b,6983fa3a644fcca4e5fd8b3b,intermediate,3,6983fa3a644fcca4e5fd8b3b,6983fa3a644fcca4e5fd8b3b,spotlight_PROLIFIC,,36,Chile,Spanish,"Spanish, English",,Spanish:70|English:30,100,Spanish:70|English:30,100,Spanish:80|English:20,100,18,6,Bachelor's,10,10,10,6,8,9,7,17,14,16,TOEFL,80,,,,,23,25,C1,intermediate|advanced,intermediate|advanced,cambridge_22_25_intermediate_advanced,4,19,random,,288.263916015625,745.12158203125,308.263916015625,828.1076965332031,5,2,,,,,,,,,,,,2026-08-24T17:16:23.220Z,YVYMAZEH,2026-08-24,2026-08-24,13:16:23,2026-08-24 13:16:23,,,,,,,,6983fa3a644fcca4e5fd8b3b,6983fa3a644fcca4e5fd8b3b,,,,
30038,raw_position_sample,2,2,int,26,3,8,9,60, Hartlauer. ,764,305,4440123.899999999,6983fa3a644fcca4e5fd8b3b,6983fa3a644fcca4e5fd8b3b,intermediate,3,6983fa3a644fcca4e5fd8b3b,6983fa3a644fcca4e5fd8b3b,spotlight_PROLIFIC,,36,Chile,Spanish,"Spanish, English",,Spanish:70|English:30,100,Spanish:70|English:30,100,Spanish:80|English:20,100,18,6,Bachelor's,10,10,10,6,8,9,7,17,14,16,TOEFL,80,,,,,23,25,C1,intermediate|advanced,intermediate|advanced,cambridge_22_25_intermediate_advanced,4,19,random,,288.263916015625,745.12158203125,308.263916015625,828.1076965332031,5,2,,,,,,,,,,,,2026-08-24T17:16:23.220Z,YVYMAZEH,2026-08-24,2026-08-24,13:16:23,2026-08-24 13:16:23,,,,,,,,6983fa3a644fcca4e5fd8b3b,6983fa3a644fcca4e5fd8b3b,,,,
30088,raw_position_sample,2,2,int,26,3,8,9,60, Hartlauer. ,764,305,4440173.7,6983fa3a644fcca4e5fd8b3b,6983fa3a644fcca4e5fd8b3b,intermediate,3,6983fa3a644fcca4e5fd8b3b,6983fa3a644fcca4e5fd8b3b,spotlight_PROLIFIC,,36,Chile,Spanish,"Spanish, English",,Spanish:70|English:30,100,Spanish:70|English:30,100,Spanish:80|English:20,100,18,6,Bachelor's,10,10,10,6,8,9,7,17,14,16,TOEFL,80,,,,,23,25,C1,intermediate|advanced,intermediate|advanced,cambridge_22_25_intermediate_advanced,4,19,random,,288.263916015625,745.12158203125,308.263916015625,828.1076965332031,5,2,,,,,,,,,,,,2026-08-24T17:16:23.220Z,YVYMAZEH,2026-08-24,2026-08-24,13:16:23,2026-08-24 13:16:23,,,,,,,,6983fa3a644fcca4e5fd8b3b,6983fa3a644fcca4e5fd8b3b,,,,
30138,raw_position_sample,2,2,int,26,3,8,9,60, Hartlauer. ,764,305,4440223.8,6983fa3a644fcca4e5fd8b3b,6983fa3a644fcca4e5fd8b3b,intermediate,3,6983fa3a644fcca4e5fd8b3b,6983fa3a644fcca4e5fd8b3b,spotlight_PROLIFIC,,36,Chile,Spanish,"Spanish, English",,Spanish:70|English:30,100,Spanish:70|English:30,100,Spanish:80|English:20,100,18,6,Bachelor's,10,10,10,6,8,9,7,17,14,16,TOEFL,80,,,,,23,25,C1,intermediate|advanced,intermediate|advanced,cambridge_22_25_intermediate_advanced,4,19,random,,288.263916015625,745.12158203125,308.263916015625,828.1076965332031,5,2,,,,,,,,,,,,2026-08-24T17:16:23.220Z,YVYMAZEH,2026-08-24,2026-08-24,13:16:23,2026-08-24 13:16:23,,,,,,,,6983fa3a644fcca4e5fd8b3b,6983fa3a644fcca4e5fd8b3b,,,,
30188,raw_position_sample,2,2,int,26,3,8,9,60, Hartlauer. ,766,305,4440273.7,6983fa3a644fcca4e5fd8b3b,6983fa3a644fcca4e5fd8b3b,intermediate,3,6983fa3a644fcca4e5fd8b3b,6983fa3a644fcca4e5fd8b3b,spotlight_PROLIFIC,,36,Chile,Spanish,"Spanish, English",,Spanish:70|English:30,100,Spanish:70|English:30,100,Spanish:80|English:20,100,18,6,Bachelor's,10,10,10,6,8,9,7,17,14,16,TOEFL,80,,,,,23,25,C1,intermediate|advanced,intermediate|advanced,cambridge_22_25_intermediate_advanced,4,19,random,,288.263916015625,745.12158203125,308.263916015625,828.1076965332031,5,2,,,,,,,,,,,,2026-08-24T17:16:23.220Z,YVYMAZEH,2026-08-24,2026-08-24,13:16:23,2026-08-24 13:16:23,,,,,,,,6983fa3a644fcca4e5fd8b3b,6983fa3a644fcca4e5fd8b3b,,,,
30240,raw_position_sample,2,2,int,26,3,8,9,60, Hartlauer. ,771,304,4440325.2,6983fa3a644fcca4e5fd8b3b,6983fa3a644fcca4e5fd8b3b,intermediate,3,6983fa3a644fcca4e5fd8b3b,6983fa3a644fcca4e5fd8b3b,spotlight_PROLIFIC,,36,Chile,Spanish,"Spanish, English",,Spanish:70|English:30,100,Spanish:70|English:30,100,Spanish:80|English:20,100,18,6,Bachelor's,10,10,10,6,8,9,7,17,14,16,TOEFL,80,,,,,23,25,C1,intermediate|advanced,intermediate|advanced,cambridge_22_25_intermediate_advanced,4,19,random,,288.263916015625,745.12158203125,308.263916015625,828.1076965332031,5,2,,,,,,,,,,,,2026-08-24T17:16:23.220Z,YVYMAZEH,2026-08-24,2026-08-24,13:16:23,2026-08-24 13:16:23,,,,,,,,6983fa3a644fcca4e5fd8b3b,6983fa3a644fcca4e5fd8b3b,,,,
30289,raw_position_sample,2,2,int,26,3,8,9,60, Hartlauer. ,775,304,4440374.399999999,6983fa3a644fcca4e5fd8b3b,6983fa3a644fcca4e5fd8b3b,intermediate,3,6983fa3a644fcca4e5fd8b3b,6983fa3a644fcca4e5fd8b3b,spotlight_PROLIFIC,,36,Chile,Spanish,"Spanish, English",,Spanish:70|English:30,100,Spanish:70|English:30,100,Spanish:80|English:20,100,18,6,Bachelor's,10,10,10,6,8,9,7,17,14,16,TOEFL,80,,,,,23,25,C1,intermediate|advanced,intermediate|advanced,cambridge_22_25_intermediate_advanced,4,19,random,,288.263916015625,745.12158203125,308.263916015625,828.1076965332031,5,2,,,,,,,,,,,,2026-08-24T17:16:23.220Z,YVYMAZEH,2026-08-24,2026-08-24,13:16:23,2026-08-24 13:16:23,,,,,,,,6983fa3a644fcca4e5fd8b3b,6983fa3a644fcca4e5fd8b3b,,,,
30338,raw_position_sample,2,2,int,26,3,8,9,60, Hartlauer. ,775,304,4440423.899999999,6983fa3a644fcca4e5fd8b3b,6983fa3a644fcca4e5fd8b3b,intermediate,3,6983fa3a644fcca4e5fd8b3b,6983fa3a644fcca4e5fd8b3b,spotlight_PROLIFIC,,36,Chile,Spanish,"Spanish, English",,Spanish:70|English:30,100,Spanish:70|English:30,100,Spanish:80|English:20,100,18,6,Bachelor's,10,10,10,6,8,9,7,17,14,16,TOEFL,80,,,,,23,25,C1,intermediate|advanced,intermediate|advanced,cambridge_22_25_intermediate_advanced,4,19,random,,288.263916015625,745.12158203125,308.263916015625,828.1076965332031,5,2,,,,,,,,,,,,2026-08-24T17:16:23.220Z,YVYMAZEH,2026-08-24,2026-08-24,13:16:23,2026-08-24 13:16:23,,,,,,,,6983fa3a644fcca4e5fd8b3b,6983fa3a644fcca4e5fd8b3b,,,,
30388,raw_position_sample,2,2,int,26,3,8,9,60, Hartlauer. ,776,304,4440473.899999999,6983fa3a644fcca4e5fd8b3b,6983fa3a644fcca4e5fd8b3b,intermediate,3,6983fa3a644fcca4e5fd8b3b,6983fa3a644fcca4e5fd8b3b,spotlight_PROLIFIC,,36,Chile,Spanish,"Spanish, English",,Spanish:70|English:30,100,Spanish:70|English:30,100,Spanish:80|English:20,100,18,6,Bachelor's,10,10,10,6,8,9,7,17,14,16,TOEFL,80,,,,,23,25,C1,intermediate|advanced,intermediate|advanced,cambridge_22_25_intermediate_advanced,4,19,random,,288.263916015625,745.12158203125,308.263916015625,828.1076965332031,5,2,,,,,,,,,,,,2026-08-24T17:16:23.220Z,YVYMAZEH,2026-08-24,2026-08-24,13:16:23,2026-08-24 13:16:23,,,,,,,,6983fa3a644fcca4e5fd8b3b,6983fa3a644fcca4e5fd8b3b,,,,
30440,raw_position_sample,2,2,int,26,3,8,9,60, Hartlauer. ,781,304,4440525.100000001,6983fa3a644fcca4e5fd8b3b,6983fa3a644fcca4e5fd8b3b,intermediate,3,6983fa3a644fcca4e5fd8b3b,6983fa3a644fcca4e5fd8b3b,spotlight_PROLIFIC,,36,Chile,Spanish,"Spanish, English",,Spanish:70|English:30,100,Spanish:70|English:30,100,Spanish:80|English:20,100,18,6,Bachelor's,10,10,10,6,8,9,7,17,14,16,TOEFL,80,,,,,23,25,C1,intermediate|advanced,intermediate|advanced,cambridge_22_25_intermediate_advanced,4,19,random,,288.263916015625,745.12158203125,308.263916015625,828.1076965332031,5,2,,,,,,,,,,,,2026-08-24T17:16:23.220Z,YVYMAZEH,2026-08-24,2026-08-24,13:16:23,2026-08-24 13:16:23,,,,,,,,6983fa3a644fcca4e5fd8b3b,6983fa3a644fcca4e5fd8b3b,,,,
30488,raw_position_sample,2,2,int,26,3,8,9,60, Hartlauer. ,786,304,4440573.600000001,6983fa3a644fcca4e5fd8b3b,6983fa3a644fcca4e5fd8b3b,intermediate,3,6983fa3a644fcca4e5fd8b3b,6983fa3a644fcca4e5fd8b3b,spotlight_PROLIFIC,,36,Chile,Spanish,"Spanish, English",,Spanish:70|English:30,100,Spanish:70|English:30,100,Spanish:80|English:20,100,18,6,Bachelor's,10,10,10,6,8,9,7,17,14,16,TOEFL,80,,,,,23,25,C1,intermediate|advanced,intermediate|advanced,cambridge_22_25_intermediate_advanced,4,19,random,,288.263916015625,745.12158203125,308.263916015625,828.1076965332031,5,2,,,,,,,,,,,,2026-08-24T17:16:23.220Z,YVYMAZEH,2026-08-24,2026-08-24,13:16:23,2026-08-24 13:16:23,,,,,,,,6983fa3a644fcca4e5fd8b3b,6983fa3a644fcca4e5fd8b3b,,,,
30538,raw_position_sample,2,2,int,26,3,8,9,60, Hartlauer. ,795,304,4440623.7,6983fa3a644fcca4e5fd8b3b,6983fa3a644fcca4e5fd8b3b,intermediate,3,6983fa3a644fcca4e5fd8b3b,6983fa3a644fcca4e5fd8b3b,spotlight_PROLIFIC,,36,Chile,Spanish,"Spanish, English",,Spanish:70|English:30,100,Spanish:70|English:30,100,Spanish:80|English:20,100,18,6,Bachelor's,10,10,10,6,8,9,7,17,14,16,TOEFL,80,,,,,23,25,C1,intermediate|advanced,intermediate|advanced,cambridge_22_25_intermediate_advanced,4,19,random,,288.263916015625,745.12158203125,308.263916015625,828.1076965332031,5,2,,,,,,,,,,,,2026-08-24T17:16:23.220Z,YVYMAZEH,2026-08-24,2026-08-24,13:16:23,2026-08-24 13:16:23,,,,,,,,6983fa3a644fcca4e5fd8b3b,6983fa3a644fcca4e5fd8b3b,,,,
30591,raw_position_sample,2,2,int,26,3,8,9,60, Hartlauer. ,804,304,4440676.2,6983fa3a644fcca4e5fd8b3b,6983fa3a644fcca4e5fd8b3b,intermediate,3,6983fa3a644fcca4e5fd8b3b,6983fa3a644fcca4e5fd8b3b,spotlight_PROLIFIC,,36,Chile,Spanish,"Spanish, English",,Spanish:70|English:30,100,Spanish:70|English:30,100,Spanish:80|English:20,100,18,6,Bachelor's,10,10,10,6,8,9,7,17,14,16,TOEFL,80,,,,,23,25,C1,intermediate|advanced,intermediate|advanced,cambridge_22_25_intermediate_advanced,4,19,random,,288.263916015625,745.12158203125,308.263916015625,828.1076965332031,5,2,,,,,,,,,,,,2026-08-24T17:16:23.220Z,YVYMAZEH,2026-08-24,2026-08-24,13:16:23,2026-08-24 13:16:23,,,,,,,,6983fa3a644fcca4e5fd8b3b,6983fa3a644fcca4e5fd8b3b,,,,
30638,raw_position_sample,2,2,int,26,3,8,9,60, Hartlauer. ,812,304,4440723.600000001,6983fa3a644fcca4e5fd8b3b,6983fa3a644fcca4e5fd8b3b,intermediate,3,6983fa3a644fcca4e5fd8b3b,6983fa3a644fcca4e5fd8b3b,spotlight_PROLIFIC,,36,Chile,Spanish,"Spanish, English",,Spanish:70|English:30,100,Spanish:70|English:30,100,Spanish:80|English:20,100,18,6,Bachelor's,10,10,10,6,8,9,7,17,14,16,TOEFL,80,,,,,23,25,C1,intermediate|advanced,intermediate|advanced,cambridge_22_25_intermediate_advanced,4,19,random,,288.263916015625,745.12158203125,308.263916015625,828.1076965332031,5,2,,,,,,,,,,,,2026-08-24T17:16:23.220Z,YVYMAZEH,2026-08-24,2026-08-24,13:16:23,2026-08-24 13:16:23,,,,,,,,6983fa3a644fcca4e5fd8b3b,6983fa3a644fcca4e5fd8b3b,,,,
30688,raw_position_sample,2,2,int,26,3,8,9,60, Hartlauer. ,818,303,4440773.600000001,6983fa3a644fcca4e5fd8b3b,6983fa3a644fcca4e5fd8b3b,intermediate,3,6983fa3a644fcca4e5fd8b3b,6983fa3a644fcca4e5fd8b3b,spotlight_PROLIFIC,,36,Chile,Spanish,"Spanish, English",,Spanish:70|English:30,100,Spanish:70|English:30,100,Spanish:80|English:20,100,18,6,Bachelor's,10,10,10,6,8,9,7,17,14,16,TOEFL,80,,,,,23,25,C1,intermediate|advanced,intermediate|advanced,cambridge_22_25_intermediate_advanced,4,19,random,,288.263916015625,745.12158203125,308.263916015625,828.1076965332031,5,2,,,,,,,,,,,,2026-08-24T17:16:23.220Z,YVYMAZEH,2026-08-24,2026-08-24,13:16:23,2026-08-24 13:16:23,,,,,,,,6983fa3a644fcca4e5fd8b3b,6983fa3a644fcca4e5fd8b3b,,,,
30738,raw_position_sample,2,2,int,26,3,8,9,60, Hartlauer. ,821,302,4440823.8,6983fa3a644fcca4e5fd8b3b,6983fa3a644fcca4e5fd8b3b,intermediate,3,6983fa3a644fcca4e5fd8b3b,6983fa3a644fcca4e5fd8b3b,spotlight_PROLIFIC,,36,Chile,Spanish,"Spanish, English",,Spanish:70|English:30,100,Spanish:70|English:30,100,Spanish:80|English:20,100,18,6,Bachelor's,10,10,10,6,8,9,7,17,14,16,TOEFL,80,,,,,23,25,C1,intermediate|advanced,intermediate|advanced,cambridge_22_25_intermediate_advanced,4,19,random,,288.263916015625,745.12158203125,308.263916015625,828.1076965332031,5,2,,,,,,,,,,,,2026-08-24T17:16:23.220Z,YVYMAZEH,2026-08-24,2026-08-24,13:16:23,2026-08-24 13:16:23,,,,,,,,6983fa3a644fcca4e5fd8b3b,6983fa3a644fcca4e5fd8b3b,,,,
30789,raw_position_sample,2,2,int,26,3,8,9,60, Hartlauer. ,821,302,4440874.000000001,6983fa3a644fcca4e5fd8b3b,6983fa3a644fcca4e5fd8b3b,intermediate,3,6983fa3a644fcca4e5fd8b3b,6983fa3a644fcca4e5fd8b3b,spotlight_PROLIFIC,,36,Chile,Spanish,"Spanish, English",,Spanish:70|English:30,100,Spanish:70|English:30,100,Spanish:80|English:20,100,18,6,Bachelor's,10,10,10,6,8,9,7,17,14,16,TOEFL,80,,,,,23,25,C1,intermediate|advanced,intermediate|advanced,cambridge_22_25_intermediate_advanced,4,19,random,,288.263916015625,745.12158203125,308.263916015625,828.1076965332031,5,2,,,,,,,,,,,,2026-08-24T17:16:23.220Z,YVYMAZEH,2026-08-24,2026-08-24,13:16:23,2026-08-24 13:16:23,,,,,,,,6983fa3a644fcca4e5fd8b3b,6983fa3a644fcca4e5fd8b3b,,,,
30839,raw_position_sample,2,2,int,26,3,8,9,60, Hartlauer. ,821,302,4440924.2,6983fa3a644fcca4e5fd8b3b,6983fa3a644fcca4e5fd8b3b,intermediate,3,6983fa3a644fcca4e5fd8b3b,6983fa3a644fcca4e5fd8b3b,spotlight_PROLIFIC,,36,Chile,Spanish,"Spanish, English",,Spanish:70|English:30,100,Spanish:70|English:30,100,Spanish:80|English:20,100,18,6,Bachelor's,10,10,10,6,8,9,7,17,14,16,TOEFL,80,,,,,23,25,C1,intermediate|advanced,intermediate|advanced,cambridge_22_25_intermediate_advanced,4,19,random,,288.263916015625,745.12158203125,308.263916015625,828.1076965332031,5,2,,,,,,,,,,,,2026-08-24T17:16:23.220Z,YVYMAZEH,2026-08-24,2026-08-24,13:16:23,2026-08-24 13:16:23,,,,,,,,6983fa3a644fcca4e5fd8b3b,6983fa3a644fcca4e5fd8b3b,,,,
30888,raw_position_sample,2,2,int,26,3,8,9,60, Hartlauer. ,821,302,4440973.899999999,6983fa3a644fcca4e5fd8b3b,6983fa3a644fcca4e5fd8b3b,intermediate,3,6983fa3a644fcca4e5fd8b3b,6983fa3a644fcca4e5fd8b3b,spotlight_PROLIFIC,,36,Chile,Spanish,"Spanish, English",,Spanish:70|English:30,100,Spanish:70|English:30,100,Spanish:80|English:20,100,18,6,Bachelor's,10,10,10,6,8,9,7,17,14,16,TOEFL,80,,,,,23,25,C1,intermediate|advanced,intermediate|advanced,cambridge_22_25_intermediate_advanced,4,19,random,,288.263916015625,745.12158203125,308.263916015625,828.1076965332031,5,2,,,,,,,,,,,,2026-08-24T17:16:23.220Z,YVYMAZEH,2026-08-24,2026-08-24,13:16:23,2026-08-24 13:16:23,,,,,,,,6983fa3a644fcca4e5fd8b3b,6983fa3a644fcca4e5fd8b3b,,,,
30938,raw_position_sample,2,2,int,26,3,8,9,60, Hartlauer. ,821,302,4441023.8,6983fa3a644fcca4e5fd8b3b,6983fa3a644fcca4e5fd8b3b,intermediate,3,6983fa3a644fcca4e5fd8b3b,6983fa3a644fcca4e5fd8b3b,spotlight_PROLIFIC,,36,Chile,Spanish,"Spanish, English",,Spanish:70|English:30,100,Spanish:70|English:30,100,Spanish:80|English:20,100,18,6,Bachelor's,10,10,10,6,8,9,7,17,14,16,TOEFL,80,,,,,23,25,C1,intermediate|advanced,intermediate|advanced,cambridge_22_25_intermediate_advanced,4,19,random,,288.263916015625,745.12158203125,308.263916015625,828.1076965332031,5,2,,,,,,,,,,,,2026-08-24T17:16:23.220Z,YVYMAZEH,2026-08-24,2026-08-24,13:16:23,2026-08-24 13:16:23,,,,,,,,6983fa3a644fcca4e5fd8b3b,6983fa3a644fcca4e5fd8b3b,,,,
30988,raw_position_sample,2,2,int,26,3,8,9,60, Hartlauer. ,821,302,4441073.7,6983fa3a644fcca4e5fd8b3b,6983fa3a644fcca4e5fd8b3b,intermediate,3,6983fa3a644fcca4e5fd8b3b,6983fa3a644fcca4e5fd8b3b,spotlight_PROLIFIC,,36,Chile,Spanish,"Spanish, English",,Spanish:70|English:30,100,Spanish:70|English:30,100,Spanish:80|English:20,100,18,6,Bachelor's,10,10,10,6,8,9,7,17,14,16,TOEFL,80,,,,,23,25,C1,intermediate|advanced,intermediate|advanced,cambridge_22_25_intermediate_advanced,4,19,random,,288.263916015625,745.12158203125,308.263916015625,828.1076965332031,5,2,,,,,,,,,,,,2026-08-24T17:16:23.220Z,YVYMAZEH,2026-08-24,2026-08-24,13:16:23,2026-08-24 13:16:23,,,,,,,,6983fa3a644fcca4e5fd8b3b,6983fa3a644fcca4e5fd8b3b,,,,
31006,hover_association,2,2,int,26,3,8,9,60, Hartlauer. ,746,305,,6983fa3a644fcca4e5fd8b3b,6983fa3a644fcca4e5fd8b3b,intermediate,3,6983fa3a644fcca4e5fd8b3b,6983fa3a644fcca4e5fd8b3b,spotlight_PROLIFIC,,36,Chile,Spanish,"Spanish, English",,Spanish:70|English:30,100,Spanish:70|English:30,100,Spanish:80|English:20,100,18,6,Bachelor's,10,10,10,6,8,9,7,17,14,16,TOEFL,80,,,,,23,25,C1,intermediate|advanced,intermediate|advanced,cambridge_22_25_intermediate_advanced,4,19,random,,278.26390838623047,745.1215801239014,318.263916015625,828.1076812744141,5,2,hover,2320.9000000003725,2320.9000000003725,0.9987024179601021,0.5684021819301258,81,,,,,,2026-08-24T17:16:23.220Z,YVYMAZEH,2026-08-24,2026-08-24,13:16:23,2026-08-24 13:16:23,,,,,,,,6983fa3a644fcca4e5fd8b3b,6983fa3a644fcca4e5fd8b3b,,,,
31038,raw_position_sample,2,2,int,26,3,8,9,61, “We ,845,297,4441123.600000001,6983fa3a644fcca4e5fd8b3b,6983fa3a644fcca4e5fd8b3b,intermediate,3,6983fa3a644fcca4e5fd8b3b,6983fa3a644fcca4e5fd8b3b,spotlight_PROLIFIC,,36,Chile,Spanish,"Spanish, English",,Spanish:70|English:30,100,Spanish:70|English:30,100,Spanish:80|English:20,100,18,6,Bachelor's,10,10,10,6,8,9,7,17,14,16,TOEFL,80,,,,,23,25,C1,intermediate|advanced,intermediate|advanced,cambridge_22_25_intermediate_advanced,4,19,random,,288.263916015625,828.107666015625,308.263916015625,865.763916015625,5,3,,,,,,,,,,,,2026-08-24T17:16:23.220Z,YVYMAZEH,2026-08-24,2026-08-24,13:16:23,2026-08-24 13:16:23,,,,,,,,6983fa3a644fcca4e5fd8b3b,6983fa3a644fcca4e5fd8b3b,,,,
31089,raw_position_sample,2,2,int,26,3,8,9,61, “We ,856,295,4441174.899999999,6983fa3a644fcca4e5fd8b3b,6983fa3a644fcca4e5fd8b3b,intermediate,3,6983fa3a644fcca4e5fd8b3b,6983fa3a644fcca4e5fd8b3b,spotlight_PROLIFIC,,36,Chile,Spanish,"Spanish, English",,Spanish:70|English:30,100,Spanish:70|English:30,100,Spanish:80|English:20,100,18,6,Bachelor's,10,10,10,6,8,9,7,17,14,16,TOEFL,80,,,,,23,25,C1,intermediate|advanced,intermediate|advanced,cambridge_22_25_intermediate_advanced,4,19,random,,288.263916015625,828.107666015625,308.263916015625,865.763916015625,5,3,,,,,,,,,,,,2026-08-24T17:16:23.220Z,YVYMAZEH,2026-08-24,2026-08-24,13:16:23,2026-08-24 13:16:23,,,,,,,,6983fa3a644fcca4e5fd8b3b,6983fa3a644fcca4e5fd8b3b,,,,
31138,raw_position_sample,2,2,int,26,3,8,9,61, “We ,860,295,4441223.600000001,6983fa3a644fcca4e5fd8b3b,6983fa3a644fcca4e5fd8b3b,intermediate,3,6983fa3a644fcca4e5fd8b3b,6983fa3a644fcca4e5fd8b3b,spotlight_PROLIFIC,,36,Chile,Spanish,"Spanish, English",,Spanish:70|English:30,100,Spanish:70|English:30,100,Spanish:80|English:20,100,18,6,Bachelor's,10,10,10,6,8,9,7,17,14,16,TOEFL,80,,,,,23,25,C1,intermediate|advanced,intermediate|advanced,cambridge_22_25_intermediate_advanced,4,19,random,,288.263916015625,828.107666015625,308.263916015625,865.763916015625,5,3,,,,,,,,,,,,2026-08-24T17:16:23.220Z,YVYMAZEH,2026-08-24,2026-08-24,13:16:23,2026-08-24 13:16:23,,,,,,,,6983fa3a644fcca4e5fd8b3b,6983fa3a644fcca4e5fd8b3b,,,,
31188,raw_position_sample,2,2,int,26,3,8,9,61, “We ,860,295,4441273.7,6983fa3a644fcca4e5fd8b3b,6983fa3a644fcca4e5fd8b3b,intermediate,3,6983fa3a644fcca4e5fd8b3b,6983fa3a644fcca4e5fd8b3b,spotlight_PROLIFIC,,36,Chile,Spanish,"Spanish, English",,Spanish:70|English:30,100,Spanish:70|English:30,100,Spanish:80|English:20,100,18,6,Bachelor's,10,10,10,6,8,9,7,17,14,16,TOEFL,80,,,,,23,25,C1,intermediate|advanced,intermediate|advanced,cambridge_22_25_intermediate_advanced,4,19,random,,288.263916015625,828.107666015625,308.263916015625,865.763916015625,5,3,,,,,,,,,,,,2026-08-24T17:16:23.220Z,YVYMAZEH,2026-08-24,2026-08-24,13:16:23,2026-08-24 13:16:23,,,,,,,,6983fa3a644fcca4e5fd8b3b,6983fa3a644fcca4e5fd8b3b,,,,
31238,raw_position_sample,2,2,int,26,3,8,9,61, “We ,863,295,4441323.7,6983fa3a644fcca4e5fd8b3b,6983fa3a644fcca4e5fd8b3b,intermediate,3,6983fa3a644fcca4e5fd8b3b,6983fa3a644fcca4e5fd8b3b,spotlight_PROLIFIC,,36,Chile,Spanish,"Spanish, English",,Spanish:70|English:30,100,Spanish:70|English:30,100,Spanish:80|English:20,100,18,6,Bachelor's,10,10,10,6,8,9,7,17,14,16,TOEFL,80,,,,,23,25,C1,intermediate|advanced,intermediate|advanced,cambridge_22_25_intermediate_advanced,4,19,random,,288.263916015625,828.107666015625,308.263916015625,865.763916015625,5,3,,,,,,,,,,,,2026-08-24T17:16:23.220Z,YVYMAZEH,2026-08-24,2026-08-24,13:16:23,2026-08-24 13:16:23,,,,,,,,6983fa3a644fcca4e5fd8b3b,6983fa3a644fcca4e5fd8b3b,,,,
31267,hover_association,2,2,int,26,3,8,9,61, “We ,833,300,,6983fa3a644fcca4e5fd8b3b,6983fa3a644fcca4e5fd8b3b,intermediate,3,6983fa3a644fcca4e5fd8b3b,6983fa3a644fcca4e5fd8b3b,spotlight_PROLIFIC,,36,Chile,Spanish,"Spanish, English",,Spanish:70|English:30,100,Spanish:70|English:30,100,Spanish:80|English:20,100,18,6,Bachelor's,10,10,10,6,8,9,7,17,14,16,TOEFL,80,,,,,23,25,C1,intermediate|advanced,intermediate|advanced,cambridge_22_25_intermediate_advanced,4,19,random,,278.26390838623047,828.1076812744141,318.263916015625,865.763916015625,5,3,hover,260.69999999925494,260.69999999925494,0.9797134253895817,0.4184022105403499,81,,,,,,2026-08-24T17:16:23.220Z,YVYMAZEH,2026-08-24,2026-08-24,13:16:23,2026-08-24 13:16:23,,,,,,,,6983fa3a644fcca4e5fd8b3b,6983fa3a644fcca4e5fd8b3b,,,,
31289,raw_position_sample,2,2,int,26,3,8,9,62, also ,868,295,4441374.7,6983fa3a644fcca4e5fd8b3b,6983fa3a644fcca4e5fd8b3b,intermediate,3,6983fa3a644fcca4e5fd8b3b,6983fa3a644fcca4e5fd8b3b,spotlight_PROLIFIC,,36,Chile,Spanish,"Spanish, English",,Spanish:70|English:30,100,Spanish:70|English:30,100,Spanish:80|English:20,100,18,6,Bachelor's,10,10,10,6,8,9,7,17,14,16,TOEFL,80,,,,,23,25,C1,intermediate|advanced,intermediate|advanced,cambridge_22_25_intermediate_advanced,4,19,random,,288.263916015625,865.763916015625,308.263916015625,903.767391204834,5,4,,,,,,,,,,,,2026-08-24T17:16:23.220Z,YVYMAZEH,2026-08-24,2026-08-24,13:16:23,2026-08-24 13:16:23,,,,,,,,6983fa3a644fcca4e5fd8b3b,6983fa3a644fcca4e5fd8b3b,,,,
31338,raw_position_sample,2,2,int,26,3,8,9,62, also ,872,295,4441423.8,6983fa3a644fcca4e5fd8b3b,6983fa3a644fcca4e5fd8b3b,intermediate,3,6983fa3a644fcca4e5fd8b3b,6983fa3a644fcca4e5fd8b3b,spotlight_PROLIFIC,,36,Chile,Spanish,"Spanish, English",,Spanish:70|English:30,100,Spanish:70|English:30,100,Spanish:80|English:20,100,18,6,Bachelor's,10,10,10,6,8,9,7,17,14,16,TOEFL,80,,,,,23,25,C1,intermediate|advanced,intermediate|advanced,cambridge_22_25_intermediate_advanced,4,19,random,,288.263916015625,865.763916015625,308.263916015625,903.767391204834,5,4,,,,,,,,,,,,2026-08-24T17:16:23.220Z,YVYMAZEH,2026-08-24,2026-08-24,13:16:23,2026-08-24 13:16:23,,,,,,,,6983fa3a644fcca4e5fd8b3b,6983fa3a644fcca4e5fd8b3b,,,,
31389,raw_position_sample,2,2,int,26,3,8,9,62, also ,876,295,4441474.2,6983fa3a644fcca4e5fd8b3b,6983fa3a644fcca4e5fd8b3b,intermediate,3,6983fa3a644fcca4e5fd8b3b,6983fa3a644fcca4e5fd8b3b,spotlight_PROLIFIC,,36,Chile,Spanish,"Spanish, English",,Spanish:70|English:30,100,Spanish:70|English:30,100,Spanish:80|English:20,100,18,6,Bachelor's,10,10,10,6,8,9,7,17,14,16,TOEFL,80,,,,,23,25,C1,intermediate|advanced,intermediate|advanced,cambridge_22_25_intermediate_advanced,4,19,random,,288.263916015625,865.763916015625,308.263916015625,903.767391204834,5,4,,,,,,,,,,,,2026-08-24T17:16:23.220Z,YVYMAZEH,2026-08-24,2026-08-24,13:16:23,2026-08-24 13:16:23,,,,,,,,6983fa3a644fcca4e5fd8b3b,6983fa3a644fcca4e5fd8b3b,,,,
31442,raw_position_sample,2,2,int,26,3,8,9,62, also ,891,302,4441527.8,6983fa3a644fcca4e5fd8b3b,6983fa3a644fcca4e5fd8b3b,intermediate,3,6983fa3a644fcca4e5fd8b3b,6983fa3a644fcca4e5fd8b3b,spotlight_PROLIFIC,,36,Chile,Spanish,"Spanish, English",,Spanish:70|English:30,100,Spanish:70|English:30,100,Spanish:80|English:20,100,18,6,Bachelor's,10,10,10,6,8,9,7,17,14,16,TOEFL,80,,,,,23,25,C1,intermediate|advanced,intermediate|advanced,cambridge_22_25_intermediate_advanced,4,19,random,,288.263916015625,865.763916015625,308.263916015625,903.767391204834,5,4,,,,,,,,,,,,2026-08-24T17:16:23.220Z,YVYMAZEH,2026-08-24,2026-08-24,13:16:23,2026-08-24 13:16:23,,,,,,,,6983fa3a644fcca4e5fd8b3b,6983fa3a644fcca4e5fd8b3b,,,,
31489,raw_position_sample,2,2,int,26,3,8,9,62, also ,903,304,4441574.000000001,6983fa3a644fcca4e5fd8b3b,6983fa3a644fcca4e5fd8b3b,intermediate,3,6983fa3a644fcca4e5fd8b3b,6983fa3a644fcca4e5fd8b3b,spotlight_PROLIFIC,,36,Chile,Spanish,"Spanish, English",,Spanish:70|English:30,100,Spanish:70|English:30,100,Spanish:80|English:20,100,18,6,Bachelor's,10,10,10,6,8,9,7,17,14,16,TOEFL,80,,,,,23,25,C1,intermediate|advanced,intermediate|advanced,cambridge_22_25_intermediate_advanced,4,19,random,,288.263916015625,865.763916015625,308.263916015625,903.767391204834,5,4,,,,,,,,,,,,2026-08-24T17:16:23.220Z,YVYMAZEH,2026-08-24,2026-08-24,13:16:23,2026-08-24 13:16:23,,,,,,,,6983fa3a644fcca4e5fd8b3b,6983fa3a644fcca4e5fd8b3b,,,,
31493,hover_association,2,2,int,26,3,8,9,62, also ,866,295,,6983fa3a644fcca4e5fd8b3b,6983fa3a644fcca4e5fd8b3b,intermediate,3,6983fa3a644fcca4e5fd8b3b,6983fa3a644fcca4e5fd8b3b,spotlight_PROLIFIC,,36,Chile,Spanish,"Spanish, English",,Spanish:70|English:30,100,Spanish:70|English:30,100,Spanish:80|English:20,100,18,6,Bachelor's,10,10,10,6,8,9,7,17,14,16,TOEFL,80,,,,,23,25,C1,intermediate|advanced,intermediate|advanced,cambridge_22_25_intermediate_advanced,4,19,random,,278.26390838623047,865.763916015625,318.263916015625,903.7673931121826,5,4,hover,224.90000000037253,224.90000000037253,0.9798072921003292,0.6434021676250138,81,,,,,,2026-08-24T17:16:23.220Z,YVYMAZEH,2026-08-24,2026-08-24,13:16:23,2026-08-24 13:16:23,,,,,,,,6983fa3a644fcca4e5fd8b3b,6983fa3a644fcca4e5fd8b3b,,,,
31539,raw_position_sample,2,2,int,26,3,8,9,63, have ,914,304,4441624.2,6983fa3a644fcca4e5fd8b3b,6983fa3a644fcca4e5fd8b3b,intermediate,3,6983fa3a644fcca4e5fd8b3b,6983fa3a644fcca4e5fd8b3b,spotlight_PROLIFIC,,36,Chile,Spanish,"Spanish, English",,Spanish:70|English:30,100,Spanish:70|English:30,100,Spanish:80|English:20,100,18,6,Bachelor's,10,10,10,6,8,9,7,17,14,16,TOEFL,80,,,,,23,25,C1,intermediate|advanced,intermediate|advanced,cambridge_22_25_intermediate_advanced,4,19,random,,288.263916015625,903.7673950195312,308.263916015625,947.7778129577637,5,5,,,,,,,,,,,,2026-08-24T17:16:23.220Z,YVYMAZEH,2026-08-24,2026-08-24,13:16:23,2026-08-24 13:16:23,,,,,,,,6983fa3a644fcca4e5fd8b3b,6983fa3a644fcca4e5fd8b3b,,,,
31590,raw_position_sample,2,2,int,26,3,8,9,63, have ,921,304,4441675.7,6983fa3a644fcca4e5fd8b3b,6983fa3a644fcca4e5fd8b3b,intermediate,3,6983fa3a644fcca4e5fd8b3b,6983fa3a644fcca4e5fd8b3b,spotlight_PROLIFIC,,36,Chile,Spanish,"Spanish, English",,Spanish:70|English:30,100,Spanish:70|English:30,100,Spanish:80|English:20,100,18,6,Bachelor's,10,10,10,6,8,9,7,17,14,16,TOEFL,80,,,,,23,25,C1,intermediate|advanced,intermediate|advanced,cambridge_22_25_intermediate_advanced,4,19,random,,288.263916015625,903.7673950195312,308.263916015625,947.7778129577637,5,5,,,,,,,,,,,,2026-08-24T17:16:23.220Z,YVYMAZEH,2026-08-24,2026-08-24,13:16:23,2026-08-24 13:16:23,,,,,,,,6983fa3a644fcca4e5fd8b3b,6983fa3a644fcca4e5fd8b3b,,,,
31640,raw_position_sample,2,2,int,26,3,8,9,63, have ,925,304,4441725.399999999,6983fa3a644fcca4e5fd8b3b,6983fa3a644fcca4e5fd8b3b,intermediate,3,6983fa3a644fcca4e5fd8b3b,6983fa3a644fcca4e5fd8b3b,spotlight_PROLIFIC,,36,Chile,Spanish,"Spanish, English",,Spanish:70|English:30,100,Spanish:70|English:30,100,Spanish:80|English:20,100,18,6,Bachelor's,10,10,10,6,8,9,7,17,14,16,TOEFL,80,,,,,23,25,C1,intermediate|advanced,intermediate|advanced,cambridge_22_25_intermediate_advanced,4,19,random,,288.263916015625,903.7673950195312,308.263916015625,947.7778129577637,5,5,,,,,,,,,,,,2026-08-24T17:16:23.220Z,YVYMAZEH,2026-08-24,2026-08-24,13:16:23,2026-08-24 13:16:23,,,,,,,,6983fa3a644fcca4e5fd8b3b,6983fa3a644fcca4e5fd8b3b,,,,
31689,raw_position_sample,2,2,int,26,3,8,9,63, have ,930,304,4441774.500000001,6983fa3a644fcca4e5fd8b3b,6983fa3a644fcca4e5fd8b3b,intermediate,3,6983fa3a644fcca4e5fd8b3b,6983fa3a644fcca4e5fd8b3b,spotlight_PROLIFIC,,36,Chile,Spanish,"Spanish, English",,Spanish:70|English:30,100,Spanish:70|English:30,100,Spanish:80|English:20,100,18,6,Bachelor's,10,10,10,6,8,9,7,17,14,16,TOEFL,80,,,,,23,25,C1,intermediate|advanced,intermediate|advanced,cambridge_22_25_intermediate_advanced,4,19,random,,288.263916015625,903.7673950195312,308.263916015625,947.7778129577637,5,5,,,,,,,,,,,,2026-08-24T17:16:23.220Z,YVYMAZEH,2026-08-24,2026-08-24,13:16:23,2026-08-24 13:16:23,,,,,,,,6983fa3a644fcca4e5fd8b3b,6983fa3a644fcca4e5fd8b3b,,,,
31738,raw_position_sample,2,2,int,26,3,8,9,63, have ,938,304,4441823.600000001,6983fa3a644fcca4e5fd8b3b,6983fa3a644fcca4e5fd8b3b,intermediate,3,6983fa3a644fcca4e5fd8b3b,6983fa3a644fcca4e5fd8b3b,spotlight_PROLIFIC,,36,Chile,Spanish,"Spanish, English",,Spanish:70|English:30,100,Spanish:70|English:30,100,Spanish:80|English:20,100,18,6,Bachelor's,10,10,10,6,8,9,7,17,14,16,TOEFL,80,,,,,23,25,C1,intermediate|advanced,intermediate|advanced,cambridge_22_25_intermediate_advanced,4,19,random,,288.263916015625,903.7673950195312,308.263916015625,947.7778129577637,5,5,,,,,,,,,,,,2026-08-24T17:16:23.220Z,YVYMAZEH,2026-08-24,2026-08-24,13:16:23,2026-08-24 13:16:23,,,,,,,,6983fa3a644fcca4e5fd8b3b,6983fa3a644fcca4e5fd8b3b,,,,
31788,raw_position_sample,2,2,int,26,3,8,9,63, have ,943,304,4441873.7,6983fa3a644fcca4e5fd8b3b,6983fa3a644fcca4e5fd8b3b,intermediate,3,6983fa3a644fcca4e5fd8b3b,6983fa3a644fcca4e5fd8b3b,spotlight_PROLIFIC,,36,Chile,Spanish,"Spanish, English",,Spanish:70|English:30,100,Spanish:70|English:30,100,Spanish:80|English:20,100,18,6,Bachelor's,10,10,10,6,8,9,7,17,14,16,TOEFL,80,,,,,23,25,C1,intermediate|advanced,intermediate|advanced,cambridge_22_25_intermediate_advanced,4,19,random,,288.263916015625,903.7673950195312,308.263916015625,947.7778129577637,5,5,,,,,,,,,,,,2026-08-24T17:16:23.220Z,YVYMAZEH,2026-08-24,2026-08-24,13:16:23,2026-08-24 13:16:23,,,,,,,,6983fa3a644fcca4e5fd8b3b,6983fa3a644fcca4e5fd8b3b,,,,
31838,raw_position_sample,2,2,int,26,3,8,9,63, have ,943,304,4441923.7,6983fa3a644fcca4e5fd8b3b,6983fa3a644fcca4e5fd8b3b,intermediate,3,6983fa3a644fcca4e5fd8b3b,6983fa3a644fcca4e5fd8b3b,spotlight_PROLIFIC,,36,Chile,Spanish,"Spanish, English",,Spanish:70|English:30,100,Spanish:70|English:30,100,Spanish:80|English:20,100,18,6,Bachelor's,10,10,10,6,8,9,7,17,14,16,TOEFL,80,,,,,23,25,C1,intermediate|advanced,intermediate|advanced,cambridge_22_25_intermediate_advanced,4,19,random,,288.263916015625,903.7673950195312,308.263916015625,947.7778129577637,5,5,,,,,,,,,,,,2026-08-24T17:16:23.220Z,YVYMAZEH,2026-08-24,2026-08-24,13:16:23,2026-08-24 13:16:23,,,,,,,,6983fa3a644fcca4e5fd8b3b,6983fa3a644fcca4e5fd8b3b,,,,
31888,raw_position_sample,2,2,int,26,3,8,9,63, have ,943,304,4441973.8,6983fa3a644fcca4e5fd8b3b,6983fa3a644fcca4e5fd8b3b,intermediate,3,6983fa3a644fcca4e5fd8b3b,6983fa3a644fcca4e5fd8b3b,spotlight_PROLIFIC,,36,Chile,Spanish,"Spanish, English",,Spanish:70|English:30,100,Spanish:70|English:30,100,Spanish:80|English:20,100,18,6,Bachelor's,10,10,10,6,8,9,7,17,14,16,TOEFL,80,,,,,23,25,C1,intermediate|advanced,intermediate|advanced,cambridge_22_25_intermediate_advanced,4,19,random,,288.263916015625,903.7673950195312,308.263916015625,947.7778129577637,5,5,,,,,,,,,,,,2026-08-24T17:16:23.220Z,YVYMAZEH,2026-08-24,2026-08-24,13:16:23,2026-08-24 13:16:23,,,,,,,,6983fa3a644fcca4e5fd8b3b,6983fa3a644fcca4e5fd8b3b,,,,
31938,raw_position_sample,2,2,int,26,3,8,9,63, have ,943,304,4442023.600000001,6983fa3a644fcca4e5fd8b3b,6983fa3a644fcca4e5fd8b3b,intermediate,3,6983fa3a644fcca4e5fd8b3b,6983fa3a644fcca4e5fd8b3b,spotlight_PROLIFIC,,36,Chile,Spanish,"Spanish, English",,Spanish:70|English:30,100,Spanish:70|English:30,100,Spanish:80|English:20,100,18,6,Bachelor's,10,10,10,6,8,9,7,17,14,16,TOEFL,80,,,,,23,25,C1,intermediate|advanced,intermediate|advanced,cambridge_22_25_intermediate_advanced,4,19,random,,288.263916015625,903.7673950195312,308.263916015625,947.7778129577637,5,5,,,,,,,,,,,,2026-08-24T17:16:23.220Z,YVYMAZEH,2026-08-24,2026-08-24,13:16:23,2026-08-24 13:16:23,,,,,,,,6983fa3a644fcca4e5fd8b3b,6983fa3a644fcca4e5fd8b3b,,,,
31992,raw_position_sample,2,2,int,26,3,8,9,63, have ,945,304,4442077.2,6983fa3a644fcca4e5fd8b3b,6983fa3a644fcca4e5fd8b3b,intermediate,3,6983fa3a644fcca4e5fd8b3b,6983fa3a644fcca4e5fd8b3b,spotlight_PROLIFIC,,36,Chile,Spanish,"Spanish, English",,Spanish:70|English:30,100,Spanish:70|English:30,100,Spanish:80|English:20,100,18,6,Bachelor's,10,10,10,6,8,9,7,17,14,16,TOEFL,80,,,,,23,25,C1,intermediate|advanced,intermediate|advanced,cambridge_22_25_intermediate_advanced,4,19,random,,288.263916015625,903.7673950195312,308.263916015625,947.7778129577637,5,5,,,,,,,,,,,,2026-08-24T17:16:23.220Z,YVYMAZEH,2026-08-24,2026-08-24,13:16:23,2026-08-24 13:16:23,,,,,,,,6983fa3a644fcca4e5fd8b3b,6983fa3a644fcca4e5fd8b3b,,,,
32026,hover_association,2,2,int,26,3,8,9,63, have ,904,304,,6983fa3a644fcca4e5fd8b3b,6983fa3a644fcca4e5fd8b3b,intermediate,3,6983fa3a644fcca4e5fd8b3b,6983fa3a644fcca4e5fd8b3b,spotlight_PROLIFIC,,36,Chile,Spanish,"Spanish, English",,Spanish:70|English:30,100,Spanish:70|English:30,100,Spanish:80|English:20,100,18,6,Bachelor's,10,10,10,6,8,9,7,17,14,16,TOEFL,80,,,,,23,25,C1,intermediate|advanced,intermediate|advanced,cambridge_22_25_intermediate_advanced,4,19,random,,278.26390838623047,903.7673931121826,318.263916015625,947.7778224945068,5,5,hover,534.4000000003725,534.4000000003725,0.9823264052311376,0.6434021676250138,81,,,,,,2026-08-24T17:16:23.220Z,YVYMAZEH,2026-08-24,2026-08-24,13:16:23,2026-08-24 13:16:23,,,,,,,,6983fa3a644fcca4e5fd8b3b,6983fa3a644fcca4e5fd8b3b,,,,
32038,raw_position_sample,2,2,int,26,3,8,9,64, terrific ,948,304,4442123.600000001,6983fa3a644fcca4e5fd8b3b,6983fa3a644fcca4e5fd8b3b,intermediate,3,6983fa3a644fcca4e5fd8b3b,6983fa3a644fcca4e5fd8b3b,spotlight_PROLIFIC,,36,Chile,Spanish,"Spanish, English",,Spanish:70|English:30,100,Spanish:70|English:30,100,Spanish:80|English:20,100,18,6,Bachelor's,10,10,10,6,8,9,7,17,14,16,TOEFL,80,,,,,23,25,C1,intermediate|advanced,intermediate|advanced,cambridge_22_25_intermediate_advanced,4,19,random,,288.263916015625,947.77783203125,308.263916015625,1001.7361679077148,5,6,,,,,,,,,,,,2026-08-24T17:16:23.220Z,YVYMAZEH,2026-08-24,2026-08-24,13:16:23,2026-08-24 13:16:23,,,,,,,,6983fa3a644fcca4e5fd8b3b,6983fa3a644fcca4e5fd8b3b,,,,
32091,raw_position_sample,2,2,int,26,3,8,9,64, terrific ,954,304,4442176.2,6983fa3a644fcca4e5fd8b3b,6983fa3a644fcca4e5fd8b3b,intermediate,3,6983fa3a644fcca4e5fd8b3b,6983fa3a644fcca4e5fd8b3b,spotlight_PROLIFIC,,36,Chile,Spanish,"Spanish, English",,Spanish:70|English:30,100,Spanish:70|English:30,100,Spanish:80|English:20,100,18,6,Bachelor's,10,10,10,6,8,9,7,17,14,16,TOEFL,80,,,,,23,25,C1,intermediate|advanced,intermediate|advanced,cambridge_22_25_intermediate_advanced,4,19,random,,288.263916015625,947.77783203125,308.263916015625,1001.7361679077148,5,6,,,,,,,,,,,,2026-08-24T17:16:23.220Z,YVYMAZEH,2026-08-24,2026-08-24,13:16:23,2026-08-24 13:16:23,,,,,,,,6983fa3a644fcca4e5fd8b3b,6983fa3a644fcca4e5fd8b3b,,,,
32139,raw_position_sample,2,2,int,26,3,8,9,64, terrific ,958,304,4442224.2,6983fa3a644fcca4e5fd8b3b,6983fa3a644fcca4e5fd8b3b,intermediate,3,6983fa3a644fcca4e5fd8b3b,6983fa3a644fcca4e5fd8b3b,spotlight_PROLIFIC,,36,Chile,Spanish,"Spanish, English",,Spanish:70|English:30,100,Spanish:70|English:30,100,Spanish:80|English:20,100,18,6,Bachelor's,10,10,10,6,8,9,7,17,14,16,TOEFL,80,,,,,23,25,C1,intermediate|advanced,intermediate|advanced,cambridge_22_25_intermediate_advanced,4,19,random,,288.263916015625,947.77783203125,308.263916015625,1001.7361679077148,5,6,,,,,,,,,,,,2026-08-24T17:16:23.220Z,YVYMAZEH,2026-08-24,2026-08-24,13:16:23,2026-08-24 13:16:23,,,,,,,,6983fa3a644fcca4e5fd8b3b,6983fa3a644fcca4e5fd8b3b,,,,
32188,raw_position_sample,2,2,int,26,3,8,9,64, terrific ,962,304,4442273.8,6983fa3a644fcca4e5fd8b3b,6983fa3a644fcca4e5fd8b3b,intermediate,3,6983fa3a644fcca4e5fd8b3b,6983fa3a644fcca4e5fd8b3b,spotlight_PROLIFIC,,36,Chile,Spanish,"Spanish, English",,Spanish:70|English:30,100,Spanish:70|English:30,100,Spanish:80|English:20,100,18,6,Bachelor's,10,10,10,6,8,9,7,17,14,16,TOEFL,80,,,,,23,25,C1,intermediate|advanced,intermediate|advanced,cambridge_22_25_intermediate_advanced,4,19,random,,288.263916015625,947.77783203125,308.263916015625,1001.7361679077148,5,6,,,,,,,,,,,,2026-08-24T17:16:23.220Z,YVYMAZEH,2026-08-24,2026-08-24,13:16:23,2026-08-24 13:16:23,,,,,,,,6983fa3a644fcca4e5fd8b3b,6983fa3a644fcca4e5fd8b3b,,,,
32238,raw_position_sample,2,2,int,26,3,8,9,64, terrific ,964,304,4442323.600000001,6983fa3a644fcca4e5fd8b3b,6983fa3a644fcca4e5fd8b3b,intermediate,3,6983fa3a644fcca4e5fd8b3b,6983fa3a644fcca4e5fd8b3b,spotlight_PROLIFIC,,36,Chile,Spanish,"Spanish, English",,Spanish:70|English:30,100,Spanish:70|English:30,100,Spanish:80|English:20,100,18,6,Bachelor's,10,10,10,6,8,9,7,17,14,16,TOEFL,80,,,,,23,25,C1,intermediate|advanced,intermediate|advanced,cambridge_22_25_intermediate_advanced,4,19,random,,288.263916015625,947.77783203125,308.263916015625,1001.7361679077148,5,6,,,,,,,,,,,,2026-08-24T17:16:23.220Z,YVYMAZEH,2026-08-24,2026-08-24,13:16:23,2026-08-24 13:16:23,,,,,,,,6983fa3a644fcca4e5fd8b3b,6983fa3a644fcca4e5fd8b3b,,,,
32288,raw_position_sample,2,2,int,26,3,8,9,64, terrific ,968,304,4442374.000000001,6983fa3a644fcca4e5fd8b3b,6983fa3a644fcca4e5fd8b3b,intermediate,3,6983fa3a644fcca4e5fd8b3b,6983fa3a644fcca4e5fd8b3b,spotlight_PROLIFIC,,36,Chile,Spanish,"Spanish, English",,Spanish:70|English:30,100,Spanish:70|English:30,100,Spanish:80|English:20,100,18,6,Bachelor's,10,10,10,6,8,9,7,17,14,16,TOEFL,80,,,,,23,25,C1,intermediate|advanced,intermediate|advanced,cambridge_22_25_intermediate_advanced,4,19,random,,288.263916015625,947.77783203125,308.263916015625,1001.7361679077148,5,6,,,,,,,,,,,,2026-08-24T17:16:23.220Z,YVYMAZEH,2026-08-24,2026-08-24,13:16:23,2026-08-24 13:16:23,,,,,,,,6983fa3a644fcca4e5fd8b3b,6983fa3a644fcca4e5fd8b3b,,,,
32339,raw_position_sample,2,2,int,26,3,8,9,64, terrific ,974,304,4442424.000000001,6983fa3a644fcca4e5fd8b3b,6983fa3a644fcca4e5fd8b3b,intermediate,3,6983fa3a644fcca4e5fd8b3b,6983fa3a644fcca4e5fd8b3b,spotlight_PROLIFIC,,36,Chile,Spanish,"Spanish, English",,Spanish:70|English:30,100,Spanish:70|English:30,100,Spanish:80|English:20,100,18,6,Bachelor's,10,10,10,6,8,9,7,17,14,16,TOEFL,80,,,,,23,25,C1,intermediate|advanced,intermediate|advanced,cambridge_22_25_intermediate_advanced,4,19,random,,288.263916015625,947.77783203125,308.263916015625,1001.7361679077148,5,6,,,,,,,,,,,,2026-08-24T17:16:23.220Z,YVYMAZEH,2026-08-24,2026-08-24,13:16:23,2026-08-24 13:16:23,,,,,,,,6983fa3a644fcca4e5fd8b3b,6983fa3a644fcca4e5fd8b3b,,,,
32388,raw_position_sample,2,2,int,26,3,8,9,64, terrific ,978,304,4442473.7,6983fa3a644fcca4e5fd8b3b,6983fa3a644fcca4e5fd8b3b,intermediate,3,6983fa3a644fcca4e5fd8b3b,6983fa3a644fcca4e5fd8b3b,spotlight_PROLIFIC,,36,Chile,Spanish,"Spanish, English",,Spanish:70|English:30,100,Spanish:70|English:30,100,Spanish:80|English:20,100,18,6,Bachelor's,10,10,10,6,8,9,7,17,14,16,TOEFL,80,,,,,23,25,C1,intermediate|advanced,intermediate|advanced,cambridge_22_25_intermediate_advanced,4,19,random,,288.263916015625,947.77783203125,308.263916015625,1001.7361679077148,5,6,,,,,,,,,,,,2026-08-24T17:16:23.220Z,YVYMAZEH,2026-08-24,2026-08-24,13:16:23,2026-08-24 13:16:23,,,,,,,,6983fa3a644fcca4e5fd8b3b,6983fa3a644fcca4e5fd8b3b,,,,
32440,raw_position_sample,2,2,int,26,3,8,9,64, terrific ,984,304,4442525.600000001,6983fa3a644fcca4e5fd8b3b,6983fa3a644fcca4e5fd8b3b,intermediate,3,6983fa3a644fcca4e5fd8b3b,6983fa3a644fcca4e5fd8b3b,spotlight_PROLIFIC,,36,Chile,Spanish,"Spanish, English",,Spanish:70|English:30,100,Spanish:70|English:30,100,Spanish:80|English:20,100,18,6,Bachelor's,10,10,10,6,8,9,7,17,14,16,TOEFL,80,,,,,23,25,C1,intermediate|advanced,intermediate|advanced,cambridge_22_25_intermediate_advanced,4,19,random,,288.263916015625,947.77783203125,308.263916015625,1001.7361679077148,5,6,,,,,,,,,,,,2026-08-24T17:16:23.220Z,YVYMAZEH,2026-08-24,2026-08-24,13:16:23,2026-08-24 13:16:23,,,,,,,,6983fa3a644fcca4e5fd8b3b,6983fa3a644fcca4e5fd8b3b,,,,
32488,raw_position_sample,2,2,int,26,3,8,9,64, terrific ,987,304,4442573.7,6983fa3a644fcca4e5fd8b3b,6983fa3a644fcca4e5fd8b3b,intermediate,3,6983fa3a644fcca4e5fd8b3b,6983fa3a644fcca4e5fd8b3b,spotlight_PROLIFIC,,36,Chile,Spanish,"Spanish, English",,Spanish:70|English:30,100,Spanish:70|English:30,100,Spanish:80|English:20,100,18,6,Bachelor's,10,10,10,6,8,9,7,17,14,16,TOEFL,80,,,,,23,25,C1,intermediate|advanced,intermediate|advanced,cambridge_22_25_intermediate_advanced,4,19,random,,288.263916015625,947.77783203125,308.263916015625,1001.7361679077148,5,6,,,,,,,,,,,,2026-08-24T17:16:23.220Z,YVYMAZEH,2026-08-24,2026-08-24,13:16:23,2026-08-24 13:16:23,,,,,,,,6983fa3a644fcca4e5fd8b3b,6983fa3a644fcca4e5fd8b3b,,,,
32539,raw_position_sample,2,2,int,26,3,8,9,64, terrific ,987,304,4442624.000000001,6983fa3a644fcca4e5fd8b3b,6983fa3a644fcca4e5fd8b3b,intermediate,3,6983fa3a644fcca4e5fd8b3b,6983fa3a644fcca4e5fd8b3b,spotlight_PROLIFIC,,36,Chile,Spanish,"Spanish, English",,Spanish:70|English:30,100,Spanish:70|English:30,100,Spanish:80|English:20,100,18,6,Bachelor's,10,10,10,6,8,9,7,17,14,16,TOEFL,80,,,,,23,25,C1,intermediate|advanced,intermediate|advanced,cambridge_22_25_intermediate_advanced,4,19,random,,288.263916015625,947.77783203125,308.263916015625,1001.7361679077148,5,6,,,,,,,,,,,,2026-08-24T17:16:23.220Z,YVYMAZEH,2026-08-24,2026-08-24,13:16:23,2026-08-24 13:16:23,,,,,,,,6983fa3a644fcca4e5fd8b3b,6983fa3a644fcca4e5fd8b3b,,,,
32589,raw_position_sample,2,2,int,26,3,8,9,64, terrific ,987,304,4442674.100000001,6983fa3a644fcca4e5fd8b3b,6983fa3a644fcca4e5fd8b3b,intermediate,3,6983fa3a644fcca4e5fd8b3b,6983fa3a644fcca4e5fd8b3b,spotlight_PROLIFIC,,36,Chile,Spanish,"Spanish, English",,Spanish:70|English:30,100,Spanish:70|English:30,100,Spanish:80|English:20,100,18,6,Bachelor's,10,10,10,6,8,9,7,17,14,16,TOEFL,80,,,,,23,25,C1,intermediate|advanced,intermediate|advanced,cambridge_22_25_intermediate_advanced,4,19,random,,288.263916015625,947.77783203125,308.263916015625,1001.7361679077148,5,6,,,,,,,,,,,,2026-08-24T17:16:23.220Z,YVYMAZEH,2026-08-24,2026-08-24,13:16:23,2026-08-24 13:16:23,,,,,,,,6983fa3a644fcca4e5fd8b3b,6983fa3a644fcca4e5fd8b3b,,,,
32638,raw_position_sample,2,2,int,26,3,8,9,64, terrific ,987,304,4442723.8,6983fa3a644fcca4e5fd8b3b,6983fa3a644fcca4e5fd8b3b,intermediate,3,6983fa3a644fcca4e5fd8b3b,6983fa3a644fcca4e5fd8b3b,spotlight_PROLIFIC,,36,Chile,Spanish,"Spanish, English",,Spanish:70|English:30,100,Spanish:70|English:30,100,Spanish:80|English:20,100,18,6,Bachelor's,10,10,10,6,8,9,7,17,14,16,TOEFL,80,,,,,23,25,C1,intermediate|advanced,intermediate|advanced,cambridge_22_25_intermediate_advanced,4,19,random,,288.263916015625,947.77783203125,308.263916015625,1001.7361679077148,5,6,,,,,,,,,,,,2026-08-24T17:16:23.220Z,YVYMAZEH,2026-08-24,2026-08-24,13:16:23,2026-08-24 13:16:23,,,,,,,,6983fa3a644fcca4e5fd8b3b,6983fa3a644fcca4e5fd8b3b,,,,
32689,raw_position_sample,2,2,int,26,3,8,9,64, terrific ,987,304,4442774.100000001,6983fa3a644fcca4e5fd8b3b,6983fa3a644fcca4e5fd8b3b,intermediate,3,6983fa3a644fcca4e5fd8b3b,6983fa3a644fcca4e5fd8b3b,spotlight_PROLIFIC,,36,Chile,Spanish,"Spanish, English",,Spanish:70|English:30,100,Spanish:70|English:30,100,Spanish:80|English:20,100,18,6,Bachelor's,10,10,10,6,8,9,7,17,14,16,TOEFL,80,,,,,23,25,C1,intermediate|advanced,intermediate|advanced,cambridge_22_25_intermediate_advanced,4,19,random,,288.263916015625,947.77783203125,308.263916015625,1001.7361679077148,5,6,,,,,,,,,,,,2026-08-24T17:16:23.220Z,YVYMAZEH,2026-08-24,2026-08-24,13:16:23,2026-08-24 13:16:23,,,,,,,,6983fa3a644fcca4e5fd8b3b,6983fa3a644fcca4e5fd8b3b,,,,
32738,raw_position_sample,2,2,int,26,3,8,9,64, terrific ,987,304,4442823.899999999,6983fa3a644fcca4e5fd8b3b,6983fa3a644fcca4e5fd8b3b,intermediate,3,6983fa3a644fcca4e5fd8b3b,6983fa3a644fcca4e5fd8b3b,spotlight_PROLIFIC,,36,Chile,Spanish,"Spanish, English",,Spanish:70|English:30,100,Spanish:70|English:30,100,Spanish:80|English:20,100,18,6,Bachelor's,10,10,10,6,8,9,7,17,14,16,TOEFL,80,,,,,23,25,C1,intermediate|advanced,intermediate|advanced,cambridge_22_25_intermediate_advanced,4,19,random,,288.263916015625,947.77783203125,308.263916015625,1001.7361679077148,5,6,,,,,,,,,,,,2026-08-24T17:16:23.220Z,YVYMAZEH,2026-08-24,2026-08-24,13:16:23,2026-08-24 13:16:23,,,,,,,,6983fa3a644fcca4e5fd8b3b,6983fa3a644fcca4e5fd8b3b,,,,
32788,raw_position_sample,2,2,int,26,3,8,9,64, terrific ,987,304,4442873.7,6983fa3a644fcca4e5fd8b3b,6983fa3a644fcca4e5fd8b3b,intermediate,3,6983fa3a644fcca4e5fd8b3b,6983fa3a644fcca4e5fd8b3b,spotlight_PROLIFIC,,36,Chile,Spanish,"Spanish, English",,Spanish:70|English:30,100,Spanish:70|English:30,100,Spanish:80|English:20,100,18,6,Bachelor's,10,10,10,6,8,9,7,17,14,16,TOEFL,80,,,,,23,25,C1,intermediate|advanced,intermediate|advanced,cambridge_22_25_intermediate_advanced,4,19,random,,288.263916015625,947.77783203125,308.263916015625,1001.7361679077148,5,6,,,,,,,,,,,,2026-08-24T17:16:23.220Z,YVYMAZEH,2026-08-24,2026-08-24,13:16:23,2026-08-24 13:16:23,,,,,,,,6983fa3a644fcca4e5fd8b3b,6983fa3a644fcca4e5fd8b3b,,,,
32838,raw_position_sample,2,2,int,26,3,8,9,64, terrific ,987,304,4442923.7,6983fa3a644fcca4e5fd8b3b,6983fa3a644fcca4e5fd8b3b,intermediate,3,6983fa3a644fcca4e5fd8b3b,6983fa3a644fcca4e5fd8b3b,spotlight_PROLIFIC,,36,Chile,Spanish,"Spanish, English",,Spanish:70|English:30,100,Spanish:70|English:30,100,Spanish:80|English:20,100,18,6,Bachelor's,10,10,10,6,8,9,7,17,14,16,TOEFL,80,,,,,23,25,C1,intermediate|advanced,intermediate|advanced,cambridge_22_25_intermediate_advanced,4,19,random,,288.263916015625,947.77783203125,308.263916015625,1001.7361679077148,5,6,,,,,,,,,,,,2026-08-24T17:16:23.220Z,YVYMAZEH,2026-08-24,2026-08-24,13:16:23,2026-08-24 13:16:23,,,,,,,,6983fa3a644fcca4e5fd8b3b,6983fa3a644fcca4e5fd8b3b,,,,
32888,raw_position_sample,2,2,int,26,3,8,9,64, terrific ,987,304,4442973.8,6983fa3a644fcca4e5fd8b3b,6983fa3a644fcca4e5fd8b3b,intermediate,3,6983fa3a644fcca4e5fd8b3b,6983fa3a644fcca4e5fd8b3b,spotlight_PROLIFIC,,36,Chile,Spanish,"Spanish, English",,Spanish:70|English:30,100,Spanish:70|English:30,100,Spanish:80|English:20,100,18,6,Bachelor's,10,10,10,6,8,9,7,17,14,16,TOEFL,80,,,,,23,25,C1,intermediate|advanced,intermediate|advanced,cambridge_22_25_intermediate_advanced,4,19,random,,288.263916015625,947.77783203125,308.263916015625,1001.7361679077148,5,6,,,,,,,,,,,,2026-08-24T17:16:23.220Z,YVYMAZEH,2026-08-24,2026-08-24,13:16:23,2026-08-24 13:16:23,,,,,,,,6983fa3a644fcca4e5fd8b3b,6983fa3a644fcca4e5fd8b3b,,,,
32938,raw_position_sample,2,2,int,26,3,8,9,64, terrific ,991,304,4443023.8,6983fa3a644fcca4e5fd8b3b,6983fa3a644fcca4e5fd8b3b,intermediate,3,6983fa3a644fcca4e5fd8b3b,6983fa3a644fcca4e5fd8b3b,spotlight_PROLIFIC,,36,Chile,Spanish,"Spanish, English",,Spanish:70|English:30,100,Spanish:70|English:30,100,Spanish:80|English:20,100,18,6,Bachelor's,10,10,10,6,8,9,7,17,14,16,TOEFL,80,,,,,23,25,C1,intermediate|advanced,intermediate|advanced,cambridge_22_25_intermediate_advanced,4,19,random,,288.263916015625,947.77783203125,308.263916015625,1001.7361679077148,5,6,,,,,,,,,,,,2026-08-24T17:16:23.220Z,YVYMAZEH,2026-08-24,2026-08-24,13:16:23,2026-08-24 13:16:23,,,,,,,,6983fa3a644fcca4e5fd8b3b,6983fa3a644fcca4e5fd8b3b,,,,
32988,hover_association,2,2,int,26,3,8,9,64, terrific ,948,304,,6983fa3a644fcca4e5fd8b3b,6983fa3a644fcca4e5fd8b3b,intermediate,3,6983fa3a644fcca4e5fd8b3b,6983fa3a644fcca4e5fd8b3b,spotlight_PROLIFIC,,36,Chile,Spanish,"Spanish, English",,Spanish:70|English:30,100,Spanish:70|English:30,100,Spanish:80|English:20,100,18,6,Bachelor's,10,10,10,6,8,9,7,17,14,16,TOEFL,80,,,,,23,25,C1,intermediate|advanced,intermediate|advanced,cambridge_22_25_intermediate_advanced,4,19,random,,278.26390838623047,947.7778224945068,318.263916015625,1001.736156463623,5,6,hover,961.6999999992549,961.6999999992549,0.9863569460086666,0.6434021676250138,81,,,,,,2026-08-24T17:16:23.220Z,YVYMAZEH,2026-08-24,2026-08-24,13:16:23,2026-08-24 13:16:23,,,,,,,,6983fa3a644fcca4e5fd8b3b,6983fa3a644fcca4e5fd8b3b,,,,
32991,raw_position_sample,2,2,int,26,3,8,9,65, public ,1003,304,4443076.8,6983fa3a644fcca4e5fd8b3b,6983fa3a644fcca4e5fd8b3b,intermediate,3,6983fa3a644fcca4e5fd8b3b,6983fa3a644fcca4e5fd8b3b,spotlight_PROLIFIC,,36,Chile,Spanish,"Spanish, English",,Spanish:70|English:30,100,Spanish:70|English:30,100,Spanish:80|English:20,100,18,6,Bachelor's,10,10,10,6,8,9,7,17,14,16,TOEFL,80,,,,,23,25,C1,intermediate|advanced,intermediate|advanced,cambridge_22_25_intermediate_advanced,4,19,random,,288.263916015625,1001.7361450195312,308.263916015625,1053.7326736450195,5,7,,,,,,,,,,,,2026-08-24T17:16:23.220Z,YVYMAZEH,2026-08-24,2026-08-24,13:16:23,2026-08-24 13:16:23,,,,,,,,6983fa3a644fcca4e5fd8b3b,6983fa3a644fcca4e5fd8b3b,,,,
33038,raw_position_sample,2,2,int,26,3,8,9,65, public ,1007,304,4443123.600000001,6983fa3a644fcca4e5fd8b3b,6983fa3a644fcca4e5fd8b3b,intermediate,3,6983fa3a644fcca4e5fd8b3b,6983fa3a644fcca4e5fd8b3b,spotlight_PROLIFIC,,36,Chile,Spanish,"Spanish, English",,Spanish:70|English:30,100,Spanish:70|English:30,100,Spanish:80|English:20,100,18,6,Bachelor's,10,10,10,6,8,9,7,17,14,16,TOEFL,80,,,,,23,25,C1,intermediate|advanced,intermediate|advanced,cambridge_22_25_intermediate_advanced,4,19,random,,288.263916015625,1001.7361450195312,308.263916015625,1053.7326736450195,5,7,,,,,,,,,,,,2026-08-24T17:16:23.220Z,YVYMAZEH,2026-08-24,2026-08-24,13:16:23,2026-08-24 13:16:23,,,,,,,,6983fa3a644fcca4e5fd8b3b,6983fa3a644fcca4e5fd8b3b,,,,
33091,raw_position_sample,2,2,int,26,3,8,9,65, public ,1016,304,4443176.500000001,6983fa3a644fcca4e5fd8b3b,6983fa3a644fcca4e5fd8b3b,intermediate,3,6983fa3a644fcca4e5fd8b3b,6983fa3a644fcca4e5fd8b3b,spotlight_PROLIFIC,,36,Chile,Spanish,"Spanish, English",,Spanish:70|English:30,100,Spanish:70|English:30,100,Spanish:80|English:20,100,18,6,Bachelor's,10,10,10,6,8,9,7,17,14,16,TOEFL,80,,,,,23,25,C1,intermediate|advanced,intermediate|advanced,cambridge_22_25_intermediate_advanced,4,19,random,,288.263916015625,1001.7361450195312,308.263916015625,1053.7326736450195,5,7,,,,,,,,,,,,2026-08-24T17:16:23.220Z,YVYMAZEH,2026-08-24,2026-08-24,13:16:23,2026-08-24 13:16:23,,,,,,,,6983fa3a644fcca4e5fd8b3b,6983fa3a644fcca4e5fd8b3b,,,,
33139,raw_position_sample,2,2,int,26,3,8,9,65, public ,1024,304,4443224.3,6983fa3a644fcca4e5fd8b3b,6983fa3a644fcca4e5fd8b3b,intermediate,3,6983fa3a644fcca4e5fd8b3b,6983fa3a644fcca4e5fd8b3b,spotlight_PROLIFIC,,36,Chile,Spanish,"Spanish, English",,Spanish:70|English:30,100,Spanish:70|English:30,100,Spanish:80|English:20,100,18,6,Bachelor's,10,10,10,6,8,9,7,17,14,16,TOEFL,80,,,,,23,25,C1,intermediate|advanced,intermediate|advanced,cambridge_22_25_intermediate_advanced,4,19,random,,288.263916015625,1001.7361450195312,308.263916015625,1053.7326736450195,5,7,,,,,,,,,,,,2026-08-24T17:16:23.220Z,YVYMAZEH,2026-08-24,2026-08-24,13:16:23,2026-08-24 13:16:23,,,,,,,,6983fa3a644fcca4e5fd8b3b,6983fa3a644fcca4e5fd8b3b,,,,
33188,raw_position_sample,2,2,int,26,3,8,9,65, public ,1034,305,4443273.7,6983fa3a644fcca4e5fd8b3b,6983fa3a644fcca4e5fd8b3b,intermediate,3,6983fa3a644fcca4e5fd8b3b,6983fa3a644fcca4e5fd8b3b,spotlight_PROLIFIC,,36,Chile,Spanish,"Spanish, English",,Spanish:70|English:30,100,Spanish:70|English:30,100,Spanish:80|English:20,100,18,6,Bachelor's,10,10,10,6,8,9,7,17,14,16,TOEFL,80,,,,,23,25,C1,intermediate|advanced,intermediate|advanced,cambridge_22_25_intermediate_advanced,4,19,random,,288.263916015625,1001.7361450195312,308.263916015625,1053.7326736450195,5,7,,,,,,,,,,,,2026-08-24T17:16:23.220Z,YVYMAZEH,2026-08-24,2026-08-24,13:16:23,2026-08-24 13:16:23,,,,,,,,6983fa3a644fcca4e5fd8b3b,6983fa3a644fcca4e5fd8b3b,,,,
33238,raw_position_sample,2,2,int,26,3,8,9,65, public ,1044,306,4443323.600000001,6983fa3a644fcca4e5fd8b3b,6983fa3a644fcca4e5fd8b3b,intermediate,3,6983fa3a644fcca4e5fd8b3b,6983fa3a644fcca4e5fd8b3b,spotlight_PROLIFIC,,36,Chile,Spanish,"Spanish, English",,Spanish:70|English:30,100,Spanish:70|English:30,100,Spanish:80|English:20,100,18,6,Bachelor's,10,10,10,6,8,9,7,17,14,16,TOEFL,80,,,,,23,25,C1,intermediate|advanced,intermediate|advanced,cambridge_22_25_intermediate_advanced,4,19,random,,288.263916015625,1001.7361450195312,308.263916015625,1053.7326736450195,5,7,,,,,,,,,,,,2026-08-24T17:16:23.220Z,YVYMAZEH,2026-08-24,2026-08-24,13:16:23,2026-08-24 13:16:23,,,,,,,,6983fa3a644fcca4e5fd8b3b,6983fa3a644fcca4e5fd8b3b,,,,
33280,hover_association,2,2,int,26,3,8,9,65, public ,1003,304,,6983fa3a644fcca4e5fd8b3b,6983fa3a644fcca4e5fd8b3b,intermediate,3,6983fa3a644fcca4e5fd8b3b,6983fa3a644fcca4e5fd8b3b,spotlight_PROLIFIC,,36,Chile,Spanish,"Spanish, English",,Spanish:70|English:30,100,Spanish:70|English:30,100,Spanish:80|English:20,100,18,6,Bachelor's,10,10,10,6,8,9,7,17,14,16,TOEFL,80,,,,,23,25,C1,intermediate|advanced,intermediate|advanced,cambridge_22_25_intermediate_advanced,4,19,random,,278.26390838623047,1001.736156463623,318.263916015625,1053.7326698303223,5,7,hover,291.90000000037253,291.90000000037253,0.9859092507769666,0.6934021580882724,81,,,,,,2026-08-24T17:16:23.220Z,YVYMAZEH,2026-08-24,2026-08-24,13:16:23,2026-08-24 13:16:23,,,,,,,,6983fa3a644fcca4e5fd8b3b,6983fa3a644fcca4e5fd8b3b,,,,
33290,raw_position_sample,2,2,int,26,3,8,9,66," transport, ",1056,306,4443375.000000001,6983fa3a644fcca4e5fd8b3b,6983fa3a644fcca4e5fd8b3b,intermediate,3,6983fa3a644fcca4e5fd8b3b,6983fa3a644fcca4e5fd8b3b,spotlight_PROLIFIC,,36,Chile,Spanish,"Spanish, English",,Spanish:70|English:30,100,Spanish:70|English:30,100,Spanish:80|English:20,100,18,6,Bachelor's,10,10,10,6,8,9,7,17,14,16,TOEFL,80,,,,,23,25,C1,intermediate|advanced,intermediate|advanced,cambridge_22_25_intermediate_advanced,4,19,random,,288.263916015625,1053.732666015625,308.263916015625,1134.7222518920898,5,8,,,,,,,,,,,,2026-08-24T17:16:23.220Z,YVYMAZEH,2026-08-24,2026-08-24,13:16:23,2026-08-24 13:16:23,,,,,,,,6983fa3a644fcca4e5fd8b3b,6983fa3a644fcca4e5fd8b3b,,,,
33338,raw_position_sample,2,2,int,26,3,8,9,66," transport, ",1066,307,4443423.899999999,6983fa3a644fcca4e5fd8b3b,6983fa3a644fcca4e5fd8b3b,intermediate,3,6983fa3a644fcca4e5fd8b3b,6983fa3a644fcca4e5fd8b3b,spotlight_PROLIFIC,,36,Chile,Spanish,"Spanish, English",,Spanish:70|English:30,100,Spanish:70|English:30,100,Spanish:80|English:20,100,18,6,Bachelor's,10,10,10,6,8,9,7,17,14,16,TOEFL,80,,,,,23,25,C1,intermediate|advanced,intermediate|advanced,cambridge_22_25_intermediate_advanced,4,19,random,,288.263916015625,1053.732666015625,308.263916015625,1134.7222518920898,5,8,,,,,,,,,,,,2026-08-24T17:16:23.220Z,YVYMAZEH,2026-08-24,2026-08-24,13:16:23,2026-08-24 13:16:23,,,,,,,,6983fa3a644fcca4e5fd8b3b,6983fa3a644fcca4e5fd8b3b,,,,
33388,raw_position_sample,2,2,int,26,3,8,9,66," transport, ",1072,307,4443473.899999999,6983fa3a644fcca4e5fd8b3b,6983fa3a644fcca4e5fd8b3b,intermediate,3,6983fa3a644fcca4e5fd8b3b,6983fa3a644fcca4e5fd8b3b,spotlight_PROLIFIC,,36,Chile,Spanish,"Spanish, English",,Spanish:70|English:30,100,Spanish:70|English:30,100,Spanish:80|English:20,100,18,6,Bachelor's,10,10,10,6,8,9,7,17,14,16,TOEFL,80,,,,,23,25,C1,intermediate|advanced,intermediate|advanced,cambridge_22_25_intermediate_advanced,4,19,random,,288.263916015625,1053.732666015625,308.263916015625,1134.7222518920898,5,8,,,,,,,,,,,,2026-08-24T17:16:23.220Z,YVYMAZEH,2026-08-24,2026-08-24,13:16:23,2026-08-24 13:16:23,,,,,,,,6983fa3a644fcca4e5fd8b3b,6983fa3a644fcca4e5fd8b3b,,,,
33440,raw_position_sample,2,2,int,26,3,8,9,66," transport, ",1077,307,4443525.7,6983fa3a644fcca4e5fd8b3b,6983fa3a644fcca4e5fd8b3b,intermediate,3,6983fa3a644fcca4e5fd8b3b,6983fa3a644fcca4e5fd8b3b,spotlight_PROLIFIC,,36,Chile,Spanish,"Spanish, English",,Spanish:70|English:30,100,Spanish:70|English:30,100,Spanish:80|English:20,100,18,6,Bachelor's,10,10,10,6,8,9,7,17,14,16,TOEFL,80,,,,,23,25,C1,intermediate|advanced,intermediate|advanced,cambridge_22_25_intermediate_advanced,4,19,random,,288.263916015625,1053.732666015625,308.263916015625,1134.7222518920898,5,8,,,,,,,,,,,,2026-08-24T17:16:23.220Z,YVYMAZEH,2026-08-24,2026-08-24,13:16:23,2026-08-24 13:16:23,,,,,,,,6983fa3a644fcca4e5fd8b3b,6983fa3a644fcca4e5fd8b3b,,,,
33488,raw_position_sample,2,2,int,26,3,8,9,66," transport, ",1078,307,4443573.8,6983fa3a644fcca4e5fd8b3b,6983fa3a644fcca4e5fd8b3b,intermediate,3,6983fa3a644fcca4e5fd8b3b,6983fa3a644fcca4e5fd8b3b,spotlight_PROLIFIC,,36,Chile,Spanish,"Spanish, English",,Spanish:70|English:30,100,Spanish:70|English:30,100,Spanish:80|English:20,100,18,6,Bachelor's,10,10,10,6,8,9,7,17,14,16,TOEFL,80,,,,,23,25,C1,intermediate|advanced,intermediate|advanced,cambridge_22_25_intermediate_advanced,4,19,random,,288.263916015625,1053.732666015625,308.263916015625,1134.7222518920898,5,8,,,,,,,,,,,,2026-08-24T17:16:23.220Z,YVYMAZEH,2026-08-24,2026-08-24,13:16:23,2026-08-24 13:16:23,,,,,,,,6983fa3a644fcca4e5fd8b3b,6983fa3a644fcca4e5fd8b3b,,,,
33539,raw_position_sample,2,2,int,26,3,8,9,66," transport, ",1078,307,4443624.100000001,6983fa3a644fcca4e5fd8b3b,6983fa3a644fcca4e5fd8b3b,intermediate,3,6983fa3a644fcca4e5fd8b3b,6983fa3a644fcca4e5fd8b3b,spotlight_PROLIFIC,,36,Chile,Spanish,"Spanish, English",,Spanish:70|English:30,100,Spanish:70|English:30,100,Spanish:80|English:20,100,18,6,Bachelor's,10,10,10,6,8,9,7,17,14,16,TOEFL,80,,,,,23,25,C1,intermediate|advanced,intermediate|advanced,cambridge_22_25_intermediate_advanced,4,19,random,,288.263916015625,1053.732666015625,308.263916015625,1134.7222518920898,5,8,,,,,,,,,,,,2026-08-24T17:16:23.220Z,YVYMAZEH,2026-08-24,2026-08-24,13:16:23,2026-08-24 13:16:23,,,,,,,,6983fa3a644fcca4e5fd8b3b,6983fa3a644fcca4e5fd8b3b,,,,
33589,raw_position_sample,2,2,int,26,3,8,9,66," transport, ",1078,307,4443674.100000001,6983fa3a644fcca4e5fd8b3b,6983fa3a644fcca4e5fd8b3b,intermediate,3,6983fa3a644fcca4e5fd8b3b,6983fa3a644fcca4e5fd8b3b,spotlight_PROLIFIC,,36,Chile,Spanish,"Spanish, English",,Spanish:70|English:30,100,Spanish:70|English:30,100,Spanish:80|English:20,100,18,6,Bachelor's,10,10,10,6,8,9,7,17,14,16,TOEFL,80,,,,,23,25,C1,intermediate|advanced,intermediate|advanced,cambridge_22_25_intermediate_advanced,4,19,random,,288.263916015625,1053.732666015625,308.263916015625,1134.7222518920898,5,8,,,,,,,,,,,,2026-08-24T17:16:23.220Z,YVYMAZEH,2026-08-24,2026-08-24,13:16:23,2026-08-24 13:16:23,,,,,,,,6983fa3a644fcca4e5fd8b3b,6983fa3a644fcca4e5fd8b3b,,,,
33638,raw_position_sample,2,2,int,26,3,8,9,66," transport, ",1078,307,4443723.7,6983fa3a644fcca4e5fd8b3b,6983fa3a644fcca4e5fd8b3b,intermediate,3,6983fa3a644fcca4e5fd8b3b,6983fa3a644fcca4e5fd8b3b,spotlight_PROLIFIC,,36,Chile,Spanish,"Spanish, English",,Spanish:70|English:30,100,Spanish:70|English:30,100,Spanish:80|English:20,100,18,6,Bachelor's,10,10,10,6,8,9,7,17,14,16,TOEFL,80,,,,,23,25,C1,intermediate|advanced,intermediate|advanced,cambridge_22_25_intermediate_advanced,4,19,random,,288.263916015625,1053.732666015625,308.263916015625,1134.7222518920898,5,8,,,,,,,,,,,,2026-08-24T17:16:23.220Z,YVYMAZEH,2026-08-24,2026-08-24,13:16:23,2026-08-24 13:16:23,,,,,,,,6983fa3a644fcca4e5fd8b3b,6983fa3a644fcca4e5fd8b3b,,,,
33688,raw_position_sample,2,2,int,26,3,8,9,66," transport, ",1078,307,4443773.7,6983fa3a644fcca4e5fd8b3b,6983fa3a644fcca4e5fd8b3b,intermediate,3,6983fa3a644fcca4e5fd8b3b,6983fa3a644fcca4e5fd8b3b,spotlight_PROLIFIC,,36,Chile,Spanish,"Spanish, English",,Spanish:70|English:30,100,Spanish:70|English:30,100,Spanish:80|English:20,100,18,6,Bachelor's,10,10,10,6,8,9,7,17,14,16,TOEFL,80,,,,,23,25,C1,intermediate|advanced,intermediate|advanced,cambridge_22_25_intermediate_advanced,4,19,random,,288.263916015625,1053.732666015625,308.263916015625,1134.7222518920898,5,8,,,,,,,,,,,,2026-08-24T17:16:23.220Z,YVYMAZEH,2026-08-24,2026-08-24,13:16:23,2026-08-24 13:16:23,,,,,,,,6983fa3a644fcca4e5fd8b3b,6983fa3a644fcca4e5fd8b3b,,,,
33738,raw_position_sample,2,2,int,26,3,8,9,66," transport, ",1078,307,4443823.7,6983fa3a644fcca4e5fd8b3b,6983fa3a644fcca4e5fd8b3b,intermediate,3,6983fa3a644fcca4e5fd8b3b,6983fa3a644fcca4e5fd8b3b,spotlight_PROLIFIC,,36,Chile,Spanish,"Spanish, English",,Spanish:70|English:30,100,Spanish:70|English:30,100,Spanish:80|English:20,100,18,6,Bachelor's,10,10,10,6,8,9,7,17,14,16,TOEFL,80,,,,,23,25,C1,intermediate|advanced,intermediate|advanced,cambridge_22_25_intermediate_advanced,4,19,random,,288.263916015625,1053.732666015625,308.263916015625,1134.7222518920898,5,8,,,,,,,,,,,,2026-08-24T17:16:23.220Z,YVYMAZEH,2026-08-24,2026-08-24,13:16:23,2026-08-24 13:16:23,,,,,,,,6983fa3a644fcca4e5fd8b3b,6983fa3a644fcca4e5fd8b3b,,,,
33792,raw_position_sample,2,2,int,26,3,8,9,66," transport, ",1090,306,4443877.3,6983fa3a644fcca4e5fd8b3b,6983fa3a644fcca4e5fd8b3b,intermediate,3,6983fa3a644fcca4e5fd8b3b,6983fa3a644fcca4e5fd8b3b,spotlight_PROLIFIC,,36,Chile,Spanish,"Spanish, English",,Spanish:70|English:30,100,Spanish:70|English:30,100,Spanish:80|English:20,100,18,6,Bachelor's,10,10,10,6,8,9,7,17,14,16,TOEFL,80,,,,,23,25,C1,intermediate|advanced,intermediate|advanced,cambridge_22_25_intermediate_advanced,4,19,random,,288.263916015625,1053.732666015625,308.263916015625,1134.7222518920898,5,8,,,,,,,,,,,,2026-08-24T17:16:23.220Z,YVYMAZEH,2026-08-24,2026-08-24,13:16:23,2026-08-24 13:16:23,,,,,,,,6983fa3a644fcca4e5fd8b3b,6983fa3a644fcca4e5fd8b3b,,,,
33840,raw_position_sample,2,2,int,26,3,8,9,66," transport, ",1101,305,4443925.100000001,6983fa3a644fcca4e5fd8b3b,6983fa3a644fcca4e5fd8b3b,intermediate,3,6983fa3a644fcca4e5fd8b3b,6983fa3a644fcca4e5fd8b3b,spotlight_PROLIFIC,,36,Chile,Spanish,"Spanish, English",,Spanish:70|English:30,100,Spanish:70|English:30,100,Spanish:80|English:20,100,18,6,Bachelor's,10,10,10,6,8,9,7,17,14,16,TOEFL,80,,,,,23,25,C1,intermediate|advanced,intermediate|advanced,cambridge_22_25_intermediate_advanced,4,19,random,,288.263916015625,1053.732666015625,308.263916015625,1134.7222518920898,5,8,,,,,,,,,,,,2026-08-24T17:16:23.220Z,YVYMAZEH,2026-08-24,2026-08-24,13:16:23,2026-08-24 13:16:23,,,,,,,,6983fa3a644fcca4e5fd8b3b,6983fa3a644fcca4e5fd8b3b,,,,
33888,raw_position_sample,2,2,int,26,3,8,9,66," transport, ",1111,305,4443973.899999999,6983fa3a644fcca4e5fd8b3b,6983fa3a644fcca4e5fd8b3b,intermediate,3,6983fa3a644fcca4e5fd8b3b,6983fa3a644fcca4e5fd8b3b,spotlight_PROLIFIC,,36,Chile,Spanish,"Spanish, English",,Spanish:70|English:30,100,Spanish:70|English:30,100,Spanish:80|English:20,100,18,6,Bachelor's,10,10,10,6,8,9,7,17,14,16,TOEFL,80,,,,,23,25,C1,intermediate|advanced,intermediate|advanced,cambridge_22_25_intermediate_advanced,4,19,random,,288.263916015625,1053.732666015625,308.263916015625,1134.7222518920898,5,8,,,,,,,,,,,,2026-08-24T17:16:23.220Z,YVYMAZEH,2026-08-24,2026-08-24,13:16:23,2026-08-24 13:16:23,,,,,,,,6983fa3a644fcca4e5fd8b3b,6983fa3a644fcca4e5fd8b3b,,,,
33940,raw_position_sample,2,2,int,26,3,8,9,66," transport, ",1117,305,4444025.8,6983fa3a644fcca4e5fd8b3b,6983fa3a644fcca4e5fd8b3b,intermediate,3,6983fa3a644fcca4e5fd8b3b,6983fa3a644fcca4e5fd8b3b,spotlight_PROLIFIC,,36,Chile,Spanish,"Spanish, English",,Spanish:70|English:30,100,Spanish:70|English:30,100,Spanish:80|English:20,100,18,6,Bachelor's,10,10,10,6,8,9,7,17,14,16,TOEFL,80,,,,,23,25,C1,intermediate|advanced,intermediate|advanced,cambridge_22_25_intermediate_advanced,4,19,random,,288.263916015625,1053.732666015625,308.263916015625,1134.7222518920898,5,8,,,,,,,,,,,,2026-08-24T17:16:23.220Z,YVYMAZEH,2026-08-24,2026-08-24,13:16:23,2026-08-24 13:16:23,,,,,,,,6983fa3a644fcca4e5fd8b3b,6983fa3a644fcca4e5fd8b3b,,,,
33990,raw_position_sample,2,2,int,26,3,8,9,66," transport, ",1121,305,4444075.500000001,6983fa3a644fcca4e5fd8b3b,6983fa3a644fcca4e5fd8b3b,intermediate,3,6983fa3a644fcca4e5fd8b3b,6983fa3a644fcca4e5fd8b3b,spotlight_PROLIFIC,,36,Chile,Spanish,"Spanish, English",,Spanish:70|English:30,100,Spanish:70|English:30,100,Spanish:80|English:20,100,18,6,Bachelor's,10,10,10,6,8,9,7,17,14,16,TOEFL,80,,,,,23,25,C1,intermediate|advanced,intermediate|advanced,cambridge_22_25_intermediate_advanced,4,19,random,,288.263916015625,1053.732666015625,308.263916015625,1134.7222518920898,5,8,,,,,,,,,,,,2026-08-24T17:16:23.220Z,YVYMAZEH,2026-08-24,2026-08-24,13:16:23,2026-08-24 13:16:23,,,,,,,,6983fa3a644fcca4e5fd8b3b,6983fa3a644fcca4e5fd8b3b,,,,
34038,raw_position_sample,2,2,int,26,3,8,9,66," transport, ",1125,305,4444123.600000001,6983fa3a644fcca4e5fd8b3b,6983fa3a644fcca4e5fd8b3b,intermediate,3,6983fa3a644fcca4e5fd8b3b,6983fa3a644fcca4e5fd8b3b,spotlight_PROLIFIC,,36,Chile,Spanish,"Spanish, English",,Spanish:70|English:30,100,Spanish:70|English:30,100,Spanish:80|English:20,100,18,6,Bachelor's,10,10,10,6,8,9,7,17,14,16,TOEFL,80,,,,,23,25,C1,intermediate|advanced,intermediate|advanced,cambridge_22_25_intermediate_advanced,4,19,random,,288.263916015625,1053.732666015625,308.263916015625,1134.7222518920898,5,8,,,,,,,,,,,,2026-08-24T17:16:23.220Z,YVYMAZEH,2026-08-24,2026-08-24,13:16:23,2026-08-24 13:16:23,,,,,,,,6983fa3a644fcca4e5fd8b3b,6983fa3a644fcca4e5fd8b3b,,,,
34088,raw_position_sample,2,2,int,26,3,8,9,66," transport, ",1130,305,4444173.7,6983fa3a644fcca4e5fd8b3b,6983fa3a644fcca4e5fd8b3b,intermediate,3,6983fa3a644fcca4e5fd8b3b,6983fa3a644fcca4e5fd8b3b,spotlight_PROLIFIC,,36,Chile,Spanish,"Spanish, English",,Spanish:70|English:30,100,Spanish:70|English:30,100,Spanish:80|English:20,100,18,6,Bachelor's,10,10,10,6,8,9,7,17,14,16,TOEFL,80,,,,,23,25,C1,intermediate|advanced,intermediate|advanced,cambridge_22_25_intermediate_advanced,4,19,random,,288.263916015625,1053.732666015625,308.263916015625,1134.7222518920898,5,8,,,,,,,,,,,,2026-08-24T17:16:23.220Z,YVYMAZEH,2026-08-24,2026-08-24,13:16:23,2026-08-24 13:16:23,,,,,,,,6983fa3a644fcca4e5fd8b3b,6983fa3a644fcca4e5fd8b3b,,,,
34138,raw_position_sample,2,2,int,26,3,8,9,66," transport, ",1134,305,4444223.600000001,6983fa3a644fcca4e5fd8b3b,6983fa3a644fcca4e5fd8b3b,intermediate,3,6983fa3a644fcca4e5fd8b3b,6983fa3a644fcca4e5fd8b3b,spotlight_PROLIFIC,,36,Chile,Spanish,"Spanish, English",,Spanish:70|English:30,100,Spanish:70|English:30,100,Spanish:80|English:20,100,18,6,Bachelor's,10,10,10,6,8,9,7,17,14,16,TOEFL,80,,,,,23,25,C1,intermediate|advanced,intermediate|advanced,cambridge_22_25_intermediate_advanced,4,19,random,,288.263916015625,1053.732666015625,308.263916015625,1134.7222518920898,5,8,,,,,,,,,,,,2026-08-24T17:16:23.220Z,YVYMAZEH,2026-08-24,2026-08-24,13:16:23,2026-08-24 13:16:23,,,,,,,,6983fa3a644fcca4e5fd8b3b,6983fa3a644fcca4e5fd8b3b,,,,
34143,hover_association,2,2,int,26,3,8,9,66," transport, ",1055,306,,6983fa3a644fcca4e5fd8b3b,6983fa3a644fcca4e5fd8b3b,intermediate,3,6983fa3a644fcca4e5fd8b3b,6983fa3a644fcca4e5fd8b3b,spotlight_PROLIFIC,,36,Chile,Spanish,"Spanish, English",,Spanish:70|English:30,100,Spanish:70|English:30,100,Spanish:80|English:20,100,18,6,Bachelor's,10,10,10,6,8,9,7,17,14,16,TOEFL,80,,,,,23,25,C1,intermediate|advanced,intermediate|advanced,cambridge_22_25_intermediate_advanced,4,19,random,,278.26390838623047,1053.7326698303223,318.263916015625,1134.7222709655762,5,8,hover,863,863,0.9910819295878496,0.6684021628566431,81,,,,,,2026-08-24T17:16:23.220Z,YVYMAZEH,2026-08-24,2026-08-24,13:16:23,2026-08-24 13:16:23,,,,,,,,6983fa3a644fcca4e5fd8b3b,6983fa3a644fcca4e5fd8b3b,,,,
34188,raw_position_sample,2,2,int,26,3,8,9,67, with ,1138,305,4444273.7,6983fa3a644fcca4e5fd8b3b,6983fa3a644fcca4e5fd8b3b,intermediate,3,6983fa3a644fcca4e5fd8b3b,6983fa3a644fcca4e5fd8b3b,spotlight_PROLIFIC,,36,Chile,Spanish,"Spanish, English",,Spanish:70|English:30,100,Spanish:70|English:30,100,Spanish:80|English:20,100,18,6,Bachelor's,10,10,10,6,8,9,7,17,14,16,TOEFL,80,,,,,23,25,C1,intermediate|advanced,intermediate|advanced,cambridge_22_25_intermediate_advanced,4,19,random,,288.263916015625,1134.7222900390625,308.263916015625,1171.7188186645508,5,9,,,,,,,,,,,,2026-08-24T17:16:23.220Z,YVYMAZEH,2026-08-24,2026-08-24,13:16:23,2026-08-24 13:16:23,,,,,,,,6983fa3a644fcca4e5fd8b3b,6983fa3a644fcca4e5fd8b3b,,,,
34238,raw_position_sample,2,2,int,26,3,8,9,67, with ,1142,305,4444323.7,6983fa3a644fcca4e5fd8b3b,6983fa3a644fcca4e5fd8b3b,intermediate,3,6983fa3a644fcca4e5fd8b3b,6983fa3a644fcca4e5fd8b3b,spotlight_PROLIFIC,,36,Chile,Spanish,"Spanish, English",,Spanish:70|English:30,100,Spanish:70|English:30,100,Spanish:80|English:20,100,18,6,Bachelor's,10,10,10,6,8,9,7,17,14,16,TOEFL,80,,,,,23,25,C1,intermediate|advanced,intermediate|advanced,cambridge_22_25_intermediate_advanced,4,19,random,,288.263916015625,1134.7222900390625,308.263916015625,1171.7188186645508,5,9,,,,,,,,,,,,2026-08-24T17:16:23.220Z,YVYMAZEH,2026-08-24,2026-08-24,13:16:23,2026-08-24 13:16:23,,,,,,,,6983fa3a644fcca4e5fd8b3b,6983fa3a644fcca4e5fd8b3b,,,,
34288,raw_position_sample,2,2,int,26,3,8,9,67, with ,1144,305,4444373.7,6983fa3a644fcca4e5fd8b3b,6983fa3a644fcca4e5fd8b3b,intermediate,3,6983fa3a644fcca4e5fd8b3b,6983fa3a644fcca4e5fd8b3b,spotlight_PROLIFIC,,36,Chile,Spanish,"Spanish, English",,Spanish:70|English:30,100,Spanish:70|English:30,100,Spanish:80|English:20,100,18,6,Bachelor's,10,10,10,6,8,9,7,17,14,16,TOEFL,80,,,,,23,25,C1,intermediate|advanced,intermediate|advanced,cambridge_22_25_intermediate_advanced,4,19,random,,288.263916015625,1134.7222900390625,308.263916015625,1171.7188186645508,5,9,,,,,,,,,,,,2026-08-24T17:16:23.220Z,YVYMAZEH,2026-08-24,2026-08-24,13:16:23,2026-08-24 13:16:23,,,,,,,,6983fa3a644fcca4e5fd8b3b,6983fa3a644fcca4e5fd8b3b,,,,
34338,raw_position_sample,2,2,int,26,3,8,9,67, with ,1146,305,4444423.600000001,6983fa3a644fcca4e5fd8b3b,6983fa3a644fcca4e5fd8b3b,intermediate,3,6983fa3a644fcca4e5fd8b3b,6983fa3a644fcca4e5fd8b3b,spotlight_PROLIFIC,,36,Chile,Spanish,"Spanish, English",,Spanish:70|English:30,100,Spanish:70|English:30,100,Spanish:80|English:20,100,18,6,Bachelor's,10,10,10,6,8,9,7,17,14,16,TOEFL,80,,,,,23,25,C1,intermediate|advanced,intermediate|advanced,cambridge_22_25_intermediate_advanced,4,19,random,,288.263916015625,1134.7222900390625,308.263916015625,1171.7188186645508,5,9,,,,,,,,,,,,2026-08-24T17:16:23.220Z,YVYMAZEH,2026-08-24,2026-08-24,13:16:23,2026-08-24 13:16:23,,,,,,,,6983fa3a644fcca4e5fd8b3b,6983fa3a644fcca4e5fd8b3b,,,,
34388,raw_position_sample,2,2,int,26,3,8,9,67, with ,1147,305,4444473.8,6983fa3a644fcca4e5fd8b3b,6983fa3a644fcca4e5fd8b3b,intermediate,3,6983fa3a644fcca4e5fd8b3b,6983fa3a644fcca4e5fd8b3b,spotlight_PROLIFIC,,36,Chile,Spanish,"Spanish, English",,Spanish:70|English:30,100,Spanish:70|English:30,100,Spanish:80|English:20,100,18,6,Bachelor's,10,10,10,6,8,9,7,17,14,16,TOEFL,80,,,,,23,25,C1,intermediate|advanced,intermediate|advanced,cambridge_22_25_intermediate_advanced,4,19,random,,288.263916015625,1134.7222900390625,308.263916015625,1171.7188186645508,5,9,,,,,,,,,,,,2026-08-24T17:16:23.220Z,YVYMAZEH,2026-08-24,2026-08-24,13:16:23,2026-08-24 13:16:23,,,,,,,,6983fa3a644fcca4e5fd8b3b,6983fa3a644fcca4e5fd8b3b,,,,
34439,raw_position_sample,2,2,int,26,3,8,9,67, with ,1148,305,4444524.899999999,6983fa3a644fcca4e5fd8b3b,6983fa3a644fcca4e5fd8b3b,intermediate,3,6983fa3a644fcca4e5fd8b3b,6983fa3a644fcca4e5fd8b3b,spotlight_PROLIFIC,,36,Chile,Spanish,"Spanish, English",,Spanish:70|English:30,100,Spanish:70|English:30,100,Spanish:80|English:20,100,18,6,Bachelor's,10,10,10,6,8,9,7,17,14,16,TOEFL,80,,,,,23,25,C1,intermediate|advanced,intermediate|advanced,cambridge_22_25_intermediate_advanced,4,19,random,,288.263916015625,1134.7222900390625,308.263916015625,1171.7188186645508,5,9,,,,,,,,,,,,2026-08-24T17:16:23.220Z,YVYMAZEH,2026-08-24,2026-08-24,13:16:23,2026-08-24 13:16:23,,,,,,,,6983fa3a644fcca4e5fd8b3b,6983fa3a644fcca4e5fd8b3b,,,,
34488,raw_position_sample,2,2,int,26,3,8,9,67, with ,1153,305,4444573.600000001,6983fa3a644fcca4e5fd8b3b,6983fa3a644fcca4e5fd8b3b,intermediate,3,6983fa3a644fcca4e5fd8b3b,6983fa3a644fcca4e5fd8b3b,spotlight_PROLIFIC,,36,Chile,Spanish,"Spanish, English",,Spanish:70|English:30,100,Spanish:70|English:30,100,Spanish:80|English:20,100,18,6,Bachelor's,10,10,10,6,8,9,7,17,14,16,TOEFL,80,,,,,23,25,C1,intermediate|advanced,intermediate|advanced,cambridge_22_25_intermediate_advanced,4,19,random,,288.263916015625,1134.7222900390625,308.263916015625,1171.7188186645508,5,9,,,,,,,,,,,,2026-08-24T17:16:23.220Z,YVYMAZEH,2026-08-24,2026-08-24,13:16:23,2026-08-24 13:16:23,,,,,,,,6983fa3a644fcca4e5fd8b3b,6983fa3a644fcca4e5fd8b3b,,,,
34538,raw_position_sample,2,2,int,26,3,8,9,67, with ,1160,305,4444623.7,6983fa3a644fcca4e5fd8b3b,6983fa3a644fcca4e5fd8b3b,intermediate,3,6983fa3a644fcca4e5fd8b3b,6983fa3a644fcca4e5fd8b3b,spotlight_PROLIFIC,,36,Chile,Spanish,"Spanish, English",,Spanish:70|English:30,100,Spanish:70|English:30,100,Spanish:80|English:20,100,18,6,Bachelor's,10,10,10,6,8,9,7,17,14,16,TOEFL,80,,,,,23,25,C1,intermediate|advanced,intermediate|advanced,cambridge_22_25_intermediate_advanced,4,19,random,,288.263916015625,1134.7222900390625,308.263916015625,1171.7188186645508,5,9,,,,,,,,,,,,2026-08-24T17:16:23.220Z,YVYMAZEH,2026-08-24,2026-08-24,13:16:23,2026-08-24 13:16:23,,,,,,,,6983fa3a644fcca4e5fd8b3b,6983fa3a644fcca4e5fd8b3b,,,,
34588,raw_position_sample,2,2,int,26,3,8,9,67, with ,1170,305,4444673.600000001,6983fa3a644fcca4e5fd8b3b,6983fa3a644fcca4e5fd8b3b,intermediate,3,6983fa3a644fcca4e5fd8b3b,6983fa3a644fcca4e5fd8b3b,spotlight_PROLIFIC,,36,Chile,Spanish,"Spanish, English",,Spanish:70|English:30,100,Spanish:70|English:30,100,Spanish:80|English:20,100,18,6,Bachelor's,10,10,10,6,8,9,7,17,14,16,TOEFL,80,,,,,23,25,C1,intermediate|advanced,intermediate|advanced,cambridge_22_25_intermediate_advanced,4,19,random,,288.263916015625,1134.7222900390625,308.263916015625,1171.7188186645508,5,9,,,,,,,,,,,,2026-08-24T17:16:23.220Z,YVYMAZEH,2026-08-24,2026-08-24,13:16:23,2026-08-24 13:16:23,,,,,,,,6983fa3a644fcca4e5fd8b3b,6983fa3a644fcca4e5fd8b3b,,,,
34595,hover_association,2,2,int,26,3,8,9,67, with ,1135,305,,6983fa3a644fcca4e5fd8b3b,6983fa3a644fcca4e5fd8b3b,intermediate,3,6983fa3a644fcca4e5fd8b3b,6983fa3a644fcca4e5fd8b3b,spotlight_PROLIFIC,,36,Chile,Spanish,"Spanish, English",,Spanish:70|English:30,100,Spanish:70|English:30,100,Spanish:80|English:20,100,18,6,Bachelor's,10,10,10,6,8,9,7,17,14,16,TOEFL,80,,,,,23,25,C1,intermediate|advanced,intermediate|advanced,cambridge_22_25_intermediate_advanced,4,19,random,,278.26390838623047,1134.7222709655762,318.263916015625,1171.7187843322754,5,9,hover,452.2999999988824,452.2999999988824,0.9535419915050027,0.6684021628566431,81,,,,,,2026-08-24T17:16:23.220Z,YVYMAZEH,2026-08-24,2026-08-24,13:16:23,2026-08-24 13:16:23,,,,,,,,6983fa3a644fcca4e5fd8b3b,6983fa3a644fcca4e5fd8b3b,,,,
34639,raw_position_sample,2,2,int,26,3,8,9,68, the ,1180,305,4444724.899999999,6983fa3a644fcca4e5fd8b3b,6983fa3a644fcca4e5fd8b3b,intermediate,3,6983fa3a644fcca4e5fd8b3b,6983fa3a644fcca4e5fd8b3b,spotlight_PROLIFIC,,36,Chile,Spanish,"Spanish, English",,Spanish:70|English:30,100,Spanish:70|English:30,100,Spanish:80|English:20,100,18,6,Bachelor's,10,10,10,6,8,9,7,17,14,16,TOEFL,80,,,,,23,25,C1,intermediate|advanced,intermediate|advanced,cambridge_22_25_intermediate_advanced,4,19,random,,288.263916015625,1171.71875,308.263916015625,1201.7361125946045,5,10,,,,,,,,,,,,2026-08-24T17:16:23.220Z,YVYMAZEH,2026-08-24,2026-08-24,13:16:23,2026-08-24 13:16:23,,,,,,,,6983fa3a644fcca4e5fd8b3b,6983fa3a644fcca4e5fd8b3b,,,,
34688,raw_position_sample,2,2,int,26,3,8,9,68, the ,1190,304,4444773.600000001,6983fa3a644fcca4e5fd8b3b,6983fa3a644fcca4e5fd8b3b,intermediate,3,6983fa3a644fcca4e5fd8b3b,6983fa3a644fcca4e5fd8b3b,spotlight_PROLIFIC,,36,Chile,Spanish,"Spanish, English",,Spanish:70|English:30,100,Spanish:70|English:30,100,Spanish:80|English:20,100,18,6,Bachelor's,10,10,10,6,8,9,7,17,14,16,TOEFL,80,,,,,23,25,C1,intermediate|advanced,intermediate|advanced,cambridge_22_25_intermediate_advanced,4,19,random,,288.263916015625,1171.71875,308.263916015625,1201.7361125946045,5,10,,,,,,,,,,,,2026-08-24T17:16:23.220Z,YVYMAZEH,2026-08-24,2026-08-24,13:16:23,2026-08-24 13:16:23,,,,,,,,6983fa3a644fcca4e5fd8b3b,6983fa3a644fcca4e5fd8b3b,,,,
34738,raw_position_sample,2,2,int,26,3,8,9,68, the ,1201,303,4444823.7,6983fa3a644fcca4e5fd8b3b,6983fa3a644fcca4e5fd8b3b,intermediate,3,6983fa3a644fcca4e5fd8b3b,6983fa3a644fcca4e5fd8b3b,spotlight_PROLIFIC,,36,Chile,Spanish,"Spanish, English",,Spanish:70|English:30,100,Spanish:70|English:30,100,Spanish:80|English:20,100,18,6,Bachelor's,10,10,10,6,8,9,7,17,14,16,TOEFL,80,,,,,23,25,C1,intermediate|advanced,intermediate|advanced,cambridge_22_25_intermediate_advanced,4,19,random,,288.263916015625,1171.71875,308.263916015625,1201.7361125946045,5,10,,,,,,,,,,,,2026-08-24T17:16:23.220Z,YVYMAZEH,2026-08-24,2026-08-24,13:16:23,2026-08-24 13:16:23,,,,,,,,6983fa3a644fcca4e5fd8b3b,6983fa3a644fcca4e5fd8b3b,,,,
34740,hover_association,2,2,int,26,3,8,9,68, the ,1172,305,,6983fa3a644fcca4e5fd8b3b,6983fa3a644fcca4e5fd8b3b,intermediate,3,6983fa3a644fcca4e5fd8b3b,6983fa3a644fcca4e5fd8b3b,spotlight_PROLIFIC,,36,Chile,Spanish,"Spanish, English",,Spanish:70|English:30,100,Spanish:70|English:30,100,Spanish:80|English:20,100,18,6,Bachelor's,10,10,10,6,8,9,7,17,14,16,TOEFL,80,,,,,23,25,C1,intermediate|advanced,intermediate|advanced,cambridge_22_25_intermediate_advanced,4,19,random,,278.26390838623047,1171.7187843322754,318.263916015625,1201.736159324646,5,10,hover,144.80000000074506,144.80000000074506,0.975475559577308,0.6184021723933845,81,,,,,,2026-08-24T17:16:23.220Z,YVYMAZEH,2026-08-24,2026-08-24,13:16:23,2026-08-24 13:16:23,,,,,,,,6983fa3a644fcca4e5fd8b3b,6983fa3a644fcca4e5fd8b3b,,,,
34791,raw_position_sample,2,2,int,26,3,8,9,69, underground ,1208,303,4444876.500000001,6983fa3a644fcca4e5fd8b3b,6983fa3a644fcca4e5fd8b3b,intermediate,3,6983fa3a644fcca4e5fd8b3b,6983fa3a644fcca4e5fd8b3b,spotlight_PROLIFIC,,36,Chile,Spanish,"Spanish, English",,Spanish:70|English:30,100,Spanish:70|English:30,100,Spanish:80|English:20,100,18,6,Bachelor's,10,10,10,6,8,9,7,17,14,16,TOEFL,80,,,,,23,25,C1,intermediate|advanced,intermediate|advanced,cambridge_22_25_intermediate_advanced,4,19,random,,288.263916015625,1201.7362060546875,308.263916015625,1308.750099182129,5,11,,,,,,,,,,,,2026-08-24T17:16:23.220Z,YVYMAZEH,2026-08-24,2026-08-24,13:16:23,2026-08-24 13:16:23,,,,,,,,6983fa3a644fcca4e5fd8b3b,6983fa3a644fcca4e5fd8b3b,,,,
34839,raw_position_sample,2,2,int,26,3,8,9,69, underground ,1213,303,4444924.500000001,6983fa3a644fcca4e5fd8b3b,6983fa3a644fcca4e5fd8b3b,intermediate,3,6983fa3a644fcca4e5fd8b3b,6983fa3a644fcca4e5fd8b3b,spotlight_PROLIFIC,,36,Chile,Spanish,"Spanish, English",,Spanish:70|English:30,100,Spanish:70|English:30,100,Spanish:80|English:20,100,18,6,Bachelor's,10,10,10,6,8,9,7,17,14,16,TOEFL,80,,,,,23,25,C1,intermediate|advanced,intermediate|advanced,cambridge_22_25_intermediate_advanced,4,19,random,,288.263916015625,1201.7362060546875,308.263916015625,1308.750099182129,5,11,,,,,,,,,,,,2026-08-24T17:16:23.220Z,YVYMAZEH,2026-08-24,2026-08-24,13:16:23,2026-08-24 13:16:23,,,,,,,,6983fa3a644fcca4e5fd8b3b,6983fa3a644fcca4e5fd8b3b,,,,
34888,raw_position_sample,2,2,int,26,3,8,9,69, underground ,1217,303,4444973.600000001,6983fa3a644fcca4e5fd8b3b,6983fa3a644fcca4e5fd8b3b,intermediate,3,6983fa3a644fcca4e5fd8b3b,6983fa3a644fcca4e5fd8b3b,spotlight_PROLIFIC,,36,Chile,Spanish,"Spanish, English",,Spanish:70|English:30,100,Spanish:70|English:30,100,Spanish:80|English:20,100,18,6,Bachelor's,10,10,10,6,8,9,7,17,14,16,TOEFL,80,,,,,23,25,C1,intermediate|advanced,intermediate|advanced,cambridge_22_25_intermediate_advanced,4,19,random,,288.263916015625,1201.7362060546875,308.263916015625,1308.750099182129,5,11,,,,,,,,,,,,2026-08-24T17:16:23.220Z,YVYMAZEH,2026-08-24,2026-08-24,13:16:23,2026-08-24 13:16:23,,,,,,,,6983fa3a644fcca4e5fd8b3b,6983fa3a644fcca4e5fd8b3b,,,,
34938,raw_position_sample,2,2,int,26,3,8,9,69, underground ,1222,303,4445023.7,6983fa3a644fcca4e5fd8b3b,6983fa3a644fcca4e5fd8b3b,intermediate,3,6983fa3a644fcca4e5fd8b3b,6983fa3a644fcca4e5fd8b3b,spotlight_PROLIFIC,,36,Chile,Spanish,"Spanish, English",,Spanish:70|English:30,100,Spanish:70|English:30,100,Spanish:80|English:20,100,18,6,Bachelor's,10,10,10,6,8,9,7,17,14,16,TOEFL,80,,,,,23,25,C1,intermediate|advanced,intermediate|advanced,cambridge_22_25_intermediate_advanced,4,19,random,,288.263916015625,1201.7362060546875,308.263916015625,1308.750099182129,5,11,,,,,,,,,,,,2026-08-24T17:16:23.220Z,YVYMAZEH,2026-08-24,2026-08-24,13:16:23,2026-08-24 13:16:23,,,,,,,,6983fa3a644fcca4e5fd8b3b,6983fa3a644fcca4e5fd8b3b,,,,
34992,raw_position_sample,2,2,int,26,3,8,9,69, underground ,1232,303,4445078.000000001,6983fa3a644fcca4e5fd8b3b,6983fa3a644fcca4e5fd8b3b,intermediate,3,6983fa3a644fcca4e5fd8b3b,6983fa3a644fcca4e5fd8b3b,spotlight_PROLIFIC,,36,Chile,Spanish,"Spanish, English",,Spanish:70|English:30,100,Spanish:70|English:30,100,Spanish:80|English:20,100,18,6,Bachelor's,10,10,10,6,8,9,7,17,14,16,TOEFL,80,,,,,23,25,C1,intermediate|advanced,intermediate|advanced,cambridge_22_25_intermediate_advanced,4,19,random,,288.263916015625,1201.7362060546875,308.263916015625,1308.750099182129,5,11,,,,,,,,,,,,2026-08-24T17:16:23.220Z,YVYMAZEH,2026-08-24,2026-08-24,13:16:23,2026-08-24 13:16:23,,,,,,,,6983fa3a644fcca4e5fd8b3b,6983fa3a644fcca4e5fd8b3b,,,,
35038,raw_position_sample,2,2,int,26,3,8,9,69, underground ,1241,303,4445123.600000001,6983fa3a644fcca4e5fd8b3b,6983fa3a644fcca4e5fd8b3b,intermediate,3,6983fa3a644fcca4e5fd8b3b,6983fa3a644fcca4e5fd8b3b,spotlight_PROLIFIC,,36,Chile,Spanish,"Spanish, English",,Spanish:70|English:30,100,Spanish:70|English:30,100,Spanish:80|English:20,100,18,6,Bachelor's,10,10,10,6,8,9,7,17,14,16,TOEFL,80,,,,,23,25,C1,intermediate|advanced,intermediate|advanced,cambridge_22_25_intermediate_advanced,4,19,random,,288.263916015625,1201.7362060546875,308.263916015625,1308.750099182129,5,11,,,,,,,,,,,,2026-08-24T17:16:23.220Z,YVYMAZEH,2026-08-24,2026-08-24,13:16:23,2026-08-24 13:16:23,,,,,,,,6983fa3a644fcca4e5fd8b3b,6983fa3a644fcca4e5fd8b3b,,,,
35088,raw_position_sample,2,2,int,26,3,8,9,69, underground ,1248,303,4445173.7,6983fa3a644fcca4e5fd8b3b,6983fa3a644fcca4e5fd8b3b,intermediate,3,6983fa3a644fcca4e5fd8b3b,6983fa3a644fcca4e5fd8b3b,spotlight_PROLIFIC,,36,Chile,Spanish,"Spanish, English",,Spanish:70|English:30,100,Spanish:70|English:30,100,Spanish:80|English:20,100,18,6,Bachelor's,10,10,10,6,8,9,7,17,14,16,TOEFL,80,,,,,23,25,C1,intermediate|advanced,intermediate|advanced,cambridge_22_25_intermediate_advanced,4,19,random,,288.263916015625,1201.7362060546875,308.263916015625,1308.750099182129,5,11,,,,,,,,,,,,2026-08-24T17:16:23.220Z,YVYMAZEH,2026-08-24,2026-08-24,13:16:23,2026-08-24 13:16:23,,,,,,,,6983fa3a644fcca4e5fd8b3b,6983fa3a644fcca4e5fd8b3b,,,,
35138,raw_position_sample,2,2,int,26,3,8,9,69, underground ,1253,303,4445223.7,6983fa3a644fcca4e5fd8b3b,6983fa3a644fcca4e5fd8b3b,intermediate,3,6983fa3a644fcca4e5fd8b3b,6983fa3a644fcca4e5fd8b3b,spotlight_PROLIFIC,,36,Chile,Spanish,"Spanish, English",,Spanish:70|English:30,100,Spanish:70|English:30,100,Spanish:80|English:20,100,18,6,Bachelor's,10,10,10,6,8,9,7,17,14,16,TOEFL,80,,,,,23,25,C1,intermediate|advanced,intermediate|advanced,cambridge_22_25_intermediate_advanced,4,19,random,,288.263916015625,1201.7362060546875,308.263916015625,1308.750099182129,5,11,,,,,,,,,,,,2026-08-24T17:16:23.220Z,YVYMAZEH,2026-08-24,2026-08-24,13:16:23,2026-08-24 13:16:23,,,,,,,,6983fa3a644fcca4e5fd8b3b,6983fa3a644fcca4e5fd8b3b,,,,
35188,raw_position_sample,2,2,int,26,3,8,9,69, underground ,1257,303,4445273.899999999,6983fa3a644fcca4e5fd8b3b,6983fa3a644fcca4e5fd8b3b,intermediate,3,6983fa3a644fcca4e5fd8b3b,6983fa3a644fcca4e5fd8b3b,spotlight_PROLIFIC,,36,Chile,Spanish,"Spanish, English",,Spanish:70|English:30,100,Spanish:70|English:30,100,Spanish:80|English:20,100,18,6,Bachelor's,10,10,10,6,8,9,7,17,14,16,TOEFL,80,,,,,23,25,C1,intermediate|advanced,intermediate|advanced,cambridge_22_25_intermediate_advanced,4,19,random,,288.263916015625,1201.7362060546875,308.263916015625,1308.750099182129,5,11,,,,,,,,,,,,2026-08-24T17:16:23.220Z,YVYMAZEH,2026-08-24,2026-08-24,13:16:23,2026-08-24 13:16:23,,,,,,,,6983fa3a644fcca4e5fd8b3b,6983fa3a644fcca4e5fd8b3b,,,,
35238,raw_position_sample,2,2,int,26,3,8,9,69, underground ,1268,303,4445323.899999999,6983fa3a644fcca4e5fd8b3b,6983fa3a644fcca4e5fd8b3b,intermediate,3,6983fa3a644fcca4e5fd8b3b,6983fa3a644fcca4e5fd8b3b,spotlight_PROLIFIC,,36,Chile,Spanish,"Spanish, English",,Spanish:70|English:30,100,Spanish:70|English:30,100,Spanish:80|English:20,100,18,6,Bachelor's,10,10,10,6,8,9,7,17,14,16,TOEFL,80,,,,,23,25,C1,intermediate|advanced,intermediate|advanced,cambridge_22_25_intermediate_advanced,4,19,random,,288.263916015625,1201.7362060546875,308.263916015625,1308.750099182129,5,11,,,,,,,,,,,,2026-08-24T17:16:23.220Z,YVYMAZEH,2026-08-24,2026-08-24,13:16:23,2026-08-24 13:16:23,,,,,,,,6983fa3a644fcca4e5fd8b3b,6983fa3a644fcca4e5fd8b3b,,,,
35290,raw_position_sample,2,2,int,26,3,8,9,69, underground ,1286,303,4445375.600000001,6983fa3a644fcca4e5fd8b3b,6983fa3a644fcca4e5fd8b3b,intermediate,3,6983fa3a644fcca4e5fd8b3b,6983fa3a644fcca4e5fd8b3b,spotlight_PROLIFIC,,36,Chile,Spanish,"Spanish, English",,Spanish:70|English:30,100,Spanish:70|English:30,100,Spanish:80|English:20,100,18,6,Bachelor's,10,10,10,6,8,9,7,17,14,16,TOEFL,80,,,,,23,25,C1,intermediate|advanced,intermediate|advanced,cambridge_22_25_intermediate_advanced,4,19,random,,288.263916015625,1201.7362060546875,308.263916015625,1308.750099182129,5,11,,,,,,,,,,,,2026-08-24T17:16:23.220Z,YVYMAZEH,2026-08-24,2026-08-24,13:16:23,2026-08-24 13:16:23,,,,,,,,6983fa3a644fcca4e5fd8b3b,6983fa3a644fcca4e5fd8b3b,,,,
35338,raw_position_sample,2,2,int,26,3,8,9,69, underground ,1301,303,4445423.7,6983fa3a644fcca4e5fd8b3b,6983fa3a644fcca4e5fd8b3b,intermediate,3,6983fa3a644fcca4e5fd8b3b,6983fa3a644fcca4e5fd8b3b,spotlight_PROLIFIC,,36,Chile,Spanish,"Spanish, English",,Spanish:70|English:30,100,Spanish:70|English:30,100,Spanish:80|English:20,100,18,6,Bachelor's,10,10,10,6,8,9,7,17,14,16,TOEFL,80,,,,,23,25,C1,intermediate|advanced,intermediate|advanced,cambridge_22_25_intermediate_advanced,4,19,random,,288.263916015625,1201.7362060546875,308.263916015625,1308.750099182129,5,11,,,,,,,,,,,,2026-08-24T17:16:23.220Z,YVYMAZEH,2026-08-24,2026-08-24,13:16:23,2026-08-24 13:16:23,,,,,,,,6983fa3a644fcca4e5fd8b3b,6983fa3a644fcca4e5fd8b3b,,,,
35364,hover_association,2,2,int,26,3,8,9,69, underground ,1202,303,,6983fa3a644fcca4e5fd8b3b,6983fa3a644fcca4e5fd8b3b,intermediate,3,6983fa3a644fcca4e5fd8b3b,6983fa3a644fcca4e5fd8b3b,spotlight_PROLIFIC,,36,Chile,Spanish,"Spanish, English",,Spanish:70|English:30,100,Spanish:70|English:30,100,Spanish:80|English:20,100,18,6,Bachelor's,10,10,10,6,8,9,7,17,14,16,TOEFL,80,,,,,23,25,C1,intermediate|advanced,intermediate|advanced,cambridge_22_25_intermediate_advanced,4,19,random,,278.26390838623047,1201.736159324646,318.263916015625,1308.7501106262207,5,11,hover,623.6999999992549,623.6999999992549,0.9836459582611922,0.6184021723933845,81,,,,,,2026-08-24T17:16:23.220Z,YVYMAZEH,2026-08-24,2026-08-24,13:16:23,2026-08-24 13:16:23,,,,,,,,6983fa3a644fcca4e5fd8b3b,6983fa3a644fcca4e5fd8b3b,,,,
35388,raw_position_sample,2,2,int,26,3,8,9,70, working ,1315,303,4445473.8,6983fa3a644fcca4e5fd8b3b,6983fa3a644fcca4e5fd8b3b,intermediate,3,6983fa3a644fcca4e5fd8b3b,6983fa3a644fcca4e5fd8b3b,spotlight_PROLIFIC,,36,Chile,Spanish,"Spanish, English",,Spanish:70|English:30,100,Spanish:70|English:30,100,Spanish:80|English:20,100,18,6,Bachelor's,10,10,10,6,8,9,7,17,14,16,TOEFL,80,,,,,23,25,C1,intermediate|advanced,intermediate|advanced,cambridge_22_25_intermediate_advanced,4,19,random,,288.263916015625,1308.7501220703125,308.263916015625,1370.729290008545,5,12,,,,,,,,,,,,2026-08-24T17:16:23.220Z,YVYMAZEH,2026-08-24,2026-08-24,13:16:23,2026-08-24 13:16:23,,,,,,,,6983fa3a644fcca4e5fd8b3b,6983fa3a644fcca4e5fd8b3b,,,,
35441,raw_position_sample,2,2,int,26,3,8,9,70, working ,1322,303,4445526.100000001,6983fa3a644fcca4e5fd8b3b,6983fa3a644fcca4e5fd8b3b,intermediate,3,6983fa3a644fcca4e5fd8b3b,6983fa3a644fcca4e5fd8b3b,spotlight_PROLIFIC,,36,Chile,Spanish,"Spanish, English",,Spanish:70|English:30,100,Spanish:70|English:30,100,Spanish:80|English:20,100,18,6,Bachelor's,10,10,10,6,8,9,7,17,14,16,TOEFL,80,,,,,23,25,C1,intermediate|advanced,intermediate|advanced,cambridge_22_25_intermediate_advanced,4,19,random,,288.263916015625,1308.7501220703125,308.263916015625,1370.729290008545,5,12,,,,,,,,,,,,2026-08-24T17:16:23.220Z,YVYMAZEH,2026-08-24,2026-08-24,13:16:23,2026-08-24 13:16:23,,,,,,,,6983fa3a644fcca4e5fd8b3b,6983fa3a644fcca4e5fd8b3b,,,,
35488,raw_position_sample,2,2,int,26,3,8,9,70, working ,1322,303,4445573.7,6983fa3a644fcca4e5fd8b3b,6983fa3a644fcca4e5fd8b3b,intermediate,3,6983fa3a644fcca4e5fd8b3b,6983fa3a644fcca4e5fd8b3b,spotlight_PROLIFIC,,36,Chile,Spanish,"Spanish, English",,Spanish:70|English:30,100,Spanish:70|English:30,100,Spanish:80|English:20,100,18,6,Bachelor's,10,10,10,6,8,9,7,17,14,16,TOEFL,80,,,,,23,25,C1,intermediate|advanced,intermediate|advanced,cambridge_22_25_intermediate_advanced,4,19,random,,288.263916015625,1308.7501220703125,308.263916015625,1370.729290008545,5,12,,,,,,,,,,,,2026-08-24T17:16:23.220Z,YVYMAZEH,2026-08-24,2026-08-24,13:16:23,2026-08-24 13:16:23,,,,,,,,6983fa3a644fcca4e5fd8b3b,6983fa3a644fcca4e5fd8b3b,,,,
35529,hover_association,2,2,int,26,3,8,9,70, working ,1310,303,,6983fa3a644fcca4e5fd8b3b,6983fa3a644fcca4e5fd8b3b,intermediate,3,6983fa3a644fcca4e5fd8b3b,6983fa3a644fcca4e5fd8b3b,spotlight_PROLIFIC,,36,Chile,Spanish,"Spanish, English",,Spanish:70|English:30,100,Spanish:70|English:30,100,Spanish:80|English:20,100,18,6,Bachelor's,10,10,10,6,8,9,7,17,14,16,TOEFL,80,,,,,23,25,C1,intermediate|advanced,intermediate|advanced,cambridge_22_25_intermediate_advanced,4,19,random,,278.26390838623047,1308.7501106262207,318.263916015625,1374.4792902469635,5,12,hover,164.60000000149012,164.60000000149012,0.04944363207529975,0.6184021723933845,81,,,,,,2026-08-24T17:16:23.220Z,YVYMAZEH,2026-08-24,2026-08-24,13:16:23,2026-08-24 13:16:23,,,,,,,,6983fa3a644fcca4e5fd8b3b,6983fa3a644fcca4e5fd8b3b,,,,
35538,raw_position_sample,2,2,int,26,3,8,9,69, underground ,1295,305,4445623.600000001,6983fa3a644fcca4e5fd8b3b,6983fa3a644fcca4e5fd8b3b,intermediate,3,6983fa3a644fcca4e5fd8b3b,6983fa3a644fcca4e5fd8b3b,spotlight_PROLIFIC,,36,Chile,Spanish,"Spanish, English",,Spanish:70|English:30,100,Spanish:70|English:30,100,Spanish:80|English:20,100,18,6,Bachelor's,10,10,10,6,8,9,7,17,14,16,TOEFL,80,,,,,23,25,C1,intermediate|advanced,intermediate|advanced,cambridge_22_25_intermediate_advanced,4,19,random,,288.263916015625,1201.7362060546875,308.263916015625,1308.750099182129,5,11,,,,,,,,,,,,2026-08-24T17:16:23.220Z,YVYMAZEH,2026-08-24,2026-08-24,13:16:23,2026-08-24 13:16:23,,,,,,,,6983fa3a644fcca4e5fd8b3b,6983fa3a644fcca4e5fd8b3b,,,,
35554,hover_association,2,2,int,26,3,8,9,69, underground ,1305,304,,6983fa3a644fcca4e5fd8b3b,6983fa3a644fcca4e5fd8b3b,intermediate,3,6983fa3a644fcca4e5fd8b3b,6983fa3a644fcca4e5fd8b3b,spotlight_PROLIFIC,,36,Chile,Spanish,"Spanish, English",,Spanish:70|English:30,100,Spanish:70|English:30,100,Spanish:80|English:20,100,18,6,Bachelor's,10,10,10,6,8,9,7,17,14,16,TOEFL,80,,,,,23,25,C1,intermediate|advanced,intermediate|advanced,cambridge_22_25_intermediate_advanced,4,19,random,,278.26390838623047,1201.736159324646,318.263916015625,1308.7501106262207,5,11,hover,25.899999998509884,25.899999998509884,0.3295256389139151,0.7934021390147897,81,,,,,,2026-08-24T17:16:23.220Z,YVYMAZEH,2026-08-24,2026-08-24,13:16:23,2026-08-24 13:16:23,,,,,,,,6983fa3a644fcca4e5fd8b3b,6983fa3a644fcca4e5fd8b3b,,,,
35564,hover_association,2,2,int,26,3,8,9,68, the ,1188,314,,6983fa3a644fcca4e5fd8b3b,6983fa3a644fcca4e5fd8b3b,intermediate,3,6983fa3a644fcca4e5fd8b3b,6983fa3a644fcca4e5fd8b3b,spotlight_PROLIFIC,,36,Chile,Spanish,"Spanish, English",,Spanish:70|English:30,100,Spanish:70|English:30,100,Spanish:80|English:20,100,18,6,Bachelor's,10,10,10,6,8,9,7,17,14,16,TOEFL,80,,,,,23,25,C1,intermediate|advanced,intermediate|advanced,cambridge_22_25_intermediate_advanced,4,19,random,,278.26390838623047,1171.7187843322754,318.263916015625,1201.736159324646,5,10,hover,9.600000001490116,9.600000001490116,0.5423930530855127,0.893402119941307,81,,,,,,2026-08-24T17:16:23.220Z,YVYMAZEH,2026-08-24,2026-08-24,13:16:23,2026-08-24 13:16:23,,,,,,,,6983fa3a644fcca4e5fd8b3b,6983fa3a644fcca4e5fd8b3b,,,,
35571,hover_association,2,2,int,26,3,8,9,67, with ,1151,317,,6983fa3a644fcca4e5fd8b3b,6983fa3a644fcca4e5fd8b3b,intermediate,3,6983fa3a644fcca4e5fd8b3b,6983fa3a644fcca4e5fd8b3b,spotlight_PROLIFIC,,36,Chile,Spanish,"Spanish, English",,Spanish:70|English:30,100,Spanish:70|English:30,100,Spanish:80|English:20,100,18,6,Bachelor's,10,10,10,6,8,9,7,17,14,16,TOEFL,80,,,,,23,25,C1,intermediate|advanced,intermediate|advanced,cambridge_22_25_intermediate_advanced,4,19,random,,278.26390838623047,1134.7222709655762,318.263916015625,1171.7187843322754,5,9,hover,6.799999998882413,6.799999998882413,0.4399800833414618,0.9684021056361951,81,,,,,,2026-08-24T17:16:23.220Z,YVYMAZEH,2026-08-24,2026-08-24,13:16:23,2026-08-24 13:16:23,,,,,,,,6983fa3a644fcca4e5fd8b3b,6983fa3a644fcca4e5fd8b3b,,,,
35582,hover_association,2,2,int,26,3,8,9,81, trip.” ,1097,321,,6983fa3a644fcca4e5fd8b3b,6983fa3a644fcca4e5fd8b3b,intermediate,3,6983fa3a644fcca4e5fd8b3b,6983fa3a644fcca4e5fd8b3b,spotlight_PROLIFIC,,36,Chile,Spanish,"Spanish, English",,Spanish:70|English:30,100,Spanish:70|English:30,100,Spanish:80|English:20,100,18,6,Bachelor's,10,10,10,6,8,9,7,17,14,16,TOEFL,80,,,,,23,25,C1,intermediate|advanced,intermediate|advanced,cambridge_22_25_intermediate_advanced,4,19,random,,318.263916015625,1078.1424503326416,358.263916015625,1117.864681482315,6,11,hover,5.299999998882413,5.299999998882413,0.47473540940595976,0.068402099609375,81,,,,,,2026-08-24T17:16:23.220Z,YVYMAZEH,2026-08-24,2026-08-24,13:16:23,2026-08-24 13:16:23,,,,,,,,6983fa3a644fcca4e5fd8b3b,6983fa3a644fcca4e5fd8b3b,,,,
35588,raw_position_sample,2,2,int,26,3,8,9,80, per ,1073,324,4445673.7,6983fa3a644fcca4e5fd8b3b,6983fa3a644fcca4e5fd8b3b,intermediate,3,6983fa3a644fcca4e5fd8b3b,6983fa3a644fcca4e5fd8b3b,spotlight_PROLIFIC,,36,Chile,Spanish,"Spanish, English",,Spanish:70|English:30,100,Spanish:70|English:30,100,Spanish:80|English:20,100,18,6,Bachelor's,10,10,10,6,8,9,7,17,14,16,TOEFL,80,,,,,23,25,C1,intermediate|advanced,intermediate|advanced,cambridge_22_25_intermediate_advanced,4,19,random,,328.263916015625,1047.135498046875,348.263916015625,1078.1424446105957,6,10,,,,,,,,,,,,2026-08-24T17:16:23.220Z,YVYMAZEH,2026-08-24,2026-08-24,13:16:23,2026-08-24 13:16:23,,,,,,,,6983fa3a644fcca4e5fd8b3b,6983fa3a644fcca4e5fd8b3b,,,,
35596,hover_association,2,2,int,26,3,8,9,80, per ,1073,324,,6983fa3a644fcca4e5fd8b3b,6983fa3a644fcca4e5fd8b3b,intermediate,3,6983fa3a644fcca4e5fd8b3b,6983fa3a644fcca4e5fd8b3b,spotlight_PROLIFIC,,36,Chile,Spanish,"Spanish, English",,Spanish:70|English:30,100,Spanish:70|English:30,100,Spanish:80|English:20,100,18,6,Bachelor's,10,10,10,6,8,9,7,17,14,16,TOEFL,80,,,,,23,25,C1,intermediate|advanced,intermediate|advanced,cambridge_22_25_intermediate_advanced,4,19,random,,318.263916015625,1047.1354818344116,358.263916015625,1078.1424503326416,6,10,hover,13.700000001117587,13.700000001117587,0.25363711921845317,0.168402099609375,81,,,,,,2026-08-24T17:16:23.220Z,YVYMAZEH,2026-08-24,2026-08-24,13:16:23,2026-08-24 13:16:23,,,,,,,,6983fa3a644fcca4e5fd8b3b,6983fa3a644fcca4e5fd8b3b,,,,
35602,hover_association,2,2,int,26,3,8,9,79, €1 ,1037,326,,6983fa3a644fcca4e5fd8b3b,6983fa3a644fcca4e5fd8b3b,intermediate,3,6983fa3a644fcca4e5fd8b3b,6983fa3a644fcca4e5fd8b3b,spotlight_PROLIFIC,,36,Chile,Spanish,"Spanish, English",,Spanish:70|English:30,100,Spanish:70|English:30,100,Spanish:80|English:20,100,18,6,Bachelor's,10,10,10,6,8,9,7,17,14,16,TOEFL,80,,,,,23,25,C1,intermediate|advanced,intermediate|advanced,cambridge_22_25_intermediate_advanced,4,19,random,,318.263916015625,1022.1180934906006,358.263916015625,1047.1354818344116,6,9,hover,6.799999998882413,6.799999998882413,0.594862513419831,0.193402099609375,81,,,,,,2026-08-24T17:16:23.220Z,YVYMAZEH,2026-08-24,2026-08-24,13:16:23,2026-08-24 13:16:23,,,,,,,,6983fa3a644fcca4e5fd8b3b,6983fa3a644fcca4e5fd8b3b,,,,
35624,hover_association,2,2,int,26,3,8,9,78, costs ,1018,327,,6983fa3a644fcca4e5fd8b3b,6983fa3a644fcca4e5fd8b3b,intermediate,3,6983fa3a644fcca4e5fd8b3b,6983fa3a644fcca4e5fd8b3b,spotlight_PROLIFIC,,36,Chile,Spanish,"Spanish, English",,Spanish:70|English:30,100,Spanish:70|English:30,100,Spanish:80|English:20,100,18,6,Bachelor's,10,10,10,6,8,9,7,17,14,16,TOEFL,80,,,,,23,25,C1,intermediate|advanced,intermediate|advanced,cambridge_22_25_intermediate_advanced,4,19,random,,318.263916015625,975.1389141082764,358.263916015625,1022.1180934906006,6,8,hover,21.90000000037253,21.90000000037253,0.2311893488673854,0.243402099609375,81,,,,,,2026-08-24T17:16:23.220Z,YVYMAZEH,2026-08-24,2026-08-24,13:16:23,2026-08-24 13:16:23,,,,,,,,6983fa3a644fcca4e5fd8b3b,6983fa3a644fcca4e5fd8b3b,,,,
35640,raw_position_sample,2,2,int,26,3,8,9,77, only ,954,331,4445725.3,6983fa3a644fcca4e5fd8b3b,6983fa3a644fcca4e5fd8b3b,intermediate,3,6983fa3a644fcca4e5fd8b3b,6983fa3a644fcca4e5fd8b3b,spotlight_PROLIFIC,,36,Chile,Spanish,"Spanish, English",,Spanish:70|English:30,100,Spanish:70|English:30,100,Spanish:80|English:20,100,18,6,Bachelor's,10,10,10,6,8,9,7,17,14,16,TOEFL,80,,,,,23,25,C1,intermediate|advanced,intermediate|advanced,cambridge_22_25_intermediate_advanced,4,19,random,,328.263916015625,937.1354370117188,348.263916015625,975.1389122009277,6,7,,,,,,,,,,,,2026-08-24T17:16:23.220Z,YVYMAZEH,2026-08-24,2026-08-24,13:16:23,2026-08-24 13:16:23,,,,,,,,6983fa3a644fcca4e5fd8b3b,6983fa3a644fcca4e5fd8b3b,,,,
35650,hover_association,2,2,int,26,3,8,9,77, only ,974,330,,6983fa3a644fcca4e5fd8b3b,6983fa3a644fcca4e5fd8b3b,intermediate,3,6983fa3a644fcca4e5fd8b3b,6983fa3a644fcca4e5fd8b3b,spotlight_PROLIFIC,,36,Chile,Spanish,"Spanish, English",,Spanish:70|English:30,100,Spanish:70|English:30,100,Spanish:80|English:20,100,18,6,Bachelor's,10,10,10,6,8,9,7,17,14,16,TOEFL,80,,,,,23,25,C1,intermediate|advanced,intermediate|advanced,cambridge_22_25_intermediate_advanced,4,19,random,,318.263916015625,937.1354441642761,358.263916015625,975.1389141082764,6,7,hover,26,26,0.18062971212468484,0.318402099609375,81,,,,,,2026-08-24T17:16:23.220Z,YVYMAZEH,2026-08-24,2026-08-24,13:16:23,2026-08-24 13:16:23,,,,,,,,6983fa3a644fcca4e5fd8b3b,6983fa3a644fcca4e5fd8b3b,,,,
35667,hover_association,2,2,int,26,3,8,9,76, it ,936,332,,6983fa3a644fcca4e5fd8b3b,6983fa3a644fcca4e5fd8b3b,intermediate,3,6983fa3a644fcca4e5fd8b3b,6983fa3a644fcca4e5fd8b3b,spotlight_PROLIFIC,,36,Chile,Spanish,"Spanish, English",,Spanish:70|English:30,100,Spanish:70|English:30,100,Spanish:80|English:20,100,18,6,Bachelor's,10,10,10,6,8,9,7,17,14,16,TOEFL,80,,,,,23,25,C1,intermediate|advanced,intermediate|advanced,cambridge_22_25_intermediate_advanced,4,19,random,,318.263916015625,923.1424102783203,358.263916015625,937.1354441642761,6,6,hover,16.5,16.5,0.3471434258838632,0.368402099609375,81,,,,,,2026-08-24T17:16:23.220Z,YVYMAZEH,2026-08-24,2026-08-24,13:16:23,2026-08-24 13:16:23,,,,,,,,6983fa3a644fcca4e5fd8b3b,6983fa3a644fcca4e5fd8b3b,,,,
35689,raw_position_sample,2,2,int,26,3,8,9,75, and ,898,337,4445773.899999999,6983fa3a644fcca4e5fd8b3b,6983fa3a644fcca4e5fd8b3b,intermediate,3,6983fa3a644fcca4e5fd8b3b,6983fa3a644fcca4e5fd8b3b,spotlight_PROLIFIC,,36,Chile,Spanish,"Spanish, English",,Spanish:70|English:30,100,Spanish:70|English:30,100,Spanish:80|English:20,100,18,6,Bachelor's,10,10,10,6,8,9,7,17,14,16,TOEFL,80,,,,,23,25,C1,intermediate|advanced,intermediate|advanced,cambridge_22_25_intermediate_advanced,4,19,random,,328.263916015625,888.1250610351562,348.263916015625,923.1424255371094,6,5,,,,,,,,,,,,2026-08-24T17:16:23.220Z,YVYMAZEH,2026-08-24,2026-08-24,13:16:23,2026-08-24 13:16:23,,,,,,,,6983fa3a644fcca4e5fd8b3b,6983fa3a644fcca4e5fd8b3b,,,,
35698,hover_association,2,2,int,26,3,8,9,75, and ,922,333,,6983fa3a644fcca4e5fd8b3b,6983fa3a644fcca4e5fd8b3b,intermediate,3,6983fa3a644fcca4e5fd8b3b,6983fa3a644fcca4e5fd8b3b,spotlight_PROLIFIC,,36,Chile,Spanish,"Spanish, English",,Spanish:70|English:30,100,Spanish:70|English:30,100,Spanish:80|English:20,100,18,6,Bachelor's,10,10,10,6,8,9,7,17,14,16,TOEFL,80,,,,,23,25,C1,intermediate|advanced,intermediate|advanced,cambridge_22_25_intermediate_advanced,4,19,random,,318.263916015625,888.1250419616699,358.263916015625,923.1424102783203,6,5,hover,31.59999999962747,31.59999999962747,0.08210091667462817,0.493402099609375,81,,,,,,2026-08-24T17:16:23.220Z,YVYMAZEH,2026-08-24,2026-08-24,13:16:23,2026-08-24 13:16:23,,,,,,,,6983fa3a644fcca4e5fd8b3b,6983fa3a644fcca4e5fd8b3b,,,,
35738,raw_position_sample,2,2,int,26,3,8,9,74, weekends ,852,344,4445823.8,6983fa3a644fcca4e5fd8b3b,6983fa3a644fcca4e5fd8b3b,intermediate,3,6983fa3a644fcca4e5fd8b3b,6983fa3a644fcca4e5fd8b3b,spotlight_PROLIFIC,,36,Chile,Spanish,"Spanish, English",,Spanish:70|English:30,100,Spanish:70|English:30,100,Spanish:80|English:20,100,18,6,Bachelor's,10,10,10,6,8,9,7,17,14,16,TOEFL,80,,,,,23,25,C1,intermediate|advanced,intermediate|advanced,cambridge_22_25_intermediate_advanced,4,19,random,,328.263916015625,802.1354370117188,348.263916015625,888.1250228881836,6,4,,,,,,,,,,,,2026-08-24T17:16:23.220Z,YVYMAZEH,2026-08-24,2026-08-24,13:16:23,2026-08-24 13:16:23,,,,,,,,6983fa3a644fcca4e5fd8b3b,6983fa3a644fcca4e5fd8b3b,,,,
35792,raw_position_sample,2,2,int,26,3,8,9,74, weekends ,811,351,4445877.399999999,6983fa3a644fcca4e5fd8b3b,6983fa3a644fcca4e5fd8b3b,intermediate,3,6983fa3a644fcca4e5fd8b3b,6983fa3a644fcca4e5fd8b3b,spotlight_PROLIFIC,,36,Chile,Spanish,"Spanish, English",,Spanish:70|English:30,100,Spanish:70|English:30,100,Spanish:80|English:20,100,18,6,Bachelor's,10,10,10,6,8,9,7,17,14,16,TOEFL,80,,,,,23,25,C1,intermediate|advanced,intermediate|advanced,cambridge_22_25_intermediate_advanced,4,19,random,,328.263916015625,802.1354370117188,348.263916015625,888.1250228881836,6,4,,,,,,,,,,,,2026-08-24T17:16:23.220Z,YVYMAZEH,2026-08-24,2026-08-24,13:16:23,2026-08-24 13:16:23,,,,,,,,6983fa3a644fcca4e5fd8b3b,6983fa3a644fcca4e5fd8b3b,,,,
35801,hover_association,2,2,int,26,3,8,9,74, weekends ,883,340,,6983fa3a644fcca4e5fd8b3b,6983fa3a644fcca4e5fd8b3b,intermediate,3,6983fa3a644fcca4e5fd8b3b,6983fa3a644fcca4e5fd8b3b,spotlight_PROLIFIC,,36,Chile,Spanish,"Spanish, English",,Spanish:70|English:30,100,Spanish:70|English:30,100,Spanish:80|English:20,100,18,6,Bachelor's,10,10,10,6,8,9,7,17,14,16,TOEFL,80,,,,,23,25,C1,intermediate|advanced,intermediate|advanced,cambridge_22_25_intermediate_advanced,4,19,random,,318.263916015625,802.1354370117188,358.263916015625,888.1250419616699,6,4,hover,102.80000000074506,102.80000000074506,0.04494221121879272,0.843402099609375,81,,,,,,2026-08-24T17:16:23.220Z,YVYMAZEH,2026-08-24,2026-08-24,13:16:23,2026-08-24 13:16:23,,,,,,,,6983fa3a644fcca4e5fd8b3b,6983fa3a644fcca4e5fd8b3b,,,,
35839,raw_position_sample,2,2,int,26,3,8,9,73, at ,786,355,4445924.600000001,6983fa3a644fcca4e5fd8b3b,6983fa3a644fcca4e5fd8b3b,intermediate,3,6983fa3a644fcca4e5fd8b3b,6983fa3a644fcca4e5fd8b3b,spotlight_PROLIFIC,,36,Chile,Spanish,"Spanish, English",,Spanish:70|English:30,100,Spanish:70|English:30,100,Spanish:80|English:20,100,18,6,Bachelor's,10,10,10,6,8,9,7,17,14,16,TOEFL,80,,,,,23,25,C1,intermediate|advanced,intermediate|advanced,cambridge_22_25_intermediate_advanced,4,19,random,,328.263916015625,782.1354370117188,348.263916015625,802.1354370117188,6,3,,,,,,,,,,,,2026-08-24T17:16:23.220Z,YVYMAZEH,2026-08-24,2026-08-24,13:16:23,2026-08-24 13:16:23,,,,,,,,6983fa3a644fcca4e5fd8b3b,6983fa3a644fcca4e5fd8b3b,,,,
35850,hover_association,2,2,int,26,3,8,9,73, at ,802,353,,6983fa3a644fcca4e5fd8b3b,6983fa3a644fcca4e5fd8b3b,intermediate,3,6983fa3a644fcca4e5fd8b3b,6983fa3a644fcca4e5fd8b3b,spotlight_PROLIFIC,,36,Chile,Spanish,"Spanish, English",,Spanish:70|English:30,100,Spanish:70|English:30,100,Spanish:80|English:20,100,18,6,Bachelor's,10,10,10,6,8,9,7,17,14,16,TOEFL,80,,,,,23,25,C1,intermediate|advanced,intermediate|advanced,cambridge_22_25_intermediate_advanced,4,19,random,,318.263916015625,782.1354389190674,358.263916015625,802.1354370117188,6,3,hover,48.19999999925494,48.19999999925494,0.04322805816917974,0.918402099609375,81,,,,,,2026-08-24T17:16:23.220Z,YVYMAZEH,2026-08-24,2026-08-24,13:16:23,2026-08-24 13:16:23,,,,,,,,6983fa3a644fcca4e5fd8b3b,6983fa3a644fcca4e5fd8b3b,,,,
35888,raw_position_sample,2,2,int,26,3,8,9,72, hours ,766,355,4445973.899999999,6983fa3a644fcca4e5fd8b3b,6983fa3a644fcca4e5fd8b3b,intermediate,3,6983fa3a644fcca4e5fd8b3b,6983fa3a644fcca4e5fd8b3b,spotlight_PROLIFIC,,36,Chile,Spanish,"Spanish, English",,Spanish:70|English:30,100,Spanish:70|English:30,100,Spanish:80|English:20,100,18,6,Bachelor's,10,10,10,6,8,9,7,17,14,16,TOEFL,80,,,,,23,25,C1,intermediate|advanced,intermediate|advanced,cambridge_22_25_intermediate_advanced,4,19,random,,328.263916015625,732.1354370117188,348.263916015625,782.135440826416,6,2,,,,,,,,,,,,2026-08-24T17:16:23.220Z,YVYMAZEH,2026-08-24,2026-08-24,13:16:23,2026-08-24 13:16:23,,,,,,,,6983fa3a644fcca4e5fd8b3b,6983fa3a644fcca4e5fd8b3b,,,,
35938,raw_position_sample,2,2,int,26,3,8,9,72, hours ,751,355,4446023.8,6983fa3a644fcca4e5fd8b3b,6983fa3a644fcca4e5fd8b3b,intermediate,3,6983fa3a644fcca4e5fd8b3b,6983fa3a644fcca4e5fd8b3b,spotlight_PROLIFIC,,36,Chile,Spanish,"Spanish, English",,Spanish:70|English:30,100,Spanish:70|English:30,100,Spanish:80|English:20,100,18,6,Bachelor's,10,10,10,6,8,9,7,17,14,16,TOEFL,80,,,,,23,25,C1,intermediate|advanced,intermediate|advanced,cambridge_22_25_intermediate_advanced,4,19,random,,328.263916015625,732.1354370117188,348.263916015625,782.135440826416,6,2,,,,,,,,,,,,2026-08-24T17:16:23.220Z,YVYMAZEH,2026-08-24,2026-08-24,13:16:23,2026-08-24 13:16:23,,,,,,,,6983fa3a644fcca4e5fd8b3b,6983fa3a644fcca4e5fd8b3b,,,,
35991,raw_position_sample,2,2,int,26,3,8,9,72, hours ,735,355,4446076.7,6983fa3a644fcca4e5fd8b3b,6983fa3a644fcca4e5fd8b3b,intermediate,3,6983fa3a644fcca4e5fd8b3b,6983fa3a644fcca4e5fd8b3b,spotlight_PROLIFIC,,36,Chile,Spanish,"Spanish, English",,Spanish:70|English:30,100,Spanish:70|English:30,100,Spanish:80|English:20,100,18,6,Bachelor's,10,10,10,6,8,9,7,17,14,16,TOEFL,80,,,,,23,25,C1,intermediate|advanced,intermediate|advanced,cambridge_22_25_intermediate_advanced,4,19,random,,328.263916015625,732.1354370117188,348.263916015625,782.135440826416,6,2,,,,,,,,,,,,2026-08-24T17:16:23.220Z,YVYMAZEH,2026-08-24,2026-08-24,13:16:23,2026-08-24 13:16:23,,,,,,,,6983fa3a644fcca4e5fd8b3b,6983fa3a644fcca4e5fd8b3b,,,,
36001,hover_association,2,2,int,26,3,8,9,72, hours ,781,355,,6983fa3a644fcca4e5fd8b3b,6983fa3a644fcca4e5fd8b3b,intermediate,3,6983fa3a644fcca4e5fd8b3b,6983fa3a644fcca4e5fd8b3b,spotlight_PROLIFIC,,36,Chile,Spanish,"Spanish, English",,Spanish:70|English:30,100,Spanish:70|English:30,100,Spanish:80|English:20,100,18,6,Bachelor's,10,10,10,6,8,9,7,17,14,16,TOEFL,80,,,,,23,25,C1,intermediate|advanced,intermediate|advanced,cambridge_22_25_intermediate_advanced,4,19,random,,318.263916015625,732.1354513168335,358.263916015625,782.1354389190674,6,2,hover,151,151,0.01729097795072009,0.918402099609375,81,,,,,,2026-08-24T17:16:23.220Z,YVYMAZEH,2026-08-24,2026-08-24,13:16:23,2026-08-24 13:16:23,,,,,,,,6983fa3a644fcca4e5fd8b3b,6983fa3a644fcca4e5fd8b3b,,,,
36040,raw_position_sample,2,2,int,26,3,8,9,71, 24 ,725,355,4446125.7,6983fa3a644fcca4e5fd8b3b,6983fa3a644fcca4e5fd8b3b,intermediate,3,6983fa3a644fcca4e5fd8b3b,6983fa3a644fcca4e5fd8b3b,spotlight_PROLIFIC,,36,Chile,Spanish,"Spanish, English",,Spanish:70|English:30,100,Spanish:70|English:30,100,Spanish:80|English:20,100,18,6,Bachelor's,10,10,10,6,8,9,7,17,14,16,TOEFL,80,,,,,23,25,C1,intermediate|advanced,intermediate|advanced,cambridge_22_25_intermediate_advanced,4,19,random,,328.263916015625,707.1181030273438,348.263916015625,732.1354656219482,6,1,,,,,,,,,,,,2026-08-24T17:16:23.220Z,YVYMAZEH,2026-08-24,2026-08-24,13:16:23,2026-08-24 13:16:23,,,,,,,,6983fa3a644fcca4e5fd8b3b,6983fa3a644fcca4e5fd8b3b,,,,
36088,raw_position_sample,2,2,int,26,3,8,9,71, 24 ,720,355,4446173.7,6983fa3a644fcca4e5fd8b3b,6983fa3a644fcca4e5fd8b3b,intermediate,3,6983fa3a644fcca4e5fd8b3b,6983fa3a644fcca4e5fd8b3b,spotlight_PROLIFIC,,36,Chile,Spanish,"Spanish, English",,Spanish:70|English:30,100,Spanish:70|English:30,100,Spanish:80|English:20,100,18,6,Bachelor's,10,10,10,6,8,9,7,17,14,16,TOEFL,80,,,,,23,25,C1,intermediate|advanced,intermediate|advanced,cambridge_22_25_intermediate_advanced,4,19,random,,328.263916015625,707.1181030273438,348.263916015625,732.1354656219482,6,1,,,,,,,,,,,,2026-08-24T17:16:23.220Z,YVYMAZEH,2026-08-24,2026-08-24,13:16:23,2026-08-24 13:16:23,,,,,,,,6983fa3a644fcca4e5fd8b3b,6983fa3a644fcca4e5fd8b3b,,,,
36138,raw_position_sample,2,2,int,26,3,8,9,71, 24 ,715,355,4446223.600000001,6983fa3a644fcca4e5fd8b3b,6983fa3a644fcca4e5fd8b3b,intermediate,3,6983fa3a644fcca4e5fd8b3b,6983fa3a644fcca4e5fd8b3b,spotlight_PROLIFIC,,36,Chile,Spanish,"Spanish, English",,Spanish:70|English:30,100,Spanish:70|English:30,100,Spanish:80|English:20,100,18,6,Bachelor's,10,10,10,6,8,9,7,17,14,16,TOEFL,80,,,,,23,25,C1,intermediate|advanced,intermediate|advanced,cambridge_22_25_intermediate_advanced,4,19,random,,328.263916015625,707.1181030273438,348.263916015625,732.1354656219482,6,1,,,,,,,,,,,,2026-08-24T17:16:23.220Z,YVYMAZEH,2026-08-24,2026-08-24,13:16:23,2026-08-24 13:16:23,,,,,,,,6983fa3a644fcca4e5fd8b3b,6983fa3a644fcca4e5fd8b3b,,,,
36188,raw_position_sample,2,2,int,26,3,8,9,71, 24 ,713,355,4446273.7,6983fa3a644fcca4e5fd8b3b,6983fa3a644fcca4e5fd8b3b,intermediate,3,6983fa3a644fcca4e5fd8b3b,6983fa3a644fcca4e5fd8b3b,spotlight_PROLIFIC,,36,Chile,Spanish,"Spanish, English",,Spanish:70|English:30,100,Spanish:70|English:30,100,Spanish:80|English:20,100,18,6,Bachelor's,10,10,10,6,8,9,7,17,14,16,TOEFL,80,,,,,23,25,C1,intermediate|advanced,intermediate|advanced,cambridge_22_25_intermediate_advanced,4,19,random,,328.263916015625,707.1181030273438,348.263916015625,732.1354656219482,6,1,,,,,,,,,,,,2026-08-24T17:16:23.220Z,YVYMAZEH,2026-08-24,2026-08-24,13:16:23,2026-08-24 13:16:23,,,,,,,,6983fa3a644fcca4e5fd8b3b,6983fa3a644fcca4e5fd8b3b,,,,
36238,raw_position_sample,2,2,int,26,3,8,9,71, 24 ,712,355,4446323.7,6983fa3a644fcca4e5fd8b3b,6983fa3a644fcca4e5fd8b3b,intermediate,3,6983fa3a644fcca4e5fd8b3b,6983fa3a644fcca4e5fd8b3b,spotlight_PROLIFIC,,36,Chile,Spanish,"Spanish, English",,Spanish:70|English:30,100,Spanish:70|English:30,100,Spanish:80|English:20,100,18,6,Bachelor's,10,10,10,6,8,9,7,17,14,16,TOEFL,80,,,,,23,25,C1,intermediate|advanced,intermediate|advanced,cambridge_22_25_intermediate_advanced,4,19,random,,328.263916015625,707.1181030273438,348.263916015625,732.1354656219482,6,1,,,,,,,,,,,,2026-08-24T17:16:23.220Z,YVYMAZEH,2026-08-24,2026-08-24,13:16:23,2026-08-24 13:16:23,,,,,,,,6983fa3a644fcca4e5fd8b3b,6983fa3a644fcca4e5fd8b3b,,,,
36290,raw_position_sample,2,2,int,26,3,8,9,71, 24 ,711,355,4446376.000000001,6983fa3a644fcca4e5fd8b3b,6983fa3a644fcca4e5fd8b3b,intermediate,3,6983fa3a644fcca4e5fd8b3b,6983fa3a644fcca4e5fd8b3b,spotlight_PROLIFIC,,36,Chile,Spanish,"Spanish, English",,Spanish:70|English:30,100,Spanish:70|English:30,100,Spanish:80|English:20,100,18,6,Bachelor's,10,10,10,6,8,9,7,17,14,16,TOEFL,80,,,,,23,25,C1,intermediate|advanced,intermediate|advanced,cambridge_22_25_intermediate_advanced,4,19,random,,328.263916015625,707.1181030273438,348.263916015625,732.1354656219482,6,1,,,,,,,,,,,,2026-08-24T17:16:23.220Z,YVYMAZEH,2026-08-24,2026-08-24,13:16:23,2026-08-24 13:16:23,,,,,,,,6983fa3a644fcca4e5fd8b3b,6983fa3a644fcca4e5fd8b3b,,,,
36338,raw_position_sample,2,2,int,26,3,8,9,71, 24 ,711,354,4446423.8,6983fa3a644fcca4e5fd8b3b,6983fa3a644fcca4e5fd8b3b,intermediate,3,6983fa3a644fcca4e5fd8b3b,6983fa3a644fcca4e5fd8b3b,spotlight_PROLIFIC,,36,Chile,Spanish,"Spanish, English",,Spanish:70|English:30,100,Spanish:70|English:30,100,Spanish:80|English:20,100,18,6,Bachelor's,10,10,10,6,8,9,7,17,14,16,TOEFL,80,,,,,23,25,C1,intermediate|advanced,intermediate|advanced,cambridge_22_25_intermediate_advanced,4,19,random,,328.263916015625,707.1181030273438,348.263916015625,732.1354656219482,6,1,,,,,,,,,,,,2026-08-24T17:16:23.220Z,YVYMAZEH,2026-08-24,2026-08-24,13:16:23,2026-08-24 13:16:23,,,,,,,,6983fa3a644fcca4e5fd8b3b,6983fa3a644fcca4e5fd8b3b,,,,
36388,raw_position_sample,2,2,int,26,3,8,9,71, 24 ,711,353,4446473.899999999,6983fa3a644fcca4e5fd8b3b,6983fa3a644fcca4e5fd8b3b,intermediate,3,6983fa3a644fcca4e5fd8b3b,6983fa3a644fcca4e5fd8b3b,spotlight_PROLIFIC,,36,Chile,Spanish,"Spanish, English",,Spanish:70|English:30,100,Spanish:70|English:30,100,Spanish:80|English:20,100,18,6,Bachelor's,10,10,10,6,8,9,7,17,14,16,TOEFL,80,,,,,23,25,C1,intermediate|advanced,intermediate|advanced,cambridge_22_25_intermediate_advanced,4,19,random,,328.263916015625,707.1181030273438,348.263916015625,732.1354656219482,6,1,,,,,,,,,,,,2026-08-24T17:16:23.220Z,YVYMAZEH,2026-08-24,2026-08-24,13:16:23,2026-08-24 13:16:23,,,,,,,,6983fa3a644fcca4e5fd8b3b,6983fa3a644fcca4e5fd8b3b,,,,
36440,raw_position_sample,2,2,int,26,3,8,9,71, 24 ,711,352,4446525.7,6983fa3a644fcca4e5fd8b3b,6983fa3a644fcca4e5fd8b3b,intermediate,3,6983fa3a644fcca4e5fd8b3b,6983fa3a644fcca4e5fd8b3b,spotlight_PROLIFIC,,36,Chile,Spanish,"Spanish, English",,Spanish:70|English:30,100,Spanish:70|English:30,100,Spanish:80|English:20,100,18,6,Bachelor's,10,10,10,6,8,9,7,17,14,16,TOEFL,80,,,,,23,25,C1,intermediate|advanced,intermediate|advanced,cambridge_22_25_intermediate_advanced,4,19,random,,328.263916015625,707.1181030273438,348.263916015625,732.1354656219482,6,1,,,,,,,,,,,,2026-08-24T17:16:23.220Z,YVYMAZEH,2026-08-24,2026-08-24,13:16:23,2026-08-24 13:16:23,,,,,,,,6983fa3a644fcca4e5fd8b3b,6983fa3a644fcca4e5fd8b3b,,,,
36488,raw_position_sample,2,2,int,26,3,8,9,71, 24 ,711,351,4446573.7,6983fa3a644fcca4e5fd8b3b,6983fa3a644fcca4e5fd8b3b,intermediate,3,6983fa3a644fcca4e5fd8b3b,6983fa3a644fcca4e5fd8b3b,spotlight_PROLIFIC,,36,Chile,Spanish,"Spanish, English",,Spanish:70|English:30,100,Spanish:70|English:30,100,Spanish:80|English:20,100,18,6,Bachelor's,10,10,10,6,8,9,7,17,14,16,TOEFL,80,,,,,23,25,C1,intermediate|advanced,intermediate|advanced,cambridge_22_25_intermediate_advanced,4,19,random,,328.263916015625,707.1181030273438,348.263916015625,732.1354656219482,6,1,,,,,,,,,,,,2026-08-24T17:16:23.220Z,YVYMAZEH,2026-08-24,2026-08-24,13:16:23,2026-08-24 13:16:23,,,,,,,,6983fa3a644fcca4e5fd8b3b,6983fa3a644fcca4e5fd8b3b,,,,
36538,raw_position_sample,2,2,int,26,3,8,9,71, 24 ,711,351,4446623.8,6983fa3a644fcca4e5fd8b3b,6983fa3a644fcca4e5fd8b3b,intermediate,3,6983fa3a644fcca4e5fd8b3b,6983fa3a644fcca4e5fd8b3b,spotlight_PROLIFIC,,36,Chile,Spanish,"Spanish, English",,Spanish:70|English:30,100,Spanish:70|English:30,100,Spanish:80|English:20,100,18,6,Bachelor's,10,10,10,6,8,9,7,17,14,16,TOEFL,80,,,,,23,25,C1,intermediate|advanced,intermediate|advanced,cambridge_22_25_intermediate_advanced,4,19,random,,328.263916015625,707.1181030273438,348.263916015625,732.1354656219482,6,1,,,,,,,,,,,,2026-08-24T17:16:23.220Z,YVYMAZEH,2026-08-24,2026-08-24,13:16:23,2026-08-24 13:16:23,,,,,,,,6983fa3a644fcca4e5fd8b3b,6983fa3a644fcca4e5fd8b3b,,,,
36588,raw_position_sample,2,2,int,26,3,8,9,71, 24 ,711,351,4446673.899999999,6983fa3a644fcca4e5fd8b3b,6983fa3a644fcca4e5fd8b3b,intermediate,3,6983fa3a644fcca4e5fd8b3b,6983fa3a644fcca4e5fd8b3b,spotlight_PROLIFIC,,36,Chile,Spanish,"Spanish, English",,Spanish:70|English:30,100,Spanish:70|English:30,100,Spanish:80|English:20,100,18,6,Bachelor's,10,10,10,6,8,9,7,17,14,16,TOEFL,80,,,,,23,25,C1,intermediate|advanced,intermediate|advanced,cambridge_22_25_intermediate_advanced,4,19,random,,328.263916015625,707.1181030273438,348.263916015625,732.1354656219482,6,1,,,,,,,,,,,,2026-08-24T17:16:23.220Z,YVYMAZEH,2026-08-24,2026-08-24,13:16:23,2026-08-24 13:16:23,,,,,,,,6983fa3a644fcca4e5fd8b3b,6983fa3a644fcca4e5fd8b3b,,,,
36638,raw_position_sample,2,2,int,26,3,8,9,71, 24 ,711,351,4446723.7,6983fa3a644fcca4e5fd8b3b,6983fa3a644fcca4e5fd8b3b,intermediate,3,6983fa3a644fcca4e5fd8b3b,6983fa3a644fcca4e5fd8b3b,spotlight_PROLIFIC,,36,Chile,Spanish,"Spanish, English",,Spanish:70|English:30,100,Spanish:70|English:30,100,Spanish:80|English:20,100,18,6,Bachelor's,10,10,10,6,8,9,7,17,14,16,TOEFL,80,,,,,23,25,C1,intermediate|advanced,intermediate|advanced,cambridge_22_25_intermediate_advanced,4,19,random,,328.263916015625,707.1181030273438,348.263916015625,732.1354656219482,6,1,,,,,,,,,,,,2026-08-24T17:16:23.220Z,YVYMAZEH,2026-08-24,2026-08-24,13:16:23,2026-08-24 13:16:23,,,,,,,,6983fa3a644fcca4e5fd8b3b,6983fa3a644fcca4e5fd8b3b,,,,
36688,raw_position_sample,2,2,int,26,3,8,9,71, 24 ,711,351,4446773.8,6983fa3a644fcca4e5fd8b3b,6983fa3a644fcca4e5fd8b3b,intermediate,3,6983fa3a644fcca4e5fd8b3b,6983fa3a644fcca4e5fd8b3b,spotlight_PROLIFIC,,36,Chile,Spanish,"Spanish, English",,Spanish:70|English:30,100,Spanish:70|English:30,100,Spanish:80|English:20,100,18,6,Bachelor's,10,10,10,6,8,9,7,17,14,16,TOEFL,80,,,,,23,25,C1,intermediate|advanced,intermediate|advanced,cambridge_22_25_intermediate_advanced,4,19,random,,328.263916015625,707.1181030273438,348.263916015625,732.1354656219482,6,1,,,,,,,,,,,,2026-08-24T17:16:23.220Z,YVYMAZEH,2026-08-24,2026-08-24,13:16:23,2026-08-24 13:16:23,,,,,,,,6983fa3a644fcca4e5fd8b3b,6983fa3a644fcca4e5fd8b3b,,,,
36738,raw_position_sample,2,2,int,26,3,8,9,71, 24 ,711,350,4446823.7,6983fa3a644fcca4e5fd8b3b,6983fa3a644fcca4e5fd8b3b,intermediate,3,6983fa3a644fcca4e5fd8b3b,6983fa3a644fcca4e5fd8b3b,spotlight_PROLIFIC,,36,Chile,Spanish,"Spanish, English",,Spanish:70|English:30,100,Spanish:70|English:30,100,Spanish:80|English:20,100,18,6,Bachelor's,10,10,10,6,8,9,7,17,14,16,TOEFL,80,,,,,23,25,C1,intermediate|advanced,intermediate|advanced,cambridge_22_25_intermediate_advanced,4,19,random,,328.263916015625,707.1181030273438,348.263916015625,732.1354656219482,6,1,,,,,,,,,,,,2026-08-24T17:16:23.220Z,YVYMAZEH,2026-08-24,2026-08-24,13:16:23,2026-08-24 13:16:23,,,,,,,,6983fa3a644fcca4e5fd8b3b,6983fa3a644fcca4e5fd8b3b,,,,
36788,raw_position_sample,2,2,int,26,3,8,9,71, 24 ,711,350,4446873.899999999,6983fa3a644fcca4e5fd8b3b,6983fa3a644fcca4e5fd8b3b,intermediate,3,6983fa3a644fcca4e5fd8b3b,6983fa3a644fcca4e5fd8b3b,spotlight_PROLIFIC,,36,Chile,Spanish,"Spanish, English",,Spanish:70|English:30,100,Spanish:70|English:30,100,Spanish:80|English:20,100,18,6,Bachelor's,10,10,10,6,8,9,7,17,14,16,TOEFL,80,,,,,23,25,C1,intermediate|advanced,intermediate|advanced,cambridge_22_25_intermediate_advanced,4,19,random,,328.263916015625,707.1181030273438,348.263916015625,732.1354656219482,6,1,,,,,,,,,,,,2026-08-24T17:16:23.220Z,YVYMAZEH,2026-08-24,2026-08-24,13:16:23,2026-08-24 13:16:23,,,,,,,,6983fa3a644fcca4e5fd8b3b,6983fa3a644fcca4e5fd8b3b,,,,
36839,raw_position_sample,2,2,int,26,3,8,9,71, 24 ,711,350,4446924.000000001,6983fa3a644fcca4e5fd8b3b,6983fa3a644fcca4e5fd8b3b,intermediate,3,6983fa3a644fcca4e5fd8b3b,6983fa3a644fcca4e5fd8b3b,spotlight_PROLIFIC,,36,Chile,Spanish,"Spanish, English",,Spanish:70|English:30,100,Spanish:70|English:30,100,Spanish:80|English:20,100,18,6,Bachelor's,10,10,10,6,8,9,7,17,14,16,TOEFL,80,,,,,23,25,C1,intermediate|advanced,intermediate|advanced,cambridge_22_25_intermediate_advanced,4,19,random,,328.263916015625,707.1181030273438,348.263916015625,732.1354656219482,6,1,,,,,,,,,,,,2026-08-24T17:16:23.220Z,YVYMAZEH,2026-08-24,2026-08-24,13:16:23,2026-08-24 13:16:23,,,,,,,,6983fa3a644fcca4e5fd8b3b,6983fa3a644fcca4e5fd8b3b,,,,
36889,raw_position_sample,2,2,int,26,3,8,9,71, 24 ,711,350,4446974.3,6983fa3a644fcca4e5fd8b3b,6983fa3a644fcca4e5fd8b3b,intermediate,3,6983fa3a644fcca4e5fd8b3b,6983fa3a644fcca4e5fd8b3b,spotlight_PROLIFIC,,36,Chile,Spanish,"Spanish, English",,Spanish:70|English:30,100,Spanish:70|English:30,100,Spanish:80|English:20,100,18,6,Bachelor's,10,10,10,6,8,9,7,17,14,16,TOEFL,80,,,,,23,25,C1,intermediate|advanced,intermediate|advanced,cambridge_22_25_intermediate_advanced,4,19,random,,328.263916015625,707.1181030273438,348.263916015625,732.1354656219482,6,1,,,,,,,,,,,,2026-08-24T17:16:23.220Z,YVYMAZEH,2026-08-24,2026-08-24,13:16:23,2026-08-24 13:16:23,,,,,,,,6983fa3a644fcca4e5fd8b3b,6983fa3a644fcca4e5fd8b3b,,,,
36939,raw_position_sample,2,2,int,26,3,8,9,71, 24 ,711,350,4447024.100000001,6983fa3a644fcca4e5fd8b3b,6983fa3a644fcca4e5fd8b3b,intermediate,3,6983fa3a644fcca4e5fd8b3b,6983fa3a644fcca4e5fd8b3b,spotlight_PROLIFIC,,36,Chile,Spanish,"Spanish, English",,Spanish:70|English:30,100,Spanish:70|English:30,100,Spanish:80|English:20,100,18,6,Bachelor's,10,10,10,6,8,9,7,17,14,16,TOEFL,80,,,,,23,25,C1,intermediate|advanced,intermediate|advanced,cambridge_22_25_intermediate_advanced,4,19,random,,328.263916015625,707.1181030273438,348.263916015625,732.1354656219482,6,1,,,,,,,,,,,,2026-08-24T17:16:23.220Z,YVYMAZEH,2026-08-24,2026-08-24,13:16:23,2026-08-24 13:16:23,,,,,,,,6983fa3a644fcca4e5fd8b3b,6983fa3a644fcca4e5fd8b3b,,,,
36989,raw_position_sample,2,2,int,26,3,8,9,71, 24 ,711,350,4447074.2,6983fa3a644fcca4e5fd8b3b,6983fa3a644fcca4e5fd8b3b,intermediate,3,6983fa3a644fcca4e5fd8b3b,6983fa3a644fcca4e5fd8b3b,spotlight_PROLIFIC,,36,Chile,Spanish,"Spanish, English",,Spanish:70|English:30,100,Spanish:70|English:30,100,Spanish:80|English:20,100,18,6,Bachelor's,10,10,10,6,8,9,7,17,14,16,TOEFL,80,,,,,23,25,C1,intermediate|advanced,intermediate|advanced,cambridge_22_25_intermediate_advanced,4,19,random,,328.263916015625,707.1181030273438,348.263916015625,732.1354656219482,6,1,,,,,,,,,,,,2026-08-24T17:16:23.220Z,YVYMAZEH,2026-08-24,2026-08-24,13:16:23,2026-08-24 13:16:23,,,,,,,,6983fa3a644fcca4e5fd8b3b,6983fa3a644fcca4e5fd8b3b,,,,
37038,raw_position_sample,2,2,int,26,3,8,9,71, 24 ,711,350,4447123.899999999,6983fa3a644fcca4e5fd8b3b,6983fa3a644fcca4e5fd8b3b,intermediate,3,6983fa3a644fcca4e5fd8b3b,6983fa3a644fcca4e5fd8b3b,spotlight_PROLIFIC,,36,Chile,Spanish,"Spanish, English",,Spanish:70|English:30,100,Spanish:70|English:30,100,Spanish:80|English:20,100,18,6,Bachelor's,10,10,10,6,8,9,7,17,14,16,TOEFL,80,,,,,23,25,C1,intermediate|advanced,intermediate|advanced,cambridge_22_25_intermediate_advanced,4,19,random,,328.263916015625,707.1181030273438,348.263916015625,732.1354656219482,6,1,,,,,,,,,,,,2026-08-24T17:16:23.220Z,YVYMAZEH,2026-08-24,2026-08-24,13:16:23,2026-08-24 13:16:23,,,,,,,,6983fa3a644fcca4e5fd8b3b,6983fa3a644fcca4e5fd8b3b,,,,
37088,raw_position_sample,2,2,int,26,3,8,9,71, 24 ,711,350,4447173.8,6983fa3a644fcca4e5fd8b3b,6983fa3a644fcca4e5fd8b3b,intermediate,3,6983fa3a644fcca4e5fd8b3b,6983fa3a644fcca4e5fd8b3b,spotlight_PROLIFIC,,36,Chile,Spanish,"Spanish, English",,Spanish:70|English:30,100,Spanish:70|English:30,100,Spanish:80|English:20,100,18,6,Bachelor's,10,10,10,6,8,9,7,17,14,16,TOEFL,80,,,,,23,25,C1,intermediate|advanced,intermediate|advanced,cambridge_22_25_intermediate_advanced,4,19,random,,328.263916015625,707.1181030273438,348.263916015625,732.1354656219482,6,1,,,,,,,,,,,,2026-08-24T17:16:23.220Z,YVYMAZEH,2026-08-24,2026-08-24,13:16:23,2026-08-24 13:16:23,,,,,,,,6983fa3a644fcca4e5fd8b3b,6983fa3a644fcca4e5fd8b3b,,,,
37139,raw_position_sample,2,2,int,26,3,8,9,71, 24 ,711,350,4447224.000000001,6983fa3a644fcca4e5fd8b3b,6983fa3a644fcca4e5fd8b3b,intermediate,3,6983fa3a644fcca4e5fd8b3b,6983fa3a644fcca4e5fd8b3b,spotlight_PROLIFIC,,36,Chile,Spanish,"Spanish, English",,Spanish:70|English:30,100,Spanish:70|English:30,100,Spanish:80|English:20,100,18,6,Bachelor's,10,10,10,6,8,9,7,17,14,16,TOEFL,80,,,,,23,25,C1,intermediate|advanced,intermediate|advanced,cambridge_22_25_intermediate_advanced,4,19,random,,328.263916015625,707.1181030273438,348.263916015625,732.1354656219482,6,1,,,,,,,,,,,,2026-08-24T17:16:23.220Z,YVYMAZEH,2026-08-24,2026-08-24,13:16:23,2026-08-24 13:16:23,,,,,,,,6983fa3a644fcca4e5fd8b3b,6983fa3a644fcca4e5fd8b3b,,,,
37188,raw_position_sample,2,2,int,26,3,8,9,71, 24 ,711,350,4447273.899999999,6983fa3a644fcca4e5fd8b3b,6983fa3a644fcca4e5fd8b3b,intermediate,3,6983fa3a644fcca4e5fd8b3b,6983fa3a644fcca4e5fd8b3b,spotlight_PROLIFIC,,36,Chile,Spanish,"Spanish, English",,Spanish:70|English:30,100,Spanish:70|English:30,100,Spanish:80|English:20,100,18,6,Bachelor's,10,10,10,6,8,9,7,17,14,16,TOEFL,80,,,,,23,25,C1,intermediate|advanced,intermediate|advanced,cambridge_22_25_intermediate_advanced,4,19,random,,328.263916015625,707.1181030273438,348.263916015625,732.1354656219482,6,1,,,,,,,,,,,,2026-08-24T17:16:23.220Z,YVYMAZEH,2026-08-24,2026-08-24,13:16:23,2026-08-24 13:16:23,,,,,,,,6983fa3a644fcca4e5fd8b3b,6983fa3a644fcca4e5fd8b3b,,,,
37238,raw_position_sample,2,2,int,26,3,8,9,71, 24 ,711,350,4447323.8,6983fa3a644fcca4e5fd8b3b,6983fa3a644fcca4e5fd8b3b,intermediate,3,6983fa3a644fcca4e5fd8b3b,6983fa3a644fcca4e5fd8b3b,spotlight_PROLIFIC,,36,Chile,Spanish,"Spanish, English",,Spanish:70|English:30,100,Spanish:70|English:30,100,Spanish:80|English:20,100,18,6,Bachelor's,10,10,10,6,8,9,7,17,14,16,TOEFL,80,,,,,23,25,C1,intermediate|advanced,intermediate|advanced,cambridge_22_25_intermediate_advanced,4,19,random,,328.263916015625,707.1181030273438,348.263916015625,732.1354656219482,6,1,,,,,,,,,,,,2026-08-24T17:16:23.220Z,YVYMAZEH,2026-08-24,2026-08-24,13:16:23,2026-08-24 13:16:23,,,,,,,,6983fa3a644fcca4e5fd8b3b,6983fa3a644fcca4e5fd8b3b,,,,
37288,raw_position_sample,2,2,int,26,3,8,9,71, 24 ,711,350,4447373.7,6983fa3a644fcca4e5fd8b3b,6983fa3a644fcca4e5fd8b3b,intermediate,3,6983fa3a644fcca4e5fd8b3b,6983fa3a644fcca4e5fd8b3b,spotlight_PROLIFIC,,36,Chile,Spanish,"Spanish, English",,Spanish:70|English:30,100,Spanish:70|English:30,100,Spanish:80|English:20,100,18,6,Bachelor's,10,10,10,6,8,9,7,17,14,16,TOEFL,80,,,,,23,25,C1,intermediate|advanced,intermediate|advanced,cambridge_22_25_intermediate_advanced,4,19,random,,328.263916015625,707.1181030273438,348.263916015625,732.1354656219482,6,1,,,,,,,,,,,,2026-08-24T17:16:23.220Z,YVYMAZEH,2026-08-24,2026-08-24,13:16:23,2026-08-24 13:16:23,,,,,,,,6983fa3a644fcca4e5fd8b3b,6983fa3a644fcca4e5fd8b3b,,,,
37338,raw_position_sample,2,2,int,26,3,8,9,71, 24 ,711,350,4447423.8,6983fa3a644fcca4e5fd8b3b,6983fa3a644fcca4e5fd8b3b,intermediate,3,6983fa3a644fcca4e5fd8b3b,6983fa3a644fcca4e5fd8b3b,spotlight_PROLIFIC,,36,Chile,Spanish,"Spanish, English",,Spanish:70|English:30,100,Spanish:70|English:30,100,Spanish:80|English:20,100,18,6,Bachelor's,10,10,10,6,8,9,7,17,14,16,TOEFL,80,,,,,23,25,C1,intermediate|advanced,intermediate|advanced,cambridge_22_25_intermediate_advanced,4,19,random,,328.263916015625,707.1181030273438,348.263916015625,732.1354656219482,6,1,,,,,,,,,,,,2026-08-24T17:16:23.220Z,YVYMAZEH,2026-08-24,2026-08-24,13:16:23,2026-08-24 13:16:23,,,,,,,,6983fa3a644fcca4e5fd8b3b,6983fa3a644fcca4e5fd8b3b,,,,
37388,raw_position_sample,2,2,int,26,3,8,9,71, 24 ,713,350,4447473.7,6983fa3a644fcca4e5fd8b3b,6983fa3a644fcca4e5fd8b3b,intermediate,3,6983fa3a644fcca4e5fd8b3b,6983fa3a644fcca4e5fd8b3b,spotlight_PROLIFIC,,36,Chile,Spanish,"Spanish, English",,Spanish:70|English:30,100,Spanish:70|English:30,100,Spanish:80|English:20,100,18,6,Bachelor's,10,10,10,6,8,9,7,17,14,16,TOEFL,80,,,,,23,25,C1,intermediate|advanced,intermediate|advanced,cambridge_22_25_intermediate_advanced,4,19,random,,328.263916015625,707.1181030273438,348.263916015625,732.1354656219482,6,1,,,,,,,,,,,,2026-08-24T17:16:23.220Z,YVYMAZEH,2026-08-24,2026-08-24,13:16:23,2026-08-24 13:16:23,,,,,,,,6983fa3a644fcca4e5fd8b3b,6983fa3a644fcca4e5fd8b3b,,,,
37441,raw_position_sample,2,2,int,26,3,8,9,71, 24 ,724,350,4447526.000000001,6983fa3a644fcca4e5fd8b3b,6983fa3a644fcca4e5fd8b3b,intermediate,3,6983fa3a644fcca4e5fd8b3b,6983fa3a644fcca4e5fd8b3b,spotlight_PROLIFIC,,36,Chile,Spanish,"Spanish, English",,Spanish:70|English:30,100,Spanish:70|English:30,100,Spanish:80|English:20,100,18,6,Bachelor's,10,10,10,6,8,9,7,17,14,16,TOEFL,80,,,,,23,25,C1,intermediate|advanced,intermediate|advanced,cambridge_22_25_intermediate_advanced,4,19,random,,328.263916015625,707.1181030273438,348.263916015625,732.1354656219482,6,1,,,,,,,,,,,,2026-08-24T17:16:23.220Z,YVYMAZEH,2026-08-24,2026-08-24,13:16:23,2026-08-24 13:16:23,,,,,,,,6983fa3a644fcca4e5fd8b3b,6983fa3a644fcca4e5fd8b3b,,,,
37479,hover_association,2,2,int,26,3,8,9,71, 24 ,732,355,,6983fa3a644fcca4e5fd8b3b,6983fa3a644fcca4e5fd8b3b,intermediate,3,6983fa3a644fcca4e5fd8b3b,6983fa3a644fcca4e5fd8b3b,spotlight_PROLIFIC,,36,Chile,Spanish,"Spanish, English",,Spanish:70|English:30,100,Spanish:70|English:30,100,Spanish:80|English:20,100,18,6,Bachelor's,10,10,10,6,8,9,7,17,14,16,TOEFL,80,,,,,23,25,C1,intermediate|advanced,intermediate|advanced,cambridge_22_25_intermediate_advanced,4,19,random,,318.263916015625,703.3681027889252,358.263916015625,732.1354513168335,6,1,hover,1479,1479,0.9952914910909467,0.793402099609375,81,,,,,,2026-08-24T17:16:23.220Z,YVYMAZEH,2026-08-24,2026-08-24,13:16:23,2026-08-24 13:16:23,,,,,,,,6983fa3a644fcca4e5fd8b3b,6983fa3a644fcca4e5fd8b3b,,,,
37489,raw_position_sample,2,2,int,26,3,8,9,72, hours ,734,350,4447574.3,6983fa3a644fcca4e5fd8b3b,6983fa3a644fcca4e5fd8b3b,intermediate,3,6983fa3a644fcca4e5fd8b3b,6983fa3a644fcca4e5fd8b3b,spotlight_PROLIFIC,,36,Chile,Spanish,"Spanish, English",,Spanish:70|English:30,100,Spanish:70|English:30,100,Spanish:80|English:20,100,18,6,Bachelor's,10,10,10,6,8,9,7,17,14,16,TOEFL,80,,,,,23,25,C1,intermediate|advanced,intermediate|advanced,cambridge_22_25_intermediate_advanced,4,19,random,,328.263916015625,732.1354370117188,348.263916015625,782.135440826416,6,2,,,,,,,,,,,,2026-08-24T17:16:23.220Z,YVYMAZEH,2026-08-24,2026-08-24,13:16:23,2026-08-24 13:16:23,,,,,,,,6983fa3a644fcca4e5fd8b3b,6983fa3a644fcca4e5fd8b3b,,,,
37538,raw_position_sample,2,2,int,26,3,8,9,72, hours ,742,350,4447623.600000001,6983fa3a644fcca4e5fd8b3b,6983fa3a644fcca4e5fd8b3b,intermediate,3,6983fa3a644fcca4e5fd8b3b,6983fa3a644fcca4e5fd8b3b,spotlight_PROLIFIC,,36,Chile,Spanish,"Spanish, English",,Spanish:70|English:30,100,Spanish:70|English:30,100,Spanish:80|English:20,100,18,6,Bachelor's,10,10,10,6,8,9,7,17,14,16,TOEFL,80,,,,,23,25,C1,intermediate|advanced,intermediate|advanced,cambridge_22_25_intermediate_advanced,4,19,random,,328.263916015625,732.1354370117188,348.263916015625,782.135440826416,6,2,,,,,,,,,,,,2026-08-24T17:16:23.220Z,YVYMAZEH,2026-08-24,2026-08-24,13:16:23,2026-08-24 13:16:23,,,,,,,,6983fa3a644fcca4e5fd8b3b,6983fa3a644fcca4e5fd8b3b,,,,
37589,raw_position_sample,2,2,int,26,3,8,9,72, hours ,747,350,4447674.100000001,6983fa3a644fcca4e5fd8b3b,6983fa3a644fcca4e5fd8b3b,intermediate,3,6983fa3a644fcca4e5fd8b3b,6983fa3a644fcca4e5fd8b3b,spotlight_PROLIFIC,,36,Chile,Spanish,"Spanish, English",,Spanish:70|English:30,100,Spanish:70|English:30,100,Spanish:80|English:20,100,18,6,Bachelor's,10,10,10,6,8,9,7,17,14,16,TOEFL,80,,,,,23,25,C1,intermediate|advanced,intermediate|advanced,cambridge_22_25_intermediate_advanced,4,19,random,,328.263916015625,732.1354370117188,348.263916015625,782.135440826416,6,2,,,,,,,,,,,,2026-08-24T17:16:23.220Z,YVYMAZEH,2026-08-24,2026-08-24,13:16:23,2026-08-24 13:16:23,,,,,,,,6983fa3a644fcca4e5fd8b3b,6983fa3a644fcca4e5fd8b3b,,,,
37638,raw_position_sample,2,2,int,26,3,8,9,72, hours ,752,350,4447723.8,6983fa3a644fcca4e5fd8b3b,6983fa3a644fcca4e5fd8b3b,intermediate,3,6983fa3a644fcca4e5fd8b3b,6983fa3a644fcca4e5fd8b3b,spotlight_PROLIFIC,,36,Chile,Spanish,"Spanish, English",,Spanish:70|English:30,100,Spanish:70|English:30,100,Spanish:80|English:20,100,18,6,Bachelor's,10,10,10,6,8,9,7,17,14,16,TOEFL,80,,,,,23,25,C1,intermediate|advanced,intermediate|advanced,cambridge_22_25_intermediate_advanced,4,19,random,,328.263916015625,732.1354370117188,348.263916015625,782.135440826416,6,2,,,,,,,,,,,,2026-08-24T17:16:23.220Z,YVYMAZEH,2026-08-24,2026-08-24,13:16:23,2026-08-24 13:16:23,,,,,,,,6983fa3a644fcca4e5fd8b3b,6983fa3a644fcca4e5fd8b3b,,,,
37688,raw_position_sample,2,2,int,26,3,8,9,72, hours ,754,350,4447773.7,6983fa3a644fcca4e5fd8b3b,6983fa3a644fcca4e5fd8b3b,intermediate,3,6983fa3a644fcca4e5fd8b3b,6983fa3a644fcca4e5fd8b3b,spotlight_PROLIFIC,,36,Chile,Spanish,"Spanish, English",,Spanish:70|English:30,100,Spanish:70|English:30,100,Spanish:80|English:20,100,18,6,Bachelor's,10,10,10,6,8,9,7,17,14,16,TOEFL,80,,,,,23,25,C1,intermediate|advanced,intermediate|advanced,cambridge_22_25_intermediate_advanced,4,19,random,,328.263916015625,732.1354370117188,348.263916015625,782.135440826416,6,2,,,,,,,,,,,,2026-08-24T17:16:23.220Z,YVYMAZEH,2026-08-24,2026-08-24,13:16:23,2026-08-24 13:16:23,,,,,,,,6983fa3a644fcca4e5fd8b3b,6983fa3a644fcca4e5fd8b3b,,,,
37738,raw_position_sample,2,2,int,26,3,8,9,72, hours ,754,350,4447823.7,6983fa3a644fcca4e5fd8b3b,6983fa3a644fcca4e5fd8b3b,intermediate,3,6983fa3a644fcca4e5fd8b3b,6983fa3a644fcca4e5fd8b3b,spotlight_PROLIFIC,,36,Chile,Spanish,"Spanish, English",,Spanish:70|English:30,100,Spanish:70|English:30,100,Spanish:80|English:20,100,18,6,Bachelor's,10,10,10,6,8,9,7,17,14,16,TOEFL,80,,,,,23,25,C1,intermediate|advanced,intermediate|advanced,cambridge_22_25_intermediate_advanced,4,19,random,,328.263916015625,732.1354370117188,348.263916015625,782.135440826416,6,2,,,,,,,,,,,,2026-08-24T17:16:23.220Z,YVYMAZEH,2026-08-24,2026-08-24,13:16:23,2026-08-24 13:16:23,,,,,,,,6983fa3a644fcca4e5fd8b3b,6983fa3a644fcca4e5fd8b3b,,,,
37791,raw_position_sample,2,2,int,26,3,8,9,72, hours ,758,350,4447876.3,6983fa3a644fcca4e5fd8b3b,6983fa3a644fcca4e5fd8b3b,intermediate,3,6983fa3a644fcca4e5fd8b3b,6983fa3a644fcca4e5fd8b3b,spotlight_PROLIFIC,,36,Chile,Spanish,"Spanish, English",,Spanish:70|English:30,100,Spanish:70|English:30,100,Spanish:80|English:20,100,18,6,Bachelor's,10,10,10,6,8,9,7,17,14,16,TOEFL,80,,,,,23,25,C1,intermediate|advanced,intermediate|advanced,cambridge_22_25_intermediate_advanced,4,19,random,,328.263916015625,732.1354370117188,348.263916015625,782.135440826416,6,2,,,,,,,,,,,,2026-08-24T17:16:23.220Z,YVYMAZEH,2026-08-24,2026-08-24,13:16:23,2026-08-24 13:16:23,,,,,,,,6983fa3a644fcca4e5fd8b3b,6983fa3a644fcca4e5fd8b3b,,,,
37840,raw_position_sample,2,2,int,26,3,8,9,72, hours ,763,350,4447925.500000001,6983fa3a644fcca4e5fd8b3b,6983fa3a644fcca4e5fd8b3b,intermediate,3,6983fa3a644fcca4e5fd8b3b,6983fa3a644fcca4e5fd8b3b,spotlight_PROLIFIC,,36,Chile,Spanish,"Spanish, English",,Spanish:70|English:30,100,Spanish:70|English:30,100,Spanish:80|English:20,100,18,6,Bachelor's,10,10,10,6,8,9,7,17,14,16,TOEFL,80,,,,,23,25,C1,intermediate|advanced,intermediate|advanced,cambridge_22_25_intermediate_advanced,4,19,random,,328.263916015625,732.1354370117188,348.263916015625,782.135440826416,6,2,,,,,,,,,,,,2026-08-24T17:16:23.220Z,YVYMAZEH,2026-08-24,2026-08-24,13:16:23,2026-08-24 13:16:23,,,,,,,,6983fa3a644fcca4e5fd8b3b,6983fa3a644fcca4e5fd8b3b,,,,
37888,raw_position_sample,2,2,int,26,3,8,9,72, hours ,767,350,4447973.7,6983fa3a644fcca4e5fd8b3b,6983fa3a644fcca4e5fd8b3b,intermediate,3,6983fa3a644fcca4e5fd8b3b,6983fa3a644fcca4e5fd8b3b,spotlight_PROLIFIC,,36,Chile,Spanish,"Spanish, English",,Spanish:70|English:30,100,Spanish:70|English:30,100,Spanish:80|English:20,100,18,6,Bachelor's,10,10,10,6,8,9,7,17,14,16,TOEFL,80,,,,,23,25,C1,intermediate|advanced,intermediate|advanced,cambridge_22_25_intermediate_advanced,4,19,random,,328.263916015625,732.1354370117188,348.263916015625,782.135440826416,6,2,,,,,,,,,,,,2026-08-24T17:16:23.220Z,YVYMAZEH,2026-08-24,2026-08-24,13:16:23,2026-08-24 13:16:23,,,,,,,,6983fa3a644fcca4e5fd8b3b,6983fa3a644fcca4e5fd8b3b,,,,
37938,raw_position_sample,2,2,int,26,3,8,9,72, hours ,774,350,4448023.600000001,6983fa3a644fcca4e5fd8b3b,6983fa3a644fcca4e5fd8b3b,intermediate,3,6983fa3a644fcca4e5fd8b3b,6983fa3a644fcca4e5fd8b3b,spotlight_PROLIFIC,,36,Chile,Spanish,"Spanish, English",,Spanish:70|English:30,100,Spanish:70|English:30,100,Spanish:80|English:20,100,18,6,Bachelor's,10,10,10,6,8,9,7,17,14,16,TOEFL,80,,,,,23,25,C1,intermediate|advanced,intermediate|advanced,cambridge_22_25_intermediate_advanced,4,19,random,,328.263916015625,732.1354370117188,348.263916015625,782.135440826416,6,2,,,,,,,,,,,,2026-08-24T17:16:23.220Z,YVYMAZEH,2026-08-24,2026-08-24,13:16:23,2026-08-24 13:16:23,,,,,,,,6983fa3a644fcca4e5fd8b3b,6983fa3a644fcca4e5fd8b3b,,,,
37988,raw_position_sample,2,2,int,26,3,8,9,72, hours ,778,350,4448073.600000001,6983fa3a644fcca4e5fd8b3b,6983fa3a644fcca4e5fd8b3b,intermediate,3,6983fa3a644fcca4e5fd8b3b,6983fa3a644fcca4e5fd8b3b,spotlight_PROLIFIC,,36,Chile,Spanish,"Spanish, English",,Spanish:70|English:30,100,Spanish:70|English:30,100,Spanish:80|English:20,100,18,6,Bachelor's,10,10,10,6,8,9,7,17,14,16,TOEFL,80,,,,,23,25,C1,intermediate|advanced,intermediate|advanced,cambridge_22_25_intermediate_advanced,4,19,random,,328.263916015625,732.1354370117188,348.263916015625,782.135440826416,6,2,,,,,,,,,,,,2026-08-24T17:16:23.220Z,YVYMAZEH,2026-08-24,2026-08-24,13:16:23,2026-08-24 13:16:23,,,,,,,,6983fa3a644fcca4e5fd8b3b,6983fa3a644fcca4e5fd8b3b,,,,
38014,hover_association,2,2,int,26,3,8,9,72, hours ,733,350,,6983fa3a644fcca4e5fd8b3b,6983fa3a644fcca4e5fd8b3b,intermediate,3,6983fa3a644fcca4e5fd8b3b,6983fa3a644fcca4e5fd8b3b,spotlight_PROLIFIC,,36,Chile,Spanish,"Spanish, English",,Spanish:70|English:30,100,Spanish:70|English:30,100,Spanish:80|English:20,100,18,6,Bachelor's,10,10,10,6,8,9,7,17,14,16,TOEFL,80,,,,,23,25,C1,intermediate|advanced,intermediate|advanced,cambridge_22_25_intermediate_advanced,4,19,random,,318.263916015625,732.1354513168335,358.263916015625,782.1354389190674,6,2,hover,534.2000000011176,534.2000000011176,0.9972912209469962,0.793402099609375,81,,,,,,2026-08-24T17:16:23.220Z,YVYMAZEH,2026-08-24,2026-08-24,13:16:23,2026-08-24 13:16:23,,,,,,,,6983fa3a644fcca4e5fd8b3b,6983fa3a644fcca4e5fd8b3b,,,,
38038,raw_position_sample,2,2,int,26,3,8,9,73, at ,786,350,4448123.600000001,6983fa3a644fcca4e5fd8b3b,6983fa3a644fcca4e5fd8b3b,intermediate,3,6983fa3a644fcca4e5fd8b3b,6983fa3a644fcca4e5fd8b3b,spotlight_PROLIFIC,,36,Chile,Spanish,"Spanish, English",,Spanish:70|English:30,100,Spanish:70|English:30,100,Spanish:80|English:20,100,18,6,Bachelor's,10,10,10,6,8,9,7,17,14,16,TOEFL,80,,,,,23,25,C1,intermediate|advanced,intermediate|advanced,cambridge_22_25_intermediate_advanced,4,19,random,,328.263916015625,782.1354370117188,348.263916015625,802.1354370117188,6,3,,,,,,,,,,,,2026-08-24T17:16:23.220Z,YVYMAZEH,2026-08-24,2026-08-24,13:16:23,2026-08-24 13:16:23,,,,,,,,6983fa3a644fcca4e5fd8b3b,6983fa3a644fcca4e5fd8b3b,,,,
38088,raw_position_sample,2,2,int,26,3,8,9,73, at ,787,348,4448173.7,6983fa3a644fcca4e5fd8b3b,6983fa3a644fcca4e5fd8b3b,intermediate,3,6983fa3a644fcca4e5fd8b3b,6983fa3a644fcca4e5fd8b3b,spotlight_PROLIFIC,,36,Chile,Spanish,"Spanish, English",,Spanish:70|English:30,100,Spanish:70|English:30,100,Spanish:80|English:20,100,18,6,Bachelor's,10,10,10,6,8,9,7,17,14,16,TOEFL,80,,,,,23,25,C1,intermediate|advanced,intermediate|advanced,cambridge_22_25_intermediate_advanced,4,19,random,,328.263916015625,782.1354370117188,348.263916015625,802.1354370117188,6,3,,,,,,,,,,,,2026-08-24T17:16:23.220Z,YVYMAZEH,2026-08-24,2026-08-24,13:16:23,2026-08-24 13:16:23,,,,,,,,6983fa3a644fcca4e5fd8b3b,6983fa3a644fcca4e5fd8b3b,,,,
38138,raw_position_sample,2,2,int,26,3,8,9,73, at ,788,348,4448223.7,6983fa3a644fcca4e5fd8b3b,6983fa3a644fcca4e5fd8b3b,intermediate,3,6983fa3a644fcca4e5fd8b3b,6983fa3a644fcca4e5fd8b3b,spotlight_PROLIFIC,,36,Chile,Spanish,"Spanish, English",,Spanish:70|English:30,100,Spanish:70|English:30,100,Spanish:80|English:20,100,18,6,Bachelor's,10,10,10,6,8,9,7,17,14,16,TOEFL,80,,,,,23,25,C1,intermediate|advanced,intermediate|advanced,cambridge_22_25_intermediate_advanced,4,19,random,,328.263916015625,782.1354370117188,348.263916015625,802.1354370117188,6,3,,,,,,,,,,,,2026-08-24T17:16:23.220Z,YVYMAZEH,2026-08-24,2026-08-24,13:16:23,2026-08-24 13:16:23,,,,,,,,6983fa3a644fcca4e5fd8b3b,6983fa3a644fcca4e5fd8b3b,,,,
38188,raw_position_sample,2,2,int,26,3,8,9,73, at ,788,348,4448273.7,6983fa3a644fcca4e5fd8b3b,6983fa3a644fcca4e5fd8b3b,intermediate,3,6983fa3a644fcca4e5fd8b3b,6983fa3a644fcca4e5fd8b3b,spotlight_PROLIFIC,,36,Chile,Spanish,"Spanish, English",,Spanish:70|English:30,100,Spanish:70|English:30,100,Spanish:80|English:20,100,18,6,Bachelor's,10,10,10,6,8,9,7,17,14,16,TOEFL,80,,,,,23,25,C1,intermediate|advanced,intermediate|advanced,cambridge_22_25_intermediate_advanced,4,19,random,,328.263916015625,782.1354370117188,348.263916015625,802.1354370117188,6,3,,,,,,,,,,,,2026-08-24T17:16:23.220Z,YVYMAZEH,2026-08-24,2026-08-24,13:16:23,2026-08-24 13:16:23,,,,,,,,6983fa3a644fcca4e5fd8b3b,6983fa3a644fcca4e5fd8b3b,,,,
38238,raw_position_sample,2,2,int,26,3,8,9,73, at ,788,348,4448323.8,6983fa3a644fcca4e5fd8b3b,6983fa3a644fcca4e5fd8b3b,intermediate,3,6983fa3a644fcca4e5fd8b3b,6983fa3a644fcca4e5fd8b3b,spotlight_PROLIFIC,,36,Chile,Spanish,"Spanish, English",,Spanish:70|English:30,100,Spanish:70|English:30,100,Spanish:80|English:20,100,18,6,Bachelor's,10,10,10,6,8,9,7,17,14,16,TOEFL,80,,,,,23,25,C1,intermediate|advanced,intermediate|advanced,cambridge_22_25_intermediate_advanced,4,19,random,,328.263916015625,782.1354370117188,348.263916015625,802.1354370117188,6,3,,,,,,,,,,,,2026-08-24T17:16:23.220Z,YVYMAZEH,2026-08-24,2026-08-24,13:16:23,2026-08-24 13:16:23,,,,,,,,6983fa3a644fcca4e5fd8b3b,6983fa3a644fcca4e5fd8b3b,,,,
38289,raw_position_sample,2,2,int,26,3,8,9,73, at ,792,348,4448374.7,6983fa3a644fcca4e5fd8b3b,6983fa3a644fcca4e5fd8b3b,intermediate,3,6983fa3a644fcca4e5fd8b3b,6983fa3a644fcca4e5fd8b3b,spotlight_PROLIFIC,,36,Chile,Spanish,"Spanish, English",,Spanish:70|English:30,100,Spanish:70|English:30,100,Spanish:80|English:20,100,18,6,Bachelor's,10,10,10,6,8,9,7,17,14,16,TOEFL,80,,,,,23,25,C1,intermediate|advanced,intermediate|advanced,cambridge_22_25_intermediate_advanced,4,19,random,,328.263916015625,782.1354370117188,348.263916015625,802.1354370117188,6,3,,,,,,,,,,,,2026-08-24T17:16:23.220Z,YVYMAZEH,2026-08-24,2026-08-24,13:16:23,2026-08-24 13:16:23,,,,,,,,6983fa3a644fcca4e5fd8b3b,6983fa3a644fcca4e5fd8b3b,,,,
38338,raw_position_sample,2,2,int,26,3,8,9,73, at ,796,348,4448423.7,6983fa3a644fcca4e5fd8b3b,6983fa3a644fcca4e5fd8b3b,intermediate,3,6983fa3a644fcca4e5fd8b3b,6983fa3a644fcca4e5fd8b3b,spotlight_PROLIFIC,,36,Chile,Spanish,"Spanish, English",,Spanish:70|English:30,100,Spanish:70|English:30,100,Spanish:80|English:20,100,18,6,Bachelor's,10,10,10,6,8,9,7,17,14,16,TOEFL,80,,,,,23,25,C1,intermediate|advanced,intermediate|advanced,cambridge_22_25_intermediate_advanced,4,19,random,,328.263916015625,782.1354370117188,348.263916015625,802.1354370117188,6,3,,,,,,,,,,,,2026-08-24T17:16:23.220Z,YVYMAZEH,2026-08-24,2026-08-24,13:16:23,2026-08-24 13:16:23,,,,,,,,6983fa3a644fcca4e5fd8b3b,6983fa3a644fcca4e5fd8b3b,,,,
38388,raw_position_sample,2,2,int,26,3,8,9,73, at ,802,347,4448473.8,6983fa3a644fcca4e5fd8b3b,6983fa3a644fcca4e5fd8b3b,intermediate,3,6983fa3a644fcca4e5fd8b3b,6983fa3a644fcca4e5fd8b3b,spotlight_PROLIFIC,,36,Chile,Spanish,"Spanish, English",,Spanish:70|English:30,100,Spanish:70|English:30,100,Spanish:80|English:20,100,18,6,Bachelor's,10,10,10,6,8,9,7,17,14,16,TOEFL,80,,,,,23,25,C1,intermediate|advanced,intermediate|advanced,cambridge_22_25_intermediate_advanced,4,19,random,,328.263916015625,782.1354370117188,348.263916015625,802.1354370117188,6,3,,,,,,,,,,,,2026-08-24T17:16:23.220Z,YVYMAZEH,2026-08-24,2026-08-24,13:16:23,2026-08-24 13:16:23,,,,,,,,6983fa3a644fcca4e5fd8b3b,6983fa3a644fcca4e5fd8b3b,,,,
38390,hover_association,2,2,int,26,3,8,9,73, at ,784,350,,6983fa3a644fcca4e5fd8b3b,6983fa3a644fcca4e5fd8b3b,intermediate,3,6983fa3a644fcca4e5fd8b3b,6983fa3a644fcca4e5fd8b3b,spotlight_PROLIFIC,,36,Chile,Spanish,"Spanish, English",,Spanish:70|English:30,100,Spanish:70|English:30,100,Spanish:80|English:20,100,18,6,Bachelor's,10,10,10,6,8,9,7,17,14,16,TOEFL,80,,,,,23,25,C1,intermediate|advanced,intermediate|advanced,cambridge_22_25_intermediate_advanced,4,19,random,,318.263916015625,782.1354389190674,358.263916015625,802.1354370117188,6,3,hover,376.69999999925494,376.69999999925494,0.9932281487682484,0.718402099609375,81,,,,,,2026-08-24T17:16:23.220Z,YVYMAZEH,2026-08-24,2026-08-24,13:16:23,2026-08-24 13:16:23,,,,,,,,6983fa3a644fcca4e5fd8b3b,6983fa3a644fcca4e5fd8b3b,,,,
38438,raw_position_sample,2,2,int,26,3,8,9,74, weekends ,805,347,4448523.7,6983fa3a644fcca4e5fd8b3b,6983fa3a644fcca4e5fd8b3b,intermediate,3,6983fa3a644fcca4e5fd8b3b,6983fa3a644fcca4e5fd8b3b,spotlight_PROLIFIC,,36,Chile,Spanish,"Spanish, English",,Spanish:70|English:30,100,Spanish:70|English:30,100,Spanish:80|English:20,100,18,6,Bachelor's,10,10,10,6,8,9,7,17,14,16,TOEFL,80,,,,,23,25,C1,intermediate|advanced,intermediate|advanced,cambridge_22_25_intermediate_advanced,4,19,random,,328.263916015625,802.1354370117188,348.263916015625,888.1250228881836,6,4,,,,,,,,,,,,2026-08-24T17:16:23.220Z,YVYMAZEH,2026-08-24,2026-08-24,13:16:23,2026-08-24 13:16:23,,,,,,,,6983fa3a644fcca4e5fd8b3b,6983fa3a644fcca4e5fd8b3b,,,,
38488,raw_position_sample,2,2,int,26,3,8,9,74, weekends ,805,347,4448573.7,6983fa3a644fcca4e5fd8b3b,6983fa3a644fcca4e5fd8b3b,intermediate,3,6983fa3a644fcca4e5fd8b3b,6983fa3a644fcca4e5fd8b3b,spotlight_PROLIFIC,,36,Chile,Spanish,"Spanish, English",,Spanish:70|English:30,100,Spanish:70|English:30,100,Spanish:80|English:20,100,18,6,Bachelor's,10,10,10,6,8,9,7,17,14,16,TOEFL,80,,,,,23,25,C1,intermediate|advanced,intermediate|advanced,cambridge_22_25_intermediate_advanced,4,19,random,,328.263916015625,802.1354370117188,348.263916015625,888.1250228881836,6,4,,,,,,,,,,,,2026-08-24T17:16:23.220Z,YVYMAZEH,2026-08-24,2026-08-24,13:16:23,2026-08-24 13:16:23,,,,,,,,6983fa3a644fcca4e5fd8b3b,6983fa3a644fcca4e5fd8b3b,,,,
38538,raw_position_sample,2,2,int,26,3,8,9,74, weekends ,805,347,4448623.600000001,6983fa3a644fcca4e5fd8b3b,6983fa3a644fcca4e5fd8b3b,intermediate,3,6983fa3a644fcca4e5fd8b3b,6983fa3a644fcca4e5fd8b3b,spotlight_PROLIFIC,,36,Chile,Spanish,"Spanish, English",,Spanish:70|English:30,100,Spanish:70|English:30,100,Spanish:80|English:20,100,18,6,Bachelor's,10,10,10,6,8,9,7,17,14,16,TOEFL,80,,,,,23,25,C1,intermediate|advanced,intermediate|advanced,cambridge_22_25_intermediate_advanced,4,19,random,,328.263916015625,802.1354370117188,348.263916015625,888.1250228881836,6,4,,,,,,,,,,,,2026-08-24T17:16:23.220Z,YVYMAZEH,2026-08-24,2026-08-24,13:16:23,2026-08-24 13:16:23,,,,,,,,6983fa3a644fcca4e5fd8b3b,6983fa3a644fcca4e5fd8b3b,,,,
38588,raw_position_sample,2,2,int,26,3,8,9,74, weekends ,807,347,4448673.7,6983fa3a644fcca4e5fd8b3b,6983fa3a644fcca4e5fd8b3b,intermediate,3,6983fa3a644fcca4e5fd8b3b,6983fa3a644fcca4e5fd8b3b,spotlight_PROLIFIC,,36,Chile,Spanish,"Spanish, English",,Spanish:70|English:30,100,Spanish:70|English:30,100,Spanish:80|English:20,100,18,6,Bachelor's,10,10,10,6,8,9,7,17,14,16,TOEFL,80,,,,,23,25,C1,intermediate|advanced,intermediate|advanced,cambridge_22_25_intermediate_advanced,4,19,random,,328.263916015625,802.1354370117188,348.263916015625,888.1250228881836,6,4,,,,,,,,,,,,2026-08-24T17:16:23.220Z,YVYMAZEH,2026-08-24,2026-08-24,13:16:23,2026-08-24 13:16:23,,,,,,,,6983fa3a644fcca4e5fd8b3b,6983fa3a644fcca4e5fd8b3b,,,,
38639,raw_position_sample,2,2,int,26,3,8,9,74, weekends ,813,347,4448725.000000001,6983fa3a644fcca4e5fd8b3b,6983fa3a644fcca4e5fd8b3b,intermediate,3,6983fa3a644fcca4e5fd8b3b,6983fa3a644fcca4e5fd8b3b,spotlight_PROLIFIC,,36,Chile,Spanish,"Spanish, English",,Spanish:70|English:30,100,Spanish:70|English:30,100,Spanish:80|English:20,100,18,6,Bachelor's,10,10,10,6,8,9,7,17,14,16,TOEFL,80,,,,,23,25,C1,intermediate|advanced,intermediate|advanced,cambridge_22_25_intermediate_advanced,4,19,random,,328.263916015625,802.1354370117188,348.263916015625,888.1250228881836,6,4,,,,,,,,,,,,2026-08-24T17:16:23.220Z,YVYMAZEH,2026-08-24,2026-08-24,13:16:23,2026-08-24 13:16:23,,,,,,,,6983fa3a644fcca4e5fd8b3b,6983fa3a644fcca4e5fd8b3b,,,,
38689,raw_position_sample,2,2,int,26,3,8,9,74, weekends ,823,347,4448774.000000001,6983fa3a644fcca4e5fd8b3b,6983fa3a644fcca4e5fd8b3b,intermediate,3,6983fa3a644fcca4e5fd8b3b,6983fa3a644fcca4e5fd8b3b,spotlight_PROLIFIC,,36,Chile,Spanish,"Spanish, English",,Spanish:70|English:30,100,Spanish:70|English:30,100,Spanish:80|English:20,100,18,6,Bachelor's,10,10,10,6,8,9,7,17,14,16,TOEFL,80,,,,,23,25,C1,intermediate|advanced,intermediate|advanced,cambridge_22_25_intermediate_advanced,4,19,random,,328.263916015625,802.1354370117188,348.263916015625,888.1250228881836,6,4,,,,,,,,,,,,2026-08-24T17:16:23.220Z,YVYMAZEH,2026-08-24,2026-08-24,13:16:23,2026-08-24 13:16:23,,,,,,,,6983fa3a644fcca4e5fd8b3b,6983fa3a644fcca4e5fd8b3b,,,,
38738,raw_position_sample,2,2,int,26,3,8,9,74, weekends ,836,347,4448823.899999999,6983fa3a644fcca4e5fd8b3b,6983fa3a644fcca4e5fd8b3b,intermediate,3,6983fa3a644fcca4e5fd8b3b,6983fa3a644fcca4e5fd8b3b,spotlight_PROLIFIC,,36,Chile,Spanish,"Spanish, English",,Spanish:70|English:30,100,Spanish:70|English:30,100,Spanish:80|English:20,100,18,6,Bachelor's,10,10,10,6,8,9,7,17,14,16,TOEFL,80,,,,,23,25,C1,intermediate|advanced,intermediate|advanced,cambridge_22_25_intermediate_advanced,4,19,random,,328.263916015625,802.1354370117188,348.263916015625,888.1250228881836,6,4,,,,,,,,,,,,2026-08-24T17:16:23.220Z,YVYMAZEH,2026-08-24,2026-08-24,13:16:23,2026-08-24 13:16:23,,,,,,,,6983fa3a644fcca4e5fd8b3b,6983fa3a644fcca4e5fd8b3b,,,,
38791,raw_position_sample,2,2,int,26,3,8,9,74, weekends ,852,346,4448876.600000001,6983fa3a644fcca4e5fd8b3b,6983fa3a644fcca4e5fd8b3b,intermediate,3,6983fa3a644fcca4e5fd8b3b,6983fa3a644fcca4e5fd8b3b,spotlight_PROLIFIC,,36,Chile,Spanish,"Spanish, English",,Spanish:70|English:30,100,Spanish:70|English:30,100,Spanish:80|English:20,100,18,6,Bachelor's,10,10,10,6,8,9,7,17,14,16,TOEFL,80,,,,,23,25,C1,intermediate|advanced,intermediate|advanced,cambridge_22_25_intermediate_advanced,4,19,random,,328.263916015625,802.1354370117188,348.263916015625,888.1250228881836,6,4,,,,,,,,,,,,2026-08-24T17:16:23.220Z,YVYMAZEH,2026-08-24,2026-08-24,13:16:23,2026-08-24 13:16:23,,,,,,,,6983fa3a644fcca4e5fd8b3b,6983fa3a644fcca4e5fd8b3b,,,,
38840,raw_position_sample,2,2,int,26,3,8,9,74, weekends ,866,346,4448925.500000001,6983fa3a644fcca4e5fd8b3b,6983fa3a644fcca4e5fd8b3b,intermediate,3,6983fa3a644fcca4e5fd8b3b,6983fa3a644fcca4e5fd8b3b,spotlight_PROLIFIC,,36,Chile,Spanish,"Spanish, English",,Spanish:70|English:30,100,Spanish:70|English:30,100,Spanish:80|English:20,100,18,6,Bachelor's,10,10,10,6,8,9,7,17,14,16,TOEFL,80,,,,,23,25,C1,intermediate|advanced,intermediate|advanced,cambridge_22_25_intermediate_advanced,4,19,random,,328.263916015625,802.1354370117188,348.263916015625,888.1250228881836,6,4,,,,,,,,,,,,2026-08-24T17:16:23.220Z,YVYMAZEH,2026-08-24,2026-08-24,13:16:23,2026-08-24 13:16:23,,,,,,,,6983fa3a644fcca4e5fd8b3b,6983fa3a644fcca4e5fd8b3b,,,,
38888,raw_position_sample,2,2,int,26,3,8,9,74, weekends ,876,345,4448973.7,6983fa3a644fcca4e5fd8b3b,6983fa3a644fcca4e5fd8b3b,intermediate,3,6983fa3a644fcca4e5fd8b3b,6983fa3a644fcca4e5fd8b3b,spotlight_PROLIFIC,,36,Chile,Spanish,"Spanish, English",,Spanish:70|English:30,100,Spanish:70|English:30,100,Spanish:80|English:20,100,18,6,Bachelor's,10,10,10,6,8,9,7,17,14,16,TOEFL,80,,,,,23,25,C1,intermediate|advanced,intermediate|advanced,cambridge_22_25_intermediate_advanced,4,19,random,,328.263916015625,802.1354370117188,348.263916015625,888.1250228881836,6,4,,,,,,,,,,,,2026-08-24T17:16:23.220Z,YVYMAZEH,2026-08-24,2026-08-24,13:16:23,2026-08-24 13:16:23,,,,,,,,6983fa3a644fcca4e5fd8b3b,6983fa3a644fcca4e5fd8b3b,,,,
38938,raw_position_sample,2,2,int,26,3,8,9,74, weekends ,886,344,4449023.600000001,6983fa3a644fcca4e5fd8b3b,6983fa3a644fcca4e5fd8b3b,intermediate,3,6983fa3a644fcca4e5fd8b3b,6983fa3a644fcca4e5fd8b3b,spotlight_PROLIFIC,,36,Chile,Spanish,"Spanish, English",,Spanish:70|English:30,100,Spanish:70|English:30,100,Spanish:80|English:20,100,18,6,Bachelor's,10,10,10,6,8,9,7,17,14,16,TOEFL,80,,,,,23,25,C1,intermediate|advanced,intermediate|advanced,cambridge_22_25_intermediate_advanced,4,19,random,,328.263916015625,802.1354370117188,348.263916015625,888.1250228881836,6,4,,,,,,,,,,,,2026-08-24T17:16:23.220Z,YVYMAZEH,2026-08-24,2026-08-24,13:16:23,2026-08-24 13:16:23,,,,,,,,6983fa3a644fcca4e5fd8b3b,6983fa3a644fcca4e5fd8b3b,,,,
38959,hover_association,2,2,int,26,3,8,9,74, weekends ,803,347,,6983fa3a644fcca4e5fd8b3b,6983fa3a644fcca4e5fd8b3b,intermediate,3,6983fa3a644fcca4e5fd8b3b,6983fa3a644fcca4e5fd8b3b,spotlight_PROLIFIC,,36,Chile,Spanish,"Spanish, English",,Spanish:70|English:30,100,Spanish:70|English:30,100,Spanish:80|English:20,100,18,6,Bachelor's,10,10,10,6,8,9,7,17,14,16,TOEFL,80,,,,,23,25,C1,intermediate|advanced,intermediate|advanced,cambridge_22_25_intermediate_advanced,4,19,random,,318.263916015625,802.1354370117188,358.263916015625,888.1250419616699,6,4,hover,568.5,568.5,0.9985458479342625,0.618402099609375,81,,,,,,2026-08-24T17:16:23.220Z,YVYMAZEH,2026-08-24,2026-08-24,13:16:23,2026-08-24 13:16:23,,,,,,,,6983fa3a644fcca4e5fd8b3b,6983fa3a644fcca4e5fd8b3b,,,,
38989,raw_position_sample,2,2,int,26,3,8,9,75, and ,893,341,4449074.100000001,6983fa3a644fcca4e5fd8b3b,6983fa3a644fcca4e5fd8b3b,intermediate,3,6983fa3a644fcca4e5fd8b3b,6983fa3a644fcca4e5fd8b3b,spotlight_PROLIFIC,,36,Chile,Spanish,"Spanish, English",,Spanish:70|English:30,100,Spanish:70|English:30,100,Spanish:80|English:20,100,18,6,Bachelor's,10,10,10,6,8,9,7,17,14,16,TOEFL,80,,,,,23,25,C1,intermediate|advanced,intermediate|advanced,cambridge_22_25_intermediate_advanced,4,19,random,,328.263916015625,888.1250610351562,348.263916015625,923.1424255371094,6,5,,,,,,,,,,,,2026-08-24T17:16:23.220Z,YVYMAZEH,2026-08-24,2026-08-24,13:16:23,2026-08-24 13:16:23,,,,,,,,6983fa3a644fcca4e5fd8b3b,6983fa3a644fcca4e5fd8b3b,,,,
39039,raw_position_sample,2,2,int,26,3,8,9,75, and ,895,338,4449124.3,6983fa3a644fcca4e5fd8b3b,6983fa3a644fcca4e5fd8b3b,intermediate,3,6983fa3a644fcca4e5fd8b3b,6983fa3a644fcca4e5fd8b3b,spotlight_PROLIFIC,,36,Chile,Spanish,"Spanish, English",,Spanish:70|English:30,100,Spanish:70|English:30,100,Spanish:80|English:20,100,18,6,Bachelor's,10,10,10,6,8,9,7,17,14,16,TOEFL,80,,,,,23,25,C1,intermediate|advanced,intermediate|advanced,cambridge_22_25_intermediate_advanced,4,19,random,,328.263916015625,888.1250610351562,348.263916015625,923.1424255371094,6,5,,,,,,,,,,,,2026-08-24T17:16:23.220Z,YVYMAZEH,2026-08-24,2026-08-24,13:16:23,2026-08-24 13:16:23,,,,,,,,6983fa3a644fcca4e5fd8b3b,6983fa3a644fcca4e5fd8b3b,,,,
39089,raw_position_sample,2,2,int,26,3,8,9,75, and ,895,338,4449174.000000001,6983fa3a644fcca4e5fd8b3b,6983fa3a644fcca4e5fd8b3b,intermediate,3,6983fa3a644fcca4e5fd8b3b,6983fa3a644fcca4e5fd8b3b,spotlight_PROLIFIC,,36,Chile,Spanish,"Spanish, English",,Spanish:70|English:30,100,Spanish:70|English:30,100,Spanish:80|English:20,100,18,6,Bachelor's,10,10,10,6,8,9,7,17,14,16,TOEFL,80,,,,,23,25,C1,intermediate|advanced,intermediate|advanced,cambridge_22_25_intermediate_advanced,4,19,random,,328.263916015625,888.1250610351562,348.263916015625,923.1424255371094,6,5,,,,,,,,,,,,2026-08-24T17:16:23.220Z,YVYMAZEH,2026-08-24,2026-08-24,13:16:23,2026-08-24 13:16:23,,,,,,,,6983fa3a644fcca4e5fd8b3b,6983fa3a644fcca4e5fd8b3b,,,,
39138,raw_position_sample,2,2,int,26,3,8,9,75, and ,895,338,4449223.8,6983fa3a644fcca4e5fd8b3b,6983fa3a644fcca4e5fd8b3b,intermediate,3,6983fa3a644fcca4e5fd8b3b,6983fa3a644fcca4e5fd8b3b,spotlight_PROLIFIC,,36,Chile,Spanish,"Spanish, English",,Spanish:70|English:30,100,Spanish:70|English:30,100,Spanish:80|English:20,100,18,6,Bachelor's,10,10,10,6,8,9,7,17,14,16,TOEFL,80,,,,,23,25,C1,intermediate|advanced,intermediate|advanced,cambridge_22_25_intermediate_advanced,4,19,random,,328.263916015625,888.1250610351562,348.263916015625,923.1424255371094,6,5,,,,,,,,,,,,2026-08-24T17:16:23.220Z,YVYMAZEH,2026-08-24,2026-08-24,13:16:23,2026-08-24 13:16:23,,,,,,,,6983fa3a644fcca4e5fd8b3b,6983fa3a644fcca4e5fd8b3b,,,,
39188,raw_position_sample,2,2,int,26,3,8,9,75, and ,895,338,4449273.8,6983fa3a644fcca4e5fd8b3b,6983fa3a644fcca4e5fd8b3b,intermediate,3,6983fa3a644fcca4e5fd8b3b,6983fa3a644fcca4e5fd8b3b,spotlight_PROLIFIC,,36,Chile,Spanish,"Spanish, English",,Spanish:70|English:30,100,Spanish:70|English:30,100,Spanish:80|English:20,100,18,6,Bachelor's,10,10,10,6,8,9,7,17,14,16,TOEFL,80,,,,,23,25,C1,intermediate|advanced,intermediate|advanced,cambridge_22_25_intermediate_advanced,4,19,random,,328.263916015625,888.1250610351562,348.263916015625,923.1424255371094,6,5,,,,,,,,,,,,2026-08-24T17:16:23.220Z,YVYMAZEH,2026-08-24,2026-08-24,13:16:23,2026-08-24 13:16:23,,,,,,,,6983fa3a644fcca4e5fd8b3b,6983fa3a644fcca4e5fd8b3b,,,,
39239,raw_position_sample,2,2,int,26,3,8,9,75, and ,895,338,4449324.000000001,6983fa3a644fcca4e5fd8b3b,6983fa3a644fcca4e5fd8b3b,intermediate,3,6983fa3a644fcca4e5fd8b3b,6983fa3a644fcca4e5fd8b3b,spotlight_PROLIFIC,,36,Chile,Spanish,"Spanish, English",,Spanish:70|English:30,100,Spanish:70|English:30,100,Spanish:80|English:20,100,18,6,Bachelor's,10,10,10,6,8,9,7,17,14,16,TOEFL,80,,,,,23,25,C1,intermediate|advanced,intermediate|advanced,cambridge_22_25_intermediate_advanced,4,19,random,,328.263916015625,888.1250610351562,348.263916015625,923.1424255371094,6,5,,,,,,,,,,,,2026-08-24T17:16:23.220Z,YVYMAZEH,2026-08-24,2026-08-24,13:16:23,2026-08-24 13:16:23,,,,,,,,6983fa3a644fcca4e5fd8b3b,6983fa3a644fcca4e5fd8b3b,,,,
39288,raw_position_sample,2,2,int,26,3,8,9,75, and ,895,338,4449373.600000001,6983fa3a644fcca4e5fd8b3b,6983fa3a644fcca4e5fd8b3b,intermediate,3,6983fa3a644fcca4e5fd8b3b,6983fa3a644fcca4e5fd8b3b,spotlight_PROLIFIC,,36,Chile,Spanish,"Spanish, English",,Spanish:70|English:30,100,Spanish:70|English:30,100,Spanish:80|English:20,100,18,6,Bachelor's,10,10,10,6,8,9,7,17,14,16,TOEFL,80,,,,,23,25,C1,intermediate|advanced,intermediate|advanced,cambridge_22_25_intermediate_advanced,4,19,random,,328.263916015625,888.1250610351562,348.263916015625,923.1424255371094,6,5,,,,,,,,,,,,2026-08-24T17:16:23.220Z,YVYMAZEH,2026-08-24,2026-08-24,13:16:23,2026-08-24 13:16:23,,,,,,,,6983fa3a644fcca4e5fd8b3b,6983fa3a644fcca4e5fd8b3b,,,,
39338,raw_position_sample,2,2,int,26,3,8,9,75, and ,895,338,4449423.7,6983fa3a644fcca4e5fd8b3b,6983fa3a644fcca4e5fd8b3b,intermediate,3,6983fa3a644fcca4e5fd8b3b,6983fa3a644fcca4e5fd8b3b,spotlight_PROLIFIC,,36,Chile,Spanish,"Spanish, English",,Spanish:70|English:30,100,Spanish:70|English:30,100,Spanish:80|English:20,100,18,6,Bachelor's,10,10,10,6,8,9,7,17,14,16,TOEFL,80,,,,,23,25,C1,intermediate|advanced,intermediate|advanced,cambridge_22_25_intermediate_advanced,4,19,random,,328.263916015625,888.1250610351562,348.263916015625,923.1424255371094,6,5,,,,,,,,,,,,2026-08-24T17:16:23.220Z,YVYMAZEH,2026-08-24,2026-08-24,13:16:23,2026-08-24 13:16:23,,,,,,,,6983fa3a644fcca4e5fd8b3b,6983fa3a644fcca4e5fd8b3b,,,,
39388,raw_position_sample,2,2,int,26,3,8,9,75, and ,895,338,4449473.8,6983fa3a644fcca4e5fd8b3b,6983fa3a644fcca4e5fd8b3b,intermediate,3,6983fa3a644fcca4e5fd8b3b,6983fa3a644fcca4e5fd8b3b,spotlight_PROLIFIC,,36,Chile,Spanish,"Spanish, English",,Spanish:70|English:30,100,Spanish:70|English:30,100,Spanish:80|English:20,100,18,6,Bachelor's,10,10,10,6,8,9,7,17,14,16,TOEFL,80,,,,,23,25,C1,intermediate|advanced,intermediate|advanced,cambridge_22_25_intermediate_advanced,4,19,random,,328.263916015625,888.1250610351562,348.263916015625,923.1424255371094,6,5,,,,,,,,,,,,2026-08-24T17:16:23.220Z,YVYMAZEH,2026-08-24,2026-08-24,13:16:23,2026-08-24 13:16:23,,,,,,,,6983fa3a644fcca4e5fd8b3b,6983fa3a644fcca4e5fd8b3b,,,,
39441,raw_position_sample,2,2,int,26,3,8,9,75, and ,900,338,4449526.500000001,6983fa3a644fcca4e5fd8b3b,6983fa3a644fcca4e5fd8b3b,intermediate,3,6983fa3a644fcca4e5fd8b3b,6983fa3a644fcca4e5fd8b3b,spotlight_PROLIFIC,,36,Chile,Spanish,"Spanish, English",,Spanish:70|English:30,100,Spanish:70|English:30,100,Spanish:80|English:20,100,18,6,Bachelor's,10,10,10,6,8,9,7,17,14,16,TOEFL,80,,,,,23,25,C1,intermediate|advanced,intermediate|advanced,cambridge_22_25_intermediate_advanced,4,19,random,,328.263916015625,888.1250610351562,348.263916015625,923.1424255371094,6,5,,,,,,,,,,,,2026-08-24T17:16:23.220Z,YVYMAZEH,2026-08-24,2026-08-24,13:16:23,2026-08-24 13:16:23,,,,,,,,6983fa3a644fcca4e5fd8b3b,6983fa3a644fcca4e5fd8b3b,,,,
39489,raw_position_sample,2,2,int,26,3,8,9,75, and ,910,340,4449574.500000001,6983fa3a644fcca4e5fd8b3b,6983fa3a644fcca4e5fd8b3b,intermediate,3,6983fa3a644fcca4e5fd8b3b,6983fa3a644fcca4e5fd8b3b,spotlight_PROLIFIC,,36,Chile,Spanish,"Spanish, English",,Spanish:70|English:30,100,Spanish:70|English:30,100,Spanish:80|English:20,100,18,6,Bachelor's,10,10,10,6,8,9,7,17,14,16,TOEFL,80,,,,,23,25,C1,intermediate|advanced,intermediate|advanced,cambridge_22_25_intermediate_advanced,4,19,random,,328.263916015625,888.1250610351562,348.263916015625,923.1424255371094,6,5,,,,,,,,,,,,2026-08-24T17:16:23.220Z,YVYMAZEH,2026-08-24,2026-08-24,13:16:23,2026-08-24 13:16:23,,,,,,,,6983fa3a644fcca4e5fd8b3b,6983fa3a644fcca4e5fd8b3b,,,,
39538,raw_position_sample,2,2,int,26,3,8,9,75, and ,921,342,4449623.600000001,6983fa3a644fcca4e5fd8b3b,6983fa3a644fcca4e5fd8b3b,intermediate,3,6983fa3a644fcca4e5fd8b3b,6983fa3a644fcca4e5fd8b3b,spotlight_PROLIFIC,,36,Chile,Spanish,"Spanish, English",,Spanish:70|English:30,100,Spanish:70|English:30,100,Spanish:80|English:20,100,18,6,Bachelor's,10,10,10,6,8,9,7,17,14,16,TOEFL,80,,,,,23,25,C1,intermediate|advanced,intermediate|advanced,cambridge_22_25_intermediate_advanced,4,19,random,,328.263916015625,888.1250610351562,348.263916015625,923.1424255371094,6,5,,,,,,,,,,,,2026-08-24T17:16:23.220Z,YVYMAZEH,2026-08-24,2026-08-24,13:16:23,2026-08-24 13:16:23,,,,,,,,6983fa3a644fcca4e5fd8b3b,6983fa3a644fcca4e5fd8b3b,,,,
39548,hover_association,2,2,int,26,3,8,9,75, and ,890,343,,6983fa3a644fcca4e5fd8b3b,6983fa3a644fcca4e5fd8b3b,intermediate,3,6983fa3a644fcca4e5fd8b3b,6983fa3a644fcca4e5fd8b3b,spotlight_PROLIFIC,,36,Chile,Spanish,"Spanish, English",,Spanish:70|English:30,100,Spanish:70|English:30,100,Spanish:80|English:20,100,18,6,Bachelor's,10,10,10,6,8,9,7,17,14,16,TOEFL,80,,,,,23,25,C1,intermediate|advanced,intermediate|advanced,cambridge_22_25_intermediate_advanced,4,19,random,,318.263916015625,888.1250419616699,358.263916015625,923.1424102783203,6,5,hover,589.0999999996275,589.0999999996275,0.9959331530275907,0.593402099609375,81,,,,,,2026-08-24T17:16:23.220Z,YVYMAZEH,2026-08-24,2026-08-24,13:16:23,2026-08-24 13:16:23,,,,,,,,6983fa3a644fcca4e5fd8b3b,6983fa3a644fcca4e5fd8b3b,,,,
39588,raw_position_sample,2,2,int,26,3,8,9,76, it ,936,342,4449673.7,6983fa3a644fcca4e5fd8b3b,6983fa3a644fcca4e5fd8b3b,intermediate,3,6983fa3a644fcca4e5fd8b3b,6983fa3a644fcca4e5fd8b3b,spotlight_PROLIFIC,,36,Chile,Spanish,"Spanish, English",,Spanish:70|English:30,100,Spanish:70|English:30,100,Spanish:80|English:20,100,18,6,Bachelor's,10,10,10,6,8,9,7,17,14,16,TOEFL,80,,,,,23,25,C1,intermediate|advanced,intermediate|advanced,cambridge_22_25_intermediate_advanced,4,19,random,,328.263916015625,923.1423950195312,348.263916015625,937.1354513168335,6,6,,,,,,,,,,,,2026-08-24T17:16:23.220Z,YVYMAZEH,2026-08-24,2026-08-24,13:16:23,2026-08-24 13:16:23,,,,,,,,6983fa3a644fcca4e5fd8b3b,6983fa3a644fcca4e5fd8b3b,,,,
39589,hover_association,2,2,int,26,3,8,9,76, it ,925,342,,6983fa3a644fcca4e5fd8b3b,6983fa3a644fcca4e5fd8b3b,intermediate,3,6983fa3a644fcca4e5fd8b3b,6983fa3a644fcca4e5fd8b3b,spotlight_PROLIFIC,,36,Chile,Spanish,"Spanish, English",,Spanish:70|English:30,100,Spanish:70|English:30,100,Spanish:80|English:20,100,18,6,Bachelor's,10,10,10,6,8,9,7,17,14,16,TOEFL,80,,,,,23,25,C1,intermediate|advanced,intermediate|advanced,cambridge_22_25_intermediate_advanced,4,19,random,,318.263916015625,923.1424102783203,358.263916015625,937.1354441642761,6,6,hover,41.600000001490116,41.600000001490116,0.9188564700457333,0.593402099609375,81,,,,,,2026-08-24T17:16:23.220Z,YVYMAZEH,2026-08-24,2026-08-24,13:16:23,2026-08-24 13:16:23,,,,,,,,6983fa3a644fcca4e5fd8b3b,6983fa3a644fcca4e5fd8b3b,,,,
39640,raw_position_sample,2,2,int,26,3,8,9,77, only ,953,342,4449725.100000001,6983fa3a644fcca4e5fd8b3b,6983fa3a644fcca4e5fd8b3b,intermediate,3,6983fa3a644fcca4e5fd8b3b,6983fa3a644fcca4e5fd8b3b,spotlight_PROLIFIC,,36,Chile,Spanish,"Spanish, English",,Spanish:70|English:30,100,Spanish:70|English:30,100,Spanish:80|English:20,100,18,6,Bachelor's,10,10,10,6,8,9,7,17,14,16,TOEFL,80,,,,,23,25,C1,intermediate|advanced,intermediate|advanced,cambridge_22_25_intermediate_advanced,4,19,random,,328.263916015625,937.1354370117188,348.263916015625,975.1389122009277,6,7,,,,,,,,,,,,2026-08-24T17:16:23.220Z,YVYMAZEH,2026-08-24,2026-08-24,13:16:23,2026-08-24 13:16:23,,,,,,,,6983fa3a644fcca4e5fd8b3b,6983fa3a644fcca4e5fd8b3b,,,,
39688,raw_position_sample,2,2,int,26,3,8,9,77, only ,967,342,4449773.7,6983fa3a644fcca4e5fd8b3b,6983fa3a644fcca4e5fd8b3b,intermediate,3,6983fa3a644fcca4e5fd8b3b,6983fa3a644fcca4e5fd8b3b,spotlight_PROLIFIC,,36,Chile,Spanish,"Spanish, English",,Spanish:70|English:30,100,Spanish:70|English:30,100,Spanish:80|English:20,100,18,6,Bachelor's,10,10,10,6,8,9,7,17,14,16,TOEFL,80,,,,,23,25,C1,intermediate|advanced,intermediate|advanced,cambridge_22_25_intermediate_advanced,4,19,random,,328.263916015625,937.1354370117188,348.263916015625,975.1389122009277,6,7,,,,,,,,,,,,2026-08-24T17:16:23.220Z,YVYMAZEH,2026-08-24,2026-08-24,13:16:23,2026-08-24 13:16:23,,,,,,,,6983fa3a644fcca4e5fd8b3b,6983fa3a644fcca4e5fd8b3b,,,,
39727,hover_association,2,2,int,26,3,8,9,77, only ,938,342,,6983fa3a644fcca4e5fd8b3b,6983fa3a644fcca4e5fd8b3b,intermediate,3,6983fa3a644fcca4e5fd8b3b,6983fa3a644fcca4e5fd8b3b,spotlight_PROLIFIC,,36,Chile,Spanish,"Spanish, English",,Spanish:70|English:30,100,Spanish:70|English:30,100,Spanish:80|English:20,100,18,6,Bachelor's,10,10,10,6,8,9,7,17,14,16,TOEFL,80,,,,,23,25,C1,intermediate|advanced,intermediate|advanced,cambridge_22_25_intermediate_advanced,4,19,random,,318.263916015625,937.1354441642761,358.263916015625,975.1389141082764,6,7,hover,137.89999999850988,137.89999999850988,0.9963446993529521,0.593402099609375,81,,,,,,2026-08-24T17:16:23.220Z,YVYMAZEH,2026-08-24,2026-08-24,13:16:23,2026-08-24 13:16:23,,,,,,,,6983fa3a644fcca4e5fd8b3b,6983fa3a644fcca4e5fd8b3b,,,,
39738,raw_position_sample,2,2,int,26,3,8,9,78, costs ,978,342,4449823.7,6983fa3a644fcca4e5fd8b3b,6983fa3a644fcca4e5fd8b3b,intermediate,3,6983fa3a644fcca4e5fd8b3b,6983fa3a644fcca4e5fd8b3b,spotlight_PROLIFIC,,36,Chile,Spanish,"Spanish, English",,Spanish:70|English:30,100,Spanish:70|English:30,100,Spanish:80|English:20,100,18,6,Bachelor's,10,10,10,6,8,9,7,17,14,16,TOEFL,80,,,,,23,25,C1,intermediate|advanced,intermediate|advanced,cambridge_22_25_intermediate_advanced,4,19,random,,328.263916015625,975.138916015625,348.263916015625,1022.1180839538574,6,8,,,,,,,,,,,,2026-08-24T17:16:23.220Z,YVYMAZEH,2026-08-24,2026-08-24,13:16:23,2026-08-24 13:16:23,,,,,,,,6983fa3a644fcca4e5fd8b3b,6983fa3a644fcca4e5fd8b3b,,,,
39788,raw_position_sample,2,2,int,26,3,8,9,78, costs ,988,343,4449873.7,6983fa3a644fcca4e5fd8b3b,6983fa3a644fcca4e5fd8b3b,intermediate,3,6983fa3a644fcca4e5fd8b3b,6983fa3a644fcca4e5fd8b3b,spotlight_PROLIFIC,,36,Chile,Spanish,"Spanish, English",,Spanish:70|English:30,100,Spanish:70|English:30,100,Spanish:80|English:20,100,18,6,Bachelor's,10,10,10,6,8,9,7,17,14,16,TOEFL,80,,,,,23,25,C1,intermediate|advanced,intermediate|advanced,cambridge_22_25_intermediate_advanced,4,19,random,,328.263916015625,975.138916015625,348.263916015625,1022.1180839538574,6,8,,,,,,,,,,,,2026-08-24T17:16:23.220Z,YVYMAZEH,2026-08-24,2026-08-24,13:16:23,2026-08-24 13:16:23,,,,,,,,6983fa3a644fcca4e5fd8b3b,6983fa3a644fcca4e5fd8b3b,,,,
39840,raw_position_sample,2,2,int,26,3,8,9,78, costs ,998,344,4449925.3,6983fa3a644fcca4e5fd8b3b,6983fa3a644fcca4e5fd8b3b,intermediate,3,6983fa3a644fcca4e5fd8b3b,6983fa3a644fcca4e5fd8b3b,spotlight_PROLIFIC,,36,Chile,Spanish,"Spanish, English",,Spanish:70|English:30,100,Spanish:70|English:30,100,Spanish:80|English:20,100,18,6,Bachelor's,10,10,10,6,8,9,7,17,14,16,TOEFL,80,,,,,23,25,C1,intermediate|advanced,intermediate|advanced,cambridge_22_25_intermediate_advanced,4,19,random,,328.263916015625,975.138916015625,348.263916015625,1022.1180839538574,6,8,,,,,,,,,,,,2026-08-24T17:16:23.220Z,YVYMAZEH,2026-08-24,2026-08-24,13:16:23,2026-08-24 13:16:23,,,,,,,,6983fa3a644fcca4e5fd8b3b,6983fa3a644fcca4e5fd8b3b,,,,
39888,raw_position_sample,2,2,int,26,3,8,9,78, costs ,1005,346,4449973.600000001,6983fa3a644fcca4e5fd8b3b,6983fa3a644fcca4e5fd8b3b,intermediate,3,6983fa3a644fcca4e5fd8b3b,6983fa3a644fcca4e5fd8b3b,spotlight_PROLIFIC,,36,Chile,Spanish,"Spanish, English",,Spanish:70|English:30,100,Spanish:70|English:30,100,Spanish:80|English:20,100,18,6,Bachelor's,10,10,10,6,8,9,7,17,14,16,TOEFL,80,,,,,23,25,C1,intermediate|advanced,intermediate|advanced,cambridge_22_25_intermediate_advanced,4,19,random,,328.263916015625,975.138916015625,348.263916015625,1022.1180839538574,6,8,,,,,,,,,,,,2026-08-24T17:16:23.220Z,YVYMAZEH,2026-08-24,2026-08-24,13:16:23,2026-08-24 13:16:23,,,,,,,,6983fa3a644fcca4e5fd8b3b,6983fa3a644fcca4e5fd8b3b,,,,
39938,raw_position_sample,2,2,int,26,3,8,9,78, costs ,1013,346,4450023.600000001,6983fa3a644fcca4e5fd8b3b,6983fa3a644fcca4e5fd8b3b,intermediate,3,6983fa3a644fcca4e5fd8b3b,6983fa3a644fcca4e5fd8b3b,spotlight_PROLIFIC,,36,Chile,Spanish,"Spanish, English",,Spanish:70|English:30,100,Spanish:70|English:30,100,Spanish:80|English:20,100,18,6,Bachelor's,10,10,10,6,8,9,7,17,14,16,TOEFL,80,,,,,23,25,C1,intermediate|advanced,intermediate|advanced,cambridge_22_25_intermediate_advanced,4,19,random,,328.263916015625,975.138916015625,348.263916015625,1022.1180839538574,6,8,,,,,,,,,,,,2026-08-24T17:16:23.220Z,YVYMAZEH,2026-08-24,2026-08-24,13:16:23,2026-08-24 13:16:23,,,,,,,,6983fa3a644fcca4e5fd8b3b,6983fa3a644fcca4e5fd8b3b,,,,
39988,raw_position_sample,2,2,int,26,3,8,9,78, costs ,1016,346,4450073.7,6983fa3a644fcca4e5fd8b3b,6983fa3a644fcca4e5fd8b3b,intermediate,3,6983fa3a644fcca4e5fd8b3b,6983fa3a644fcca4e5fd8b3b,spotlight_PROLIFIC,,36,Chile,Spanish,"Spanish, English",,Spanish:70|English:30,100,Spanish:70|English:30,100,Spanish:80|English:20,100,18,6,Bachelor's,10,10,10,6,8,9,7,17,14,16,TOEFL,80,,,,,23,25,C1,intermediate|advanced,intermediate|advanced,cambridge_22_25_intermediate_advanced,4,19,random,,328.263916015625,975.138916015625,348.263916015625,1022.1180839538574,6,8,,,,,,,,,,,,2026-08-24T17:16:23.220Z,YVYMAZEH,2026-08-24,2026-08-24,13:16:23,2026-08-24 13:16:23,,,,,,,,6983fa3a644fcca4e5fd8b3b,6983fa3a644fcca4e5fd8b3b,,,,
40039,raw_position_sample,2,2,int,26,3,8,9,78, costs ,1016,346,4450124.000000001,6983fa3a644fcca4e5fd8b3b,6983fa3a644fcca4e5fd8b3b,intermediate,3,6983fa3a644fcca4e5fd8b3b,6983fa3a644fcca4e5fd8b3b,spotlight_PROLIFIC,,36,Chile,Spanish,"Spanish, English",,Spanish:70|English:30,100,Spanish:70|English:30,100,Spanish:80|English:20,100,18,6,Bachelor's,10,10,10,6,8,9,7,17,14,16,TOEFL,80,,,,,23,25,C1,intermediate|advanced,intermediate|advanced,cambridge_22_25_intermediate_advanced,4,19,random,,328.263916015625,975.138916015625,348.263916015625,1022.1180839538574,6,8,,,,,,,,,,,,2026-08-24T17:16:23.220Z,YVYMAZEH,2026-08-24,2026-08-24,13:16:23,2026-08-24 13:16:23,,,,,,,,6983fa3a644fcca4e5fd8b3b,6983fa3a644fcca4e5fd8b3b,,,,
40088,raw_position_sample,2,2,int,26,3,8,9,78, costs ,1016,346,4450173.8,6983fa3a644fcca4e5fd8b3b,6983fa3a644fcca4e5fd8b3b,intermediate,3,6983fa3a644fcca4e5fd8b3b,6983fa3a644fcca4e5fd8b3b,spotlight_PROLIFIC,,36,Chile,Spanish,"Spanish, English",,Spanish:70|English:30,100,Spanish:70|English:30,100,Spanish:80|English:20,100,18,6,Bachelor's,10,10,10,6,8,9,7,17,14,16,TOEFL,80,,,,,23,25,C1,intermediate|advanced,intermediate|advanced,cambridge_22_25_intermediate_advanced,4,19,random,,328.263916015625,975.138916015625,348.263916015625,1022.1180839538574,6,8,,,,,,,,,,,,2026-08-24T17:16:23.220Z,YVYMAZEH,2026-08-24,2026-08-24,13:16:23,2026-08-24 13:16:23,,,,,,,,6983fa3a644fcca4e5fd8b3b,6983fa3a644fcca4e5fd8b3b,,,,
40138,raw_position_sample,2,2,int,26,3,8,9,78, costs ,1016,346,4450223.8,6983fa3a644fcca4e5fd8b3b,6983fa3a644fcca4e5fd8b3b,intermediate,3,6983fa3a644fcca4e5fd8b3b,6983fa3a644fcca4e5fd8b3b,spotlight_PROLIFIC,,36,Chile,Spanish,"Spanish, English",,Spanish:70|English:30,100,Spanish:70|English:30,100,Spanish:80|English:20,100,18,6,Bachelor's,10,10,10,6,8,9,7,17,14,16,TOEFL,80,,,,,23,25,C1,intermediate|advanced,intermediate|advanced,cambridge_22_25_intermediate_advanced,4,19,random,,328.263916015625,975.138916015625,348.263916015625,1022.1180839538574,6,8,,,,,,,,,,,,2026-08-24T17:16:23.220Z,YVYMAZEH,2026-08-24,2026-08-24,13:16:23,2026-08-24 13:16:23,,,,,,,,6983fa3a644fcca4e5fd8b3b,6983fa3a644fcca4e5fd8b3b,,,,
40189,raw_position_sample,2,2,int,26,3,8,9,78, costs ,1016,346,4450274.000000001,6983fa3a644fcca4e5fd8b3b,6983fa3a644fcca4e5fd8b3b,intermediate,3,6983fa3a644fcca4e5fd8b3b,6983fa3a644fcca4e5fd8b3b,spotlight_PROLIFIC,,36,Chile,Spanish,"Spanish, English",,Spanish:70|English:30,100,Spanish:70|English:30,100,Spanish:80|English:20,100,18,6,Bachelor's,10,10,10,6,8,9,7,17,14,16,TOEFL,80,,,,,23,25,C1,intermediate|advanced,intermediate|advanced,cambridge_22_25_intermediate_advanced,4,19,random,,328.263916015625,975.138916015625,348.263916015625,1022.1180839538574,6,8,,,,,,,,,,,,2026-08-24T17:16:23.220Z,YVYMAZEH,2026-08-24,2026-08-24,13:16:23,2026-08-24 13:16:23,,,,,,,,6983fa3a644fcca4e5fd8b3b,6983fa3a644fcca4e5fd8b3b,,,,
40239,raw_position_sample,2,2,int,26,3,8,9,78, costs ,1016,346,4450323.899999999,6983fa3a644fcca4e5fd8b3b,6983fa3a644fcca4e5fd8b3b,intermediate,3,6983fa3a644fcca4e5fd8b3b,6983fa3a644fcca4e5fd8b3b,spotlight_PROLIFIC,,36,Chile,Spanish,"Spanish, English",,Spanish:70|English:30,100,Spanish:70|English:30,100,Spanish:80|English:20,100,18,6,Bachelor's,10,10,10,6,8,9,7,17,14,16,TOEFL,80,,,,,23,25,C1,intermediate|advanced,intermediate|advanced,cambridge_22_25_intermediate_advanced,4,19,random,,328.263916015625,975.138916015625,348.263916015625,1022.1180839538574,6,8,,,,,,,,,,,,2026-08-24T17:16:23.220Z,YVYMAZEH,2026-08-24,2026-08-24,13:16:23,2026-08-24 13:16:23,,,,,,,,6983fa3a644fcca4e5fd8b3b,6983fa3a644fcca4e5fd8b3b,,,,
40288,raw_position_sample,2,2,int,26,3,8,9,78, costs ,1016,346,4450373.7,6983fa3a644fcca4e5fd8b3b,6983fa3a644fcca4e5fd8b3b,intermediate,3,6983fa3a644fcca4e5fd8b3b,6983fa3a644fcca4e5fd8b3b,spotlight_PROLIFIC,,36,Chile,Spanish,"Spanish, English",,Spanish:70|English:30,100,Spanish:70|English:30,100,Spanish:80|English:20,100,18,6,Bachelor's,10,10,10,6,8,9,7,17,14,16,TOEFL,80,,,,,23,25,C1,intermediate|advanced,intermediate|advanced,cambridge_22_25_intermediate_advanced,4,19,random,,328.263916015625,975.138916015625,348.263916015625,1022.1180839538574,6,8,,,,,,,,,,,,2026-08-24T17:16:23.220Z,YVYMAZEH,2026-08-24,2026-08-24,13:16:23,2026-08-24 13:16:23,,,,,,,,6983fa3a644fcca4e5fd8b3b,6983fa3a644fcca4e5fd8b3b,,,,
40338,raw_position_sample,2,2,int,26,3,8,9,78, costs ,1016,346,4450423.7,6983fa3a644fcca4e5fd8b3b,6983fa3a644fcca4e5fd8b3b,intermediate,3,6983fa3a644fcca4e5fd8b3b,6983fa3a644fcca4e5fd8b3b,spotlight_PROLIFIC,,36,Chile,Spanish,"Spanish, English",,Spanish:70|English:30,100,Spanish:70|English:30,100,Spanish:80|English:20,100,18,6,Bachelor's,10,10,10,6,8,9,7,17,14,16,TOEFL,80,,,,,23,25,C1,intermediate|advanced,intermediate|advanced,cambridge_22_25_intermediate_advanced,4,19,random,,328.263916015625,975.138916015625,348.263916015625,1022.1180839538574,6,8,,,,,,,,,,,,2026-08-24T17:16:23.220Z,YVYMAZEH,2026-08-24,2026-08-24,13:16:23,2026-08-24 13:16:23,,,,,,,,6983fa3a644fcca4e5fd8b3b,6983fa3a644fcca4e5fd8b3b,,,,
40388,raw_position_sample,2,2,int,26,3,8,9,78, costs ,1016,346,4450473.7,6983fa3a644fcca4e5fd8b3b,6983fa3a644fcca4e5fd8b3b,intermediate,3,6983fa3a644fcca4e5fd8b3b,6983fa3a644fcca4e5fd8b3b,spotlight_PROLIFIC,,36,Chile,Spanish,"Spanish, English",,Spanish:70|English:30,100,Spanish:70|English:30,100,Spanish:80|English:20,100,18,6,Bachelor's,10,10,10,6,8,9,7,17,14,16,TOEFL,80,,,,,23,25,C1,intermediate|advanced,intermediate|advanced,cambridge_22_25_intermediate_advanced,4,19,random,,328.263916015625,975.138916015625,348.263916015625,1022.1180839538574,6,8,,,,,,,,,,,,2026-08-24T17:16:23.220Z,YVYMAZEH,2026-08-24,2026-08-24,13:16:23,2026-08-24 13:16:23,,,,,,,,6983fa3a644fcca4e5fd8b3b,6983fa3a644fcca4e5fd8b3b,,,,
40438,raw_position_sample,2,2,int,26,3,8,9,78, costs ,1018,346,4450523.500000001,6983fa3a644fcca4e5fd8b3b,6983fa3a644fcca4e5fd8b3b,intermediate,3,6983fa3a644fcca4e5fd8b3b,6983fa3a644fcca4e5fd8b3b,spotlight_PROLIFIC,,36,Chile,Spanish,"Spanish, English",,Spanish:70|English:30,100,Spanish:70|English:30,100,Spanish:80|English:20,100,18,6,Bachelor's,10,10,10,6,8,9,7,17,14,16,TOEFL,80,,,,,23,25,C1,intermediate|advanced,intermediate|advanced,cambridge_22_25_intermediate_advanced,4,19,random,,328.263916015625,975.138916015625,348.263916015625,1022.1180839538574,6,8,,,,,,,,,,,,2026-08-24T17:16:23.220Z,YVYMAZEH,2026-08-24,2026-08-24,13:16:23,2026-08-24 13:16:23,,,,,,,,6983fa3a644fcca4e5fd8b3b,6983fa3a644fcca4e5fd8b3b,,,,
40473,hover_association,2,2,int,26,3,8,9,78, costs ,977,342,,6983fa3a644fcca4e5fd8b3b,6983fa3a644fcca4e5fd8b3b,intermediate,3,6983fa3a644fcca4e5fd8b3b,6983fa3a644fcca4e5fd8b3b,spotlight_PROLIFIC,,36,Chile,Spanish,"Spanish, English",,Spanish:70|English:30,100,Spanish:70|English:30,100,Spanish:80|English:20,100,18,6,Bachelor's,10,10,10,6,8,9,7,17,14,16,TOEFL,80,,,,,23,25,C1,intermediate|advanced,intermediate|advanced,cambridge_22_25_intermediate_advanced,4,19,random,,318.263916015625,975.1389141082764,358.263916015625,1022.1180934906006,6,8,hover,745.8000000007451,745.8000000007451,0.9974862589735866,0.693402099609375,81,,,,,,2026-08-24T17:16:23.220Z,YVYMAZEH,2026-08-24,2026-08-24,13:16:23,2026-08-24 13:16:23,,,,,,,,6983fa3a644fcca4e5fd8b3b,6983fa3a644fcca4e5fd8b3b,,,,
40488,raw_position_sample,2,2,int,26,3,8,9,79, €1 ,1023,346,4450573.8,6983fa3a644fcca4e5fd8b3b,6983fa3a644fcca4e5fd8b3b,intermediate,3,6983fa3a644fcca4e5fd8b3b,6983fa3a644fcca4e5fd8b3b,spotlight_PROLIFIC,,36,Chile,Spanish,"Spanish, English",,Spanish:70|English:30,100,Spanish:70|English:30,100,Spanish:80|English:20,100,18,6,Bachelor's,10,10,10,6,8,9,7,17,14,16,TOEFL,80,,,,,23,25,C1,intermediate|advanced,intermediate|advanced,cambridge_22_25_intermediate_advanced,4,19,random,,328.263916015625,1022.1181030273438,348.263916015625,1047.1354656219482,6,9,,,,,,,,,,,,2026-08-24T17:16:23.220Z,YVYMAZEH,2026-08-24,2026-08-24,13:16:23,2026-08-24 13:16:23,,,,,,,,6983fa3a644fcca4e5fd8b3b,6983fa3a644fcca4e5fd8b3b,,,,
40538,raw_position_sample,2,2,int,26,3,8,9,79, €1 ,1023,346,4450623.7,6983fa3a644fcca4e5fd8b3b,6983fa3a644fcca4e5fd8b3b,intermediate,3,6983fa3a644fcca4e5fd8b3b,6983fa3a644fcca4e5fd8b3b,spotlight_PROLIFIC,,36,Chile,Spanish,"Spanish, English",,Spanish:70|English:30,100,Spanish:70|English:30,100,Spanish:80|English:20,100,18,6,Bachelor's,10,10,10,6,8,9,7,17,14,16,TOEFL,80,,,,,23,25,C1,intermediate|advanced,intermediate|advanced,cambridge_22_25_intermediate_advanced,4,19,random,,328.263916015625,1022.1181030273438,348.263916015625,1047.1354656219482,6,9,,,,,,,,,,,,2026-08-24T17:16:23.220Z,YVYMAZEH,2026-08-24,2026-08-24,13:16:23,2026-08-24 13:16:23,,,,,,,,6983fa3a644fcca4e5fd8b3b,6983fa3a644fcca4e5fd8b3b,,,,
40588,raw_position_sample,2,2,int,26,3,8,9,79, €1 ,1023,346,4450673.8,6983fa3a644fcca4e5fd8b3b,6983fa3a644fcca4e5fd8b3b,intermediate,3,6983fa3a644fcca4e5fd8b3b,6983fa3a644fcca4e5fd8b3b,spotlight_PROLIFIC,,36,Chile,Spanish,"Spanish, English",,Spanish:70|English:30,100,Spanish:70|English:30,100,Spanish:80|English:20,100,18,6,Bachelor's,10,10,10,6,8,9,7,17,14,16,TOEFL,80,,,,,23,25,C1,intermediate|advanced,intermediate|advanced,cambridge_22_25_intermediate_advanced,4,19,random,,328.263916015625,1022.1181030273438,348.263916015625,1047.1354656219482,6,9,,,,,,,,,,,,2026-08-24T17:16:23.220Z,YVYMAZEH,2026-08-24,2026-08-24,13:16:23,2026-08-24 13:16:23,,,,,,,,6983fa3a644fcca4e5fd8b3b,6983fa3a644fcca4e5fd8b3b,,,,
40638,raw_position_sample,2,2,int,26,3,8,9,79, €1 ,1023,346,4450723.600000001,6983fa3a644fcca4e5fd8b3b,6983fa3a644fcca4e5fd8b3b,intermediate,3,6983fa3a644fcca4e5fd8b3b,6983fa3a644fcca4e5fd8b3b,spotlight_PROLIFIC,,36,Chile,Spanish,"Spanish, English",,Spanish:70|English:30,100,Spanish:70|English:30,100,Spanish:80|English:20,100,18,6,Bachelor's,10,10,10,6,8,9,7,17,14,16,TOEFL,80,,,,,23,25,C1,intermediate|advanced,intermediate|advanced,cambridge_22_25_intermediate_advanced,4,19,random,,328.263916015625,1022.1181030273438,348.263916015625,1047.1354656219482,6,9,,,,,,,,,,,,2026-08-24T17:16:23.220Z,YVYMAZEH,2026-08-24,2026-08-24,13:16:23,2026-08-24 13:16:23,,,,,,,,6983fa3a644fcca4e5fd8b3b,6983fa3a644fcca4e5fd8b3b,,,,
40688,raw_position_sample,2,2,int,26,3,8,9,79, €1 ,1024,346,4450773.7,6983fa3a644fcca4e5fd8b3b,6983fa3a644fcca4e5fd8b3b,intermediate,3,6983fa3a644fcca4e5fd8b3b,6983fa3a644fcca4e5fd8b3b,spotlight_PROLIFIC,,36,Chile,Spanish,"Spanish, English",,Spanish:70|English:30,100,Spanish:70|English:30,100,Spanish:80|English:20,100,18,6,Bachelor's,10,10,10,6,8,9,7,17,14,16,TOEFL,80,,,,,23,25,C1,intermediate|advanced,intermediate|advanced,cambridge_22_25_intermediate_advanced,4,19,random,,328.263916015625,1022.1181030273438,348.263916015625,1047.1354656219482,6,9,,,,,,,,,,,,2026-08-24T17:16:23.220Z,YVYMAZEH,2026-08-24,2026-08-24,13:16:23,2026-08-24 13:16:23,,,,,,,,6983fa3a644fcca4e5fd8b3b,6983fa3a644fcca4e5fd8b3b,,,,
40738,raw_position_sample,2,2,int,26,3,8,9,79, €1 ,1024,346,4450823.899999999,6983fa3a644fcca4e5fd8b3b,6983fa3a644fcca4e5fd8b3b,intermediate,3,6983fa3a644fcca4e5fd8b3b,6983fa3a644fcca4e5fd8b3b,spotlight_PROLIFIC,,36,Chile,Spanish,"Spanish, English",,Spanish:70|English:30,100,Spanish:70|English:30,100,Spanish:80|English:20,100,18,6,Bachelor's,10,10,10,6,8,9,7,17,14,16,TOEFL,80,,,,,23,25,C1,intermediate|advanced,intermediate|advanced,cambridge_22_25_intermediate_advanced,4,19,random,,328.263916015625,1022.1181030273438,348.263916015625,1047.1354656219482,6,9,,,,,,,,,,,,2026-08-24T17:16:23.220Z,YVYMAZEH,2026-08-24,2026-08-24,13:16:23,2026-08-24 13:16:23,,,,,,,,6983fa3a644fcca4e5fd8b3b,6983fa3a644fcca4e5fd8b3b,,,,
40788,raw_position_sample,2,2,int,26,3,8,9,79, €1 ,1024,346,4450873.8,6983fa3a644fcca4e5fd8b3b,6983fa3a644fcca4e5fd8b3b,intermediate,3,6983fa3a644fcca4e5fd8b3b,6983fa3a644fcca4e5fd8b3b,spotlight_PROLIFIC,,36,Chile,Spanish,"Spanish, English",,Spanish:70|English:30,100,Spanish:70|English:30,100,Spanish:80|English:20,100,18,6,Bachelor's,10,10,10,6,8,9,7,17,14,16,TOEFL,80,,,,,23,25,C1,intermediate|advanced,intermediate|advanced,cambridge_22_25_intermediate_advanced,4,19,random,,328.263916015625,1022.1181030273438,348.263916015625,1047.1354656219482,6,9,,,,,,,,,,,,2026-08-24T17:16:23.220Z,YVYMAZEH,2026-08-24,2026-08-24,13:16:23,2026-08-24 13:16:23,,,,,,,,6983fa3a644fcca4e5fd8b3b,6983fa3a644fcca4e5fd8b3b,,,,
40838,raw_position_sample,2,2,int,26,3,8,9,79, €1 ,1024,346,4450923.600000001,6983fa3a644fcca4e5fd8b3b,6983fa3a644fcca4e5fd8b3b,intermediate,3,6983fa3a644fcca4e5fd8b3b,6983fa3a644fcca4e5fd8b3b,spotlight_PROLIFIC,,36,Chile,Spanish,"Spanish, English",,Spanish:70|English:30,100,Spanish:70|English:30,100,Spanish:80|English:20,100,18,6,Bachelor's,10,10,10,6,8,9,7,17,14,16,TOEFL,80,,,,,23,25,C1,intermediate|advanced,intermediate|advanced,cambridge_22_25_intermediate_advanced,4,19,random,,328.263916015625,1022.1181030273438,348.263916015625,1047.1354656219482,6,9,,,,,,,,,,,,2026-08-24T17:16:23.220Z,YVYMAZEH,2026-08-24,2026-08-24,13:16:23,2026-08-24 13:16:23,,,,,,,,6983fa3a644fcca4e5fd8b3b,6983fa3a644fcca4e5fd8b3b,,,,
40888,raw_position_sample,2,2,int,26,3,8,9,79, €1 ,1024,346,4450973.7,6983fa3a644fcca4e5fd8b3b,6983fa3a644fcca4e5fd8b3b,intermediate,3,6983fa3a644fcca4e5fd8b3b,6983fa3a644fcca4e5fd8b3b,spotlight_PROLIFIC,,36,Chile,Spanish,"Spanish, English",,Spanish:70|English:30,100,Spanish:70|English:30,100,Spanish:80|English:20,100,18,6,Bachelor's,10,10,10,6,8,9,7,17,14,16,TOEFL,80,,,,,23,25,C1,intermediate|advanced,intermediate|advanced,cambridge_22_25_intermediate_advanced,4,19,random,,328.263916015625,1022.1181030273438,348.263916015625,1047.1354656219482,6,9,,,,,,,,,,,,2026-08-24T17:16:23.220Z,YVYMAZEH,2026-08-24,2026-08-24,13:16:23,2026-08-24 13:16:23,,,,,,,,6983fa3a644fcca4e5fd8b3b,6983fa3a644fcca4e5fd8b3b,,,,
40938,raw_position_sample,2,2,int,26,3,8,9,79, €1 ,1024,346,4451023.8,6983fa3a644fcca4e5fd8b3b,6983fa3a644fcca4e5fd8b3b,intermediate,3,6983fa3a644fcca4e5fd8b3b,6983fa3a644fcca4e5fd8b3b,spotlight_PROLIFIC,,36,Chile,Spanish,"Spanish, English",,Spanish:70|English:30,100,Spanish:70|English:30,100,Spanish:80|English:20,100,18,6,Bachelor's,10,10,10,6,8,9,7,17,14,16,TOEFL,80,,,,,23,25,C1,intermediate|advanced,intermediate|advanced,cambridge_22_25_intermediate_advanced,4,19,random,,328.263916015625,1022.1181030273438,348.263916015625,1047.1354656219482,6,9,,,,,,,,,,,,2026-08-24T17:16:23.220Z,YVYMAZEH,2026-08-24,2026-08-24,13:16:23,2026-08-24 13:16:23,,,,,,,,6983fa3a644fcca4e5fd8b3b,6983fa3a644fcca4e5fd8b3b,,,,
40991,raw_position_sample,2,2,int,26,3,8,9,79, €1 ,1028,346,4451076.899999999,6983fa3a644fcca4e5fd8b3b,6983fa3a644fcca4e5fd8b3b,intermediate,3,6983fa3a644fcca4e5fd8b3b,6983fa3a644fcca4e5fd8b3b,spotlight_PROLIFIC,,36,Chile,Spanish,"Spanish, English",,Spanish:70|English:30,100,Spanish:70|English:30,100,Spanish:80|English:20,100,18,6,Bachelor's,10,10,10,6,8,9,7,17,14,16,TOEFL,80,,,,,23,25,C1,intermediate|advanced,intermediate|advanced,cambridge_22_25_intermediate_advanced,4,19,random,,328.263916015625,1022.1181030273438,348.263916015625,1047.1354656219482,6,9,,,,,,,,,,,,2026-08-24T17:16:23.220Z,YVYMAZEH,2026-08-24,2026-08-24,13:16:23,2026-08-24 13:16:23,,,,,,,,6983fa3a644fcca4e5fd8b3b,6983fa3a644fcca4e5fd8b3b,,,,
41038,raw_position_sample,2,2,int,26,3,8,9,79, €1 ,1031,344,4451123.7,6983fa3a644fcca4e5fd8b3b,6983fa3a644fcca4e5fd8b3b,intermediate,3,6983fa3a644fcca4e5fd8b3b,6983fa3a644fcca4e5fd8b3b,spotlight_PROLIFIC,,36,Chile,Spanish,"Spanish, English",,Spanish:70|English:30,100,Spanish:70|English:30,100,Spanish:80|English:20,100,18,6,Bachelor's,10,10,10,6,8,9,7,17,14,16,TOEFL,80,,,,,23,25,C1,intermediate|advanced,intermediate|advanced,cambridge_22_25_intermediate_advanced,4,19,random,,328.263916015625,1022.1181030273438,348.263916015625,1047.1354656219482,6,9,,,,,,,,,,,,2026-08-24T17:16:23.220Z,YVYMAZEH,2026-08-24,2026-08-24,13:16:23,2026-08-24 13:16:23,,,,,,,,6983fa3a644fcca4e5fd8b3b,6983fa3a644fcca4e5fd8b3b,,,,
41089,raw_position_sample,2,2,int,26,3,8,9,79, €1 ,1031,344,4451174.000000001,6983fa3a644fcca4e5fd8b3b,6983fa3a644fcca4e5fd8b3b,intermediate,3,6983fa3a644fcca4e5fd8b3b,6983fa3a644fcca4e5fd8b3b,spotlight_PROLIFIC,,36,Chile,Spanish,"Spanish, English",,Spanish:70|English:30,100,Spanish:70|English:30,100,Spanish:80|English:20,100,18,6,Bachelor's,10,10,10,6,8,9,7,17,14,16,TOEFL,80,,,,,23,25,C1,intermediate|advanced,intermediate|advanced,cambridge_22_25_intermediate_advanced,4,19,random,,328.263916015625,1022.1181030273438,348.263916015625,1047.1354656219482,6,9,,,,,,,,,,,,2026-08-24T17:16:23.220Z,YVYMAZEH,2026-08-24,2026-08-24,13:16:23,2026-08-24 13:16:23,,,,,,,,6983fa3a644fcca4e5fd8b3b,6983fa3a644fcca4e5fd8b3b,,,,
41138,raw_position_sample,2,2,int,26,3,8,9,79, €1 ,1031,344,4451223.7,6983fa3a644fcca4e5fd8b3b,6983fa3a644fcca4e5fd8b3b,intermediate,3,6983fa3a644fcca4e5fd8b3b,6983fa3a644fcca4e5fd8b3b,spotlight_PROLIFIC,,36,Chile,Spanish,"Spanish, English",,Spanish:70|English:30,100,Spanish:70|English:30,100,Spanish:80|English:20,100,18,6,Bachelor's,10,10,10,6,8,9,7,17,14,16,TOEFL,80,,,,,23,25,C1,intermediate|advanced,intermediate|advanced,cambridge_22_25_intermediate_advanced,4,19,random,,328.263916015625,1022.1181030273438,348.263916015625,1047.1354656219482,6,9,,,,,,,,,,,,2026-08-24T17:16:23.220Z,YVYMAZEH,2026-08-24,2026-08-24,13:16:23,2026-08-24 13:16:23,,,,,,,,6983fa3a644fcca4e5fd8b3b,6983fa3a644fcca4e5fd8b3b,,,,
41188,raw_position_sample,2,2,int,26,3,8,9,79, €1 ,1031,344,4451273.7,6983fa3a644fcca4e5fd8b3b,6983fa3a644fcca4e5fd8b3b,intermediate,3,6983fa3a644fcca4e5fd8b3b,6983fa3a644fcca4e5fd8b3b,spotlight_PROLIFIC,,36,Chile,Spanish,"Spanish, English",,Spanish:70|English:30,100,Spanish:70|English:30,100,Spanish:80|English:20,100,18,6,Bachelor's,10,10,10,6,8,9,7,17,14,16,TOEFL,80,,,,,23,25,C1,intermediate|advanced,intermediate|advanced,cambridge_22_25_intermediate_advanced,4,19,random,,328.263916015625,1022.1181030273438,348.263916015625,1047.1354656219482,6,9,,,,,,,,,,,,2026-08-24T17:16:23.220Z,YVYMAZEH,2026-08-24,2026-08-24,13:16:23,2026-08-24 13:16:23,,,,,,,,6983fa3a644fcca4e5fd8b3b,6983fa3a644fcca4e5fd8b3b,,,,
41238,raw_position_sample,2,2,int,26,3,8,9,79, €1 ,1031,344,4451323.7,6983fa3a644fcca4e5fd8b3b,6983fa3a644fcca4e5fd8b3b,intermediate,3,6983fa3a644fcca4e5fd8b3b,6983fa3a644fcca4e5fd8b3b,spotlight_PROLIFIC,,36,Chile,Spanish,"Spanish, English",,Spanish:70|English:30,100,Spanish:70|English:30,100,Spanish:80|English:20,100,18,6,Bachelor's,10,10,10,6,8,9,7,17,14,16,TOEFL,80,,,,,23,25,C1,intermediate|advanced,intermediate|advanced,cambridge_22_25_intermediate_advanced,4,19,random,,328.263916015625,1022.1181030273438,348.263916015625,1047.1354656219482,6,9,,,,,,,,,,,,2026-08-24T17:16:23.220Z,YVYMAZEH,2026-08-24,2026-08-24,13:16:23,2026-08-24 13:16:23,,,,,,,,6983fa3a644fcca4e5fd8b3b,6983fa3a644fcca4e5fd8b3b,,,,
41288,raw_position_sample,2,2,int,26,3,8,9,79, €1 ,1032,344,4451373.7,6983fa3a644fcca4e5fd8b3b,6983fa3a644fcca4e5fd8b3b,intermediate,3,6983fa3a644fcca4e5fd8b3b,6983fa3a644fcca4e5fd8b3b,spotlight_PROLIFIC,,36,Chile,Spanish,"Spanish, English",,Spanish:70|English:30,100,Spanish:70|English:30,100,Spanish:80|English:20,100,18,6,Bachelor's,10,10,10,6,8,9,7,17,14,16,TOEFL,80,,,,,23,25,C1,intermediate|advanced,intermediate|advanced,cambridge_22_25_intermediate_advanced,4,19,random,,328.263916015625,1022.1181030273438,348.263916015625,1047.1354656219482,6,9,,,,,,,,,,,,2026-08-24T17:16:23.220Z,YVYMAZEH,2026-08-24,2026-08-24,13:16:23,2026-08-24 13:16:23,,,,,,,,6983fa3a644fcca4e5fd8b3b,6983fa3a644fcca4e5fd8b3b,,,,
41338,raw_position_sample,2,2,int,26,3,8,9,79, €1 ,1032,344,4451423.7,6983fa3a644fcca4e5fd8b3b,6983fa3a644fcca4e5fd8b3b,intermediate,3,6983fa3a644fcca4e5fd8b3b,6983fa3a644fcca4e5fd8b3b,spotlight_PROLIFIC,,36,Chile,Spanish,"Spanish, English",,Spanish:70|English:30,100,Spanish:70|English:30,100,Spanish:80|English:20,100,18,6,Bachelor's,10,10,10,6,8,9,7,17,14,16,TOEFL,80,,,,,23,25,C1,intermediate|advanced,intermediate|advanced,cambridge_22_25_intermediate_advanced,4,19,random,,328.263916015625,1022.1181030273438,348.263916015625,1047.1354656219482,6,9,,,,,,,,,,,,2026-08-24T17:16:23.220Z,YVYMAZEH,2026-08-24,2026-08-24,13:16:23,2026-08-24 13:16:23,,,,,,,,6983fa3a644fcca4e5fd8b3b,6983fa3a644fcca4e5fd8b3b,,,,
41388,raw_position_sample,2,2,int,26,3,8,9,79, €1 ,1034,344,4451473.7,6983fa3a644fcca4e5fd8b3b,6983fa3a644fcca4e5fd8b3b,intermediate,3,6983fa3a644fcca4e5fd8b3b,6983fa3a644fcca4e5fd8b3b,spotlight_PROLIFIC,,36,Chile,Spanish,"Spanish, English",,Spanish:70|English:30,100,Spanish:70|English:30,100,Spanish:80|English:20,100,18,6,Bachelor's,10,10,10,6,8,9,7,17,14,16,TOEFL,80,,,,,23,25,C1,intermediate|advanced,intermediate|advanced,cambridge_22_25_intermediate_advanced,4,19,random,,328.263916015625,1022.1181030273438,348.263916015625,1047.1354656219482,6,9,,,,,,,,,,,,2026-08-24T17:16:23.220Z,YVYMAZEH,2026-08-24,2026-08-24,13:16:23,2026-08-24 13:16:23,,,,,,,,6983fa3a644fcca4e5fd8b3b,6983fa3a644fcca4e5fd8b3b,,,,
41438,raw_position_sample,2,2,int,26,3,8,9,79, €1 ,1038,344,4451523.600000001,6983fa3a644fcca4e5fd8b3b,6983fa3a644fcca4e5fd8b3b,intermediate,3,6983fa3a644fcca4e5fd8b3b,6983fa3a644fcca4e5fd8b3b,spotlight_PROLIFIC,,36,Chile,Spanish,"Spanish, English",,Spanish:70|English:30,100,Spanish:70|English:30,100,Spanish:80|English:20,100,18,6,Bachelor's,10,10,10,6,8,9,7,17,14,16,TOEFL,80,,,,,23,25,C1,intermediate|advanced,intermediate|advanced,cambridge_22_25_intermediate_advanced,4,19,random,,328.263916015625,1022.1181030273438,348.263916015625,1047.1354656219482,6,9,,,,,,,,,,,,2026-08-24T17:16:23.220Z,YVYMAZEH,2026-08-24,2026-08-24,13:16:23,2026-08-24 13:16:23,,,,,,,,6983fa3a644fcca4e5fd8b3b,6983fa3a644fcca4e5fd8b3b,,,,
41488,raw_position_sample,2,2,int,26,3,8,9,79, €1 ,1041,344,4451573.7,6983fa3a644fcca4e5fd8b3b,6983fa3a644fcca4e5fd8b3b,intermediate,3,6983fa3a644fcca4e5fd8b3b,6983fa3a644fcca4e5fd8b3b,spotlight_PROLIFIC,,36,Chile,Spanish,"Spanish, English",,Spanish:70|English:30,100,Spanish:70|English:30,100,Spanish:80|English:20,100,18,6,Bachelor's,10,10,10,6,8,9,7,17,14,16,TOEFL,80,,,,,23,25,C1,intermediate|advanced,intermediate|advanced,cambridge_22_25_intermediate_advanced,4,19,random,,328.263916015625,1022.1181030273438,348.263916015625,1047.1354656219482,6,9,,,,,,,,,,,,2026-08-24T17:16:23.220Z,YVYMAZEH,2026-08-24,2026-08-24,13:16:23,2026-08-24 13:16:23,,,,,,,,6983fa3a644fcca4e5fd8b3b,6983fa3a644fcca4e5fd8b3b,,,,
41538,raw_position_sample,2,2,int,26,3,8,9,79, €1 ,1041,344,4451623.600000001,6983fa3a644fcca4e5fd8b3b,6983fa3a644fcca4e5fd8b3b,intermediate,3,6983fa3a644fcca4e5fd8b3b,6983fa3a644fcca4e5fd8b3b,spotlight_PROLIFIC,,36,Chile,Spanish,"Spanish, English",,Spanish:70|English:30,100,Spanish:70|English:30,100,Spanish:80|English:20,100,18,6,Bachelor's,10,10,10,6,8,9,7,17,14,16,TOEFL,80,,,,,23,25,C1,intermediate|advanced,intermediate|advanced,cambridge_22_25_intermediate_advanced,4,19,random,,328.263916015625,1022.1181030273438,348.263916015625,1047.1354656219482,6,9,,,,,,,,,,,,2026-08-24T17:16:23.220Z,YVYMAZEH,2026-08-24,2026-08-24,13:16:23,2026-08-24 13:16:23,,,,,,,,6983fa3a644fcca4e5fd8b3b,6983fa3a644fcca4e5fd8b3b,,,,
41588,raw_position_sample,2,2,int,26,3,8,9,79, €1 ,1042,344,4451673.8,6983fa3a644fcca4e5fd8b3b,6983fa3a644fcca4e5fd8b3b,intermediate,3,6983fa3a644fcca4e5fd8b3b,6983fa3a644fcca4e5fd8b3b,spotlight_PROLIFIC,,36,Chile,Spanish,"Spanish, English",,Spanish:70|English:30,100,Spanish:70|English:30,100,Spanish:80|English:20,100,18,6,Bachelor's,10,10,10,6,8,9,7,17,14,16,TOEFL,80,,,,,23,25,C1,intermediate|advanced,intermediate|advanced,cambridge_22_25_intermediate_advanced,4,19,random,,328.263916015625,1022.1181030273438,348.263916015625,1047.1354656219482,6,9,,,,,,,,,,,,2026-08-24T17:16:23.220Z,YVYMAZEH,2026-08-24,2026-08-24,13:16:23,2026-08-24 13:16:23,,,,,,,,6983fa3a644fcca4e5fd8b3b,6983fa3a644fcca4e5fd8b3b,,,,
41638,raw_position_sample,2,2,int,26,3,8,9,79, €1 ,1042,344,4451723.7,6983fa3a644fcca4e5fd8b3b,6983fa3a644fcca4e5fd8b3b,intermediate,3,6983fa3a644fcca4e5fd8b3b,6983fa3a644fcca4e5fd8b3b,spotlight_PROLIFIC,,36,Chile,Spanish,"Spanish, English",,Spanish:70|English:30,100,Spanish:70|English:30,100,Spanish:80|English:20,100,18,6,Bachelor's,10,10,10,6,8,9,7,17,14,16,TOEFL,80,,,,,23,25,C1,intermediate|advanced,intermediate|advanced,cambridge_22_25_intermediate_advanced,4,19,random,,328.263916015625,1022.1181030273438,348.263916015625,1047.1354656219482,6,9,,,,,,,,,,,,2026-08-24T17:16:23.220Z,YVYMAZEH,2026-08-24,2026-08-24,13:16:23,2026-08-24 13:16:23,,,,,,,,6983fa3a644fcca4e5fd8b3b,6983fa3a644fcca4e5fd8b3b,,,,
41688,raw_position_sample,2,2,int,26,3,8,9,79, €1 ,1042,344,4451773.8,6983fa3a644fcca4e5fd8b3b,6983fa3a644fcca4e5fd8b3b,intermediate,3,6983fa3a644fcca4e5fd8b3b,6983fa3a644fcca4e5fd8b3b,spotlight_PROLIFIC,,36,Chile,Spanish,"Spanish, English",,Spanish:70|English:30,100,Spanish:70|English:30,100,Spanish:80|English:20,100,18,6,Bachelor's,10,10,10,6,8,9,7,17,14,16,TOEFL,80,,,,,23,25,C1,intermediate|advanced,intermediate|advanced,cambridge_22_25_intermediate_advanced,4,19,random,,328.263916015625,1022.1181030273438,348.263916015625,1047.1354656219482,6,9,,,,,,,,,,,,2026-08-24T17:16:23.220Z,YVYMAZEH,2026-08-24,2026-08-24,13:16:23,2026-08-24 13:16:23,,,,,,,,6983fa3a644fcca4e5fd8b3b,6983fa3a644fcca4e5fd8b3b,,,,
41738,raw_position_sample,2,2,int,26,3,8,9,79, €1 ,1042,344,4451823.7,6983fa3a644fcca4e5fd8b3b,6983fa3a644fcca4e5fd8b3b,intermediate,3,6983fa3a644fcca4e5fd8b3b,6983fa3a644fcca4e5fd8b3b,spotlight_PROLIFIC,,36,Chile,Spanish,"Spanish, English",,Spanish:70|English:30,100,Spanish:70|English:30,100,Spanish:80|English:20,100,18,6,Bachelor's,10,10,10,6,8,9,7,17,14,16,TOEFL,80,,,,,23,25,C1,intermediate|advanced,intermediate|advanced,cambridge_22_25_intermediate_advanced,4,19,random,,328.263916015625,1022.1181030273438,348.263916015625,1047.1354656219482,6,9,,,,,,,,,,,,2026-08-24T17:16:23.220Z,YVYMAZEH,2026-08-24,2026-08-24,13:16:23,2026-08-24 13:16:23,,,,,,,,6983fa3a644fcca4e5fd8b3b,6983fa3a644fcca4e5fd8b3b,,,,
41789,raw_position_sample,2,2,int,26,3,8,9,79, €1 ,1042,342,4451874.100000001,6983fa3a644fcca4e5fd8b3b,6983fa3a644fcca4e5fd8b3b,intermediate,3,6983fa3a644fcca4e5fd8b3b,6983fa3a644fcca4e5fd8b3b,spotlight_PROLIFIC,,36,Chile,Spanish,"Spanish, English",,Spanish:70|English:30,100,Spanish:70|English:30,100,Spanish:80|English:20,100,18,6,Bachelor's,10,10,10,6,8,9,7,17,14,16,TOEFL,80,,,,,23,25,C1,intermediate|advanced,intermediate|advanced,cambridge_22_25_intermediate_advanced,4,19,random,,328.263916015625,1022.1181030273438,348.263916015625,1047.1354656219482,6,9,,,,,,,,,,,,2026-08-24T17:16:23.220Z,YVYMAZEH,2026-08-24,2026-08-24,13:16:23,2026-08-24 13:16:23,,,,,,,,6983fa3a644fcca4e5fd8b3b,6983fa3a644fcca4e5fd8b3b,,,,
41839,raw_position_sample,2,2,int,26,3,8,9,79, €1 ,1042,342,4451924.100000001,6983fa3a644fcca4e5fd8b3b,6983fa3a644fcca4e5fd8b3b,intermediate,3,6983fa3a644fcca4e5fd8b3b,6983fa3a644fcca4e5fd8b3b,spotlight_PROLIFIC,,36,Chile,Spanish,"Spanish, English",,Spanish:70|English:30,100,Spanish:70|English:30,100,Spanish:80|English:20,100,18,6,Bachelor's,10,10,10,6,8,9,7,17,14,16,TOEFL,80,,,,,23,25,C1,intermediate|advanced,intermediate|advanced,cambridge_22_25_intermediate_advanced,4,19,random,,328.263916015625,1022.1181030273438,348.263916015625,1047.1354656219482,6,9,,,,,,,,,,,,2026-08-24T17:16:23.220Z,YVYMAZEH,2026-08-24,2026-08-24,13:16:23,2026-08-24 13:16:23,,,,,,,,6983fa3a644fcca4e5fd8b3b,6983fa3a644fcca4e5fd8b3b,,,,
41888,raw_position_sample,2,2,int,26,3,8,9,79, €1 ,1042,342,4451973.899999999,6983fa3a644fcca4e5fd8b3b,6983fa3a644fcca4e5fd8b3b,intermediate,3,6983fa3a644fcca4e5fd8b3b,6983fa3a644fcca4e5fd8b3b,spotlight_PROLIFIC,,36,Chile,Spanish,"Spanish, English",,Spanish:70|English:30,100,Spanish:70|English:30,100,Spanish:80|English:20,100,18,6,Bachelor's,10,10,10,6,8,9,7,17,14,16,TOEFL,80,,,,,23,25,C1,intermediate|advanced,intermediate|advanced,cambridge_22_25_intermediate_advanced,4,19,random,,328.263916015625,1022.1181030273438,348.263916015625,1047.1354656219482,6,9,,,,,,,,,,,,2026-08-24T17:16:23.220Z,YVYMAZEH,2026-08-24,2026-08-24,13:16:23,2026-08-24 13:16:23,,,,,,,,6983fa3a644fcca4e5fd8b3b,6983fa3a644fcca4e5fd8b3b,,,,
41939,raw_position_sample,2,2,int,26,3,8,9,79, €1 ,1042,342,4452024.2,6983fa3a644fcca4e5fd8b3b,6983fa3a644fcca4e5fd8b3b,intermediate,3,6983fa3a644fcca4e5fd8b3b,6983fa3a644fcca4e5fd8b3b,spotlight_PROLIFIC,,36,Chile,Spanish,"Spanish, English",,Spanish:70|English:30,100,Spanish:70|English:30,100,Spanish:80|English:20,100,18,6,Bachelor's,10,10,10,6,8,9,7,17,14,16,TOEFL,80,,,,,23,25,C1,intermediate|advanced,intermediate|advanced,cambridge_22_25_intermediate_advanced,4,19,random,,328.263916015625,1022.1181030273438,348.263916015625,1047.1354656219482,6,9,,,,,,,,,,,,2026-08-24T17:16:23.220Z,YVYMAZEH,2026-08-24,2026-08-24,13:16:23,2026-08-24 13:16:23,,,,,,,,6983fa3a644fcca4e5fd8b3b,6983fa3a644fcca4e5fd8b3b,,,,
41988,raw_position_sample,2,2,int,26,3,8,9,79, €1 ,1042,342,4452073.899999999,6983fa3a644fcca4e5fd8b3b,6983fa3a644fcca4e5fd8b3b,intermediate,3,6983fa3a644fcca4e5fd8b3b,6983fa3a644fcca4e5fd8b3b,spotlight_PROLIFIC,,36,Chile,Spanish,"Spanish, English",,Spanish:70|English:30,100,Spanish:70|English:30,100,Spanish:80|English:20,100,18,6,Bachelor's,10,10,10,6,8,9,7,17,14,16,TOEFL,80,,,,,23,25,C1,intermediate|advanced,intermediate|advanced,cambridge_22_25_intermediate_advanced,4,19,random,,328.263916015625,1022.1181030273438,348.263916015625,1047.1354656219482,6,9,,,,,,,,,,,,2026-08-24T17:16:23.220Z,YVYMAZEH,2026-08-24,2026-08-24,13:16:23,2026-08-24 13:16:23,,,,,,,,6983fa3a644fcca4e5fd8b3b,6983fa3a644fcca4e5fd8b3b,,,,
42038,raw_position_sample,2,2,int,26,3,8,9,79, €1 ,1042,342,4452123.7,6983fa3a644fcca4e5fd8b3b,6983fa3a644fcca4e5fd8b3b,intermediate,3,6983fa3a644fcca4e5fd8b3b,6983fa3a644fcca4e5fd8b3b,spotlight_PROLIFIC,,36,Chile,Spanish,"Spanish, English",,Spanish:70|English:30,100,Spanish:70|English:30,100,Spanish:80|English:20,100,18,6,Bachelor's,10,10,10,6,8,9,7,17,14,16,TOEFL,80,,,,,23,25,C1,intermediate|advanced,intermediate|advanced,cambridge_22_25_intermediate_advanced,4,19,random,,328.263916015625,1022.1181030273438,348.263916015625,1047.1354656219482,6,9,,,,,,,,,,,,2026-08-24T17:16:23.220Z,YVYMAZEH,2026-08-24,2026-08-24,13:16:23,2026-08-24 13:16:23,,,,,,,,6983fa3a644fcca4e5fd8b3b,6983fa3a644fcca4e5fd8b3b,,,,
42088,raw_position_sample,2,2,int,26,3,8,9,79, €1 ,1042,342,4452173.899999999,6983fa3a644fcca4e5fd8b3b,6983fa3a644fcca4e5fd8b3b,intermediate,3,6983fa3a644fcca4e5fd8b3b,6983fa3a644fcca4e5fd8b3b,spotlight_PROLIFIC,,36,Chile,Spanish,"Spanish, English",,Spanish:70|English:30,100,Spanish:70|English:30,100,Spanish:80|English:20,100,18,6,Bachelor's,10,10,10,6,8,9,7,17,14,16,TOEFL,80,,,,,23,25,C1,intermediate|advanced,intermediate|advanced,cambridge_22_25_intermediate_advanced,4,19,random,,328.263916015625,1022.1181030273438,348.263916015625,1047.1354656219482,6,9,,,,,,,,,,,,2026-08-24T17:16:23.220Z,YVYMAZEH,2026-08-24,2026-08-24,13:16:23,2026-08-24 13:16:23,,,,,,,,6983fa3a644fcca4e5fd8b3b,6983fa3a644fcca4e5fd8b3b,,,,
42138,raw_position_sample,2,2,int,26,3,8,9,79, €1 ,1042,342,4452223.600000001,6983fa3a644fcca4e5fd8b3b,6983fa3a644fcca4e5fd8b3b,intermediate,3,6983fa3a644fcca4e5fd8b3b,6983fa3a644fcca4e5fd8b3b,spotlight_PROLIFIC,,36,Chile,Spanish,"Spanish, English",,Spanish:70|English:30,100,Spanish:70|English:30,100,Spanish:80|English:20,100,18,6,Bachelor's,10,10,10,6,8,9,7,17,14,16,TOEFL,80,,,,,23,25,C1,intermediate|advanced,intermediate|advanced,cambridge_22_25_intermediate_advanced,4,19,random,,328.263916015625,1022.1181030273438,348.263916015625,1047.1354656219482,6,9,,,,,,,,,,,,2026-08-24T17:16:23.220Z,YVYMAZEH,2026-08-24,2026-08-24,13:16:23,2026-08-24 13:16:23,,,,,,,,6983fa3a644fcca4e5fd8b3b,6983fa3a644fcca4e5fd8b3b,,,,
42191,raw_position_sample,2,2,int,26,3,8,9,79, €1 ,1045,342,4452276.7,6983fa3a644fcca4e5fd8b3b,6983fa3a644fcca4e5fd8b3b,intermediate,3,6983fa3a644fcca4e5fd8b3b,6983fa3a644fcca4e5fd8b3b,spotlight_PROLIFIC,,36,Chile,Spanish,"Spanish, English",,Spanish:70|English:30,100,Spanish:70|English:30,100,Spanish:80|English:20,100,18,6,Bachelor's,10,10,10,6,8,9,7,17,14,16,TOEFL,80,,,,,23,25,C1,intermediate|advanced,intermediate|advanced,cambridge_22_25_intermediate_advanced,4,19,random,,328.263916015625,1022.1181030273438,348.263916015625,1047.1354656219482,6,9,,,,,,,,,,,,2026-08-24T17:16:23.220Z,YVYMAZEH,2026-08-24,2026-08-24,13:16:23,2026-08-24 13:16:23,,,,,,,,6983fa3a644fcca4e5fd8b3b,6983fa3a644fcca4e5fd8b3b,,,,
42213,hover_association,2,2,int,26,3,8,9,79, €1 ,1023,346,,6983fa3a644fcca4e5fd8b3b,6983fa3a644fcca4e5fd8b3b,intermediate,3,6983fa3a644fcca4e5fd8b3b,6983fa3a644fcca4e5fd8b3b,spotlight_PROLIFIC,,36,Chile,Spanish,"Spanish, English",,Spanish:70|English:30,100,Spanish:70|English:30,100,Spanish:80|English:20,100,18,6,Bachelor's,10,10,10,6,8,9,7,17,14,16,TOEFL,80,,,,,23,25,C1,intermediate|advanced,intermediate|advanced,cambridge_22_25_intermediate_advanced,4,19,random,,318.263916015625,1022.1180934906006,358.263916015625,1047.1354818344116,6,9,hover,1739.699999999255,1739.699999999255,0.9945844932912377,0.593402099609375,81,,,,,,2026-08-24T17:16:23.220Z,YVYMAZEH,2026-08-24,2026-08-24,13:16:23,2026-08-24 13:16:23,,,,,,,,6983fa3a644fcca4e5fd8b3b,6983fa3a644fcca4e5fd8b3b,,,,
42238,raw_position_sample,2,2,int,26,3,8,9,80, per ,1051,342,4452323.600000001,6983fa3a644fcca4e5fd8b3b,6983fa3a644fcca4e5fd8b3b,intermediate,3,6983fa3a644fcca4e5fd8b3b,6983fa3a644fcca4e5fd8b3b,spotlight_PROLIFIC,,36,Chile,Spanish,"Spanish, English",,Spanish:70|English:30,100,Spanish:70|English:30,100,Spanish:80|English:20,100,18,6,Bachelor's,10,10,10,6,8,9,7,17,14,16,TOEFL,80,,,,,23,25,C1,intermediate|advanced,intermediate|advanced,cambridge_22_25_intermediate_advanced,4,19,random,,328.263916015625,1047.135498046875,348.263916015625,1078.1424446105957,6,10,,,,,,,,,,,,2026-08-24T17:16:23.220Z,YVYMAZEH,2026-08-24,2026-08-24,13:16:23,2026-08-24 13:16:23,,,,,,,,6983fa3a644fcca4e5fd8b3b,6983fa3a644fcca4e5fd8b3b,,,,
42288,raw_position_sample,2,2,int,26,3,8,9,80, per ,1053,342,4452373.7,6983fa3a644fcca4e5fd8b3b,6983fa3a644fcca4e5fd8b3b,intermediate,3,6983fa3a644fcca4e5fd8b3b,6983fa3a644fcca4e5fd8b3b,spotlight_PROLIFIC,,36,Chile,Spanish,"Spanish, English",,Spanish:70|English:30,100,Spanish:70|English:30,100,Spanish:80|English:20,100,18,6,Bachelor's,10,10,10,6,8,9,7,17,14,16,TOEFL,80,,,,,23,25,C1,intermediate|advanced,intermediate|advanced,cambridge_22_25_intermediate_advanced,4,19,random,,328.263916015625,1047.135498046875,348.263916015625,1078.1424446105957,6,10,,,,,,,,,,,,2026-08-24T17:16:23.220Z,YVYMAZEH,2026-08-24,2026-08-24,13:16:23,2026-08-24 13:16:23,,,,,,,,6983fa3a644fcca4e5fd8b3b,6983fa3a644fcca4e5fd8b3b,,,,
42338,raw_position_sample,2,2,int,26,3,8,9,80, per ,1055,342,4452423.7,6983fa3a644fcca4e5fd8b3b,6983fa3a644fcca4e5fd8b3b,intermediate,3,6983fa3a644fcca4e5fd8b3b,6983fa3a644fcca4e5fd8b3b,spotlight_PROLIFIC,,36,Chile,Spanish,"Spanish, English",,Spanish:70|English:30,100,Spanish:70|English:30,100,Spanish:80|English:20,100,18,6,Bachelor's,10,10,10,6,8,9,7,17,14,16,TOEFL,80,,,,,23,25,C1,intermediate|advanced,intermediate|advanced,cambridge_22_25_intermediate_advanced,4,19,random,,328.263916015625,1047.135498046875,348.263916015625,1078.1424446105957,6,10,,,,,,,,,,,,2026-08-24T17:16:23.220Z,YVYMAZEH,2026-08-24,2026-08-24,13:16:23,2026-08-24 13:16:23,,,,,,,,6983fa3a644fcca4e5fd8b3b,6983fa3a644fcca4e5fd8b3b,,,,
42388,raw_position_sample,2,2,int,26,3,8,9,80, per ,1055,342,4452473.7,6983fa3a644fcca4e5fd8b3b,6983fa3a644fcca4e5fd8b3b,intermediate,3,6983fa3a644fcca4e5fd8b3b,6983fa3a644fcca4e5fd8b3b,spotlight_PROLIFIC,,36,Chile,Spanish,"Spanish, English",,Spanish:70|English:30,100,Spanish:70|English:30,100,Spanish:80|English:20,100,18,6,Bachelor's,10,10,10,6,8,9,7,17,14,16,TOEFL,80,,,,,23,25,C1,intermediate|advanced,intermediate|advanced,cambridge_22_25_intermediate_advanced,4,19,random,,328.263916015625,1047.135498046875,348.263916015625,1078.1424446105957,6,10,,,,,,,,,,,,2026-08-24T17:16:23.220Z,YVYMAZEH,2026-08-24,2026-08-24,13:16:23,2026-08-24 13:16:23,,,,,,,,6983fa3a644fcca4e5fd8b3b,6983fa3a644fcca4e5fd8b3b,,,,
42438,raw_position_sample,2,2,int,26,3,8,9,80, per ,1056,342,4452523.7,6983fa3a644fcca4e5fd8b3b,6983fa3a644fcca4e5fd8b3b,intermediate,3,6983fa3a644fcca4e5fd8b3b,6983fa3a644fcca4e5fd8b3b,spotlight_PROLIFIC,,36,Chile,Spanish,"Spanish, English",,Spanish:70|English:30,100,Spanish:70|English:30,100,Spanish:80|English:20,100,18,6,Bachelor's,10,10,10,6,8,9,7,17,14,16,TOEFL,80,,,,,23,25,C1,intermediate|advanced,intermediate|advanced,cambridge_22_25_intermediate_advanced,4,19,random,,328.263916015625,1047.135498046875,348.263916015625,1078.1424446105957,6,10,,,,,,,,,,,,2026-08-24T17:16:23.220Z,YVYMAZEH,2026-08-24,2026-08-24,13:16:23,2026-08-24 13:16:23,,,,,,,,6983fa3a644fcca4e5fd8b3b,6983fa3a644fcca4e5fd8b3b,,,,
42490,raw_position_sample,2,2,int,26,3,8,9,80, per ,1058,342,4452575.7,6983fa3a644fcca4e5fd8b3b,6983fa3a644fcca4e5fd8b3b,intermediate,3,6983fa3a644fcca4e5fd8b3b,6983fa3a644fcca4e5fd8b3b,spotlight_PROLIFIC,,36,Chile,Spanish,"Spanish, English",,Spanish:70|English:30,100,Spanish:70|English:30,100,Spanish:80|English:20,100,18,6,Bachelor's,10,10,10,6,8,9,7,17,14,16,TOEFL,80,,,,,23,25,C1,intermediate|advanced,intermediate|advanced,cambridge_22_25_intermediate_advanced,4,19,random,,328.263916015625,1047.135498046875,348.263916015625,1078.1424446105957,6,10,,,,,,,,,,,,2026-08-24T17:16:23.220Z,YVYMAZEH,2026-08-24,2026-08-24,13:16:23,2026-08-24 13:16:23,,,,,,,,6983fa3a644fcca4e5fd8b3b,6983fa3a644fcca4e5fd8b3b,,,,
42538,raw_position_sample,2,2,int,26,3,8,9,80, per ,1064,342,4452623.600000001,6983fa3a644fcca4e5fd8b3b,6983fa3a644fcca4e5fd8b3b,intermediate,3,6983fa3a644fcca4e5fd8b3b,6983fa3a644fcca4e5fd8b3b,spotlight_PROLIFIC,,36,Chile,Spanish,"Spanish, English",,Spanish:70|English:30,100,Spanish:70|English:30,100,Spanish:80|English:20,100,18,6,Bachelor's,10,10,10,6,8,9,7,17,14,16,TOEFL,80,,,,,23,25,C1,intermediate|advanced,intermediate|advanced,cambridge_22_25_intermediate_advanced,4,19,random,,328.263916015625,1047.135498046875,348.263916015625,1078.1424446105957,6,10,,,,,,,,,,,,2026-08-24T17:16:23.220Z,YVYMAZEH,2026-08-24,2026-08-24,13:16:23,2026-08-24 13:16:23,,,,,,,,6983fa3a644fcca4e5fd8b3b,6983fa3a644fcca4e5fd8b3b,,,,
42588,raw_position_sample,2,2,int,26,3,8,9,80, per ,1071,342,4452673.899999999,6983fa3a644fcca4e5fd8b3b,6983fa3a644fcca4e5fd8b3b,intermediate,3,6983fa3a644fcca4e5fd8b3b,6983fa3a644fcca4e5fd8b3b,spotlight_PROLIFIC,,36,Chile,Spanish,"Spanish, English",,Spanish:70|English:30,100,Spanish:70|English:30,100,Spanish:80|English:20,100,18,6,Bachelor's,10,10,10,6,8,9,7,17,14,16,TOEFL,80,,,,,23,25,C1,intermediate|advanced,intermediate|advanced,cambridge_22_25_intermediate_advanced,4,19,random,,328.263916015625,1047.135498046875,348.263916015625,1078.1424446105957,6,10,,,,,,,,,,,,2026-08-24T17:16:23.220Z,YVYMAZEH,2026-08-24,2026-08-24,13:16:23,2026-08-24 13:16:23,,,,,,,,6983fa3a644fcca4e5fd8b3b,6983fa3a644fcca4e5fd8b3b,,,,
42640,raw_position_sample,2,2,int,26,3,8,9,80, per ,1077,344,4452725.899999999,6983fa3a644fcca4e5fd8b3b,6983fa3a644fcca4e5fd8b3b,intermediate,3,6983fa3a644fcca4e5fd8b3b,6983fa3a644fcca4e5fd8b3b,spotlight_PROLIFIC,,36,Chile,Spanish,"Spanish, English",,Spanish:70|English:30,100,Spanish:70|English:30,100,Spanish:80|English:20,100,18,6,Bachelor's,10,10,10,6,8,9,7,17,14,16,TOEFL,80,,,,,23,25,C1,intermediate|advanced,intermediate|advanced,cambridge_22_25_intermediate_advanced,4,19,random,,328.263916015625,1047.135498046875,348.263916015625,1078.1424446105957,6,10,,,,,,,,,,,,2026-08-24T17:16:23.220Z,YVYMAZEH,2026-08-24,2026-08-24,13:16:23,2026-08-24 13:16:23,,,,,,,,6983fa3a644fcca4e5fd8b3b,6983fa3a644fcca4e5fd8b3b,,,,
42665,hover_association,2,2,int,26,3,8,9,80, per ,1050,342,,6983fa3a644fcca4e5fd8b3b,6983fa3a644fcca4e5fd8b3b,intermediate,3,6983fa3a644fcca4e5fd8b3b,6983fa3a644fcca4e5fd8b3b,spotlight_PROLIFIC,,36,Chile,Spanish,"Spanish, English",,Spanish:70|English:30,100,Spanish:70|English:30,100,Spanish:80|English:20,100,18,6,Bachelor's,10,10,10,6,8,9,7,17,14,16,TOEFL,80,,,,,23,25,C1,intermediate|advanced,intermediate|advanced,cambridge_22_25_intermediate_advanced,4,19,random,,318.263916015625,1047.1354818344116,358.263916015625,1078.1424503326416,6,10,hover,452,452,0.9954058606970967,0.643402099609375,81,,,,,,2026-08-24T17:16:23.220Z,YVYMAZEH,2026-08-24,2026-08-24,13:16:23,2026-08-24 13:16:23,,,,,,,,6983fa3a644fcca4e5fd8b3b,6983fa3a644fcca4e5fd8b3b,,,,
42689,raw_position_sample,2,2,int,26,3,8,9,81, trip.” ,1082,344,4452774.000000001,6983fa3a644fcca4e5fd8b3b,6983fa3a644fcca4e5fd8b3b,intermediate,3,6983fa3a644fcca4e5fd8b3b,6983fa3a644fcca4e5fd8b3b,spotlight_PROLIFIC,,36,Chile,Spanish,"Spanish, English",,Spanish:70|English:30,100,Spanish:70|English:30,100,Spanish:80|English:20,100,18,6,Bachelor's,10,10,10,6,8,9,7,17,14,16,TOEFL,80,,,,,23,25,C1,intermediate|advanced,intermediate|advanced,cambridge_22_25_intermediate_advanced,4,19,random,,328.263916015625,1078.1424560546875,348.263916015625,1114.1146812438965,6,11,,,,,,,,,,,,2026-08-24T17:16:23.220Z,YVYMAZEH,2026-08-24,2026-08-24,13:16:23,2026-08-24 13:16:23,,,,,,,,6983fa3a644fcca4e5fd8b3b,6983fa3a644fcca4e5fd8b3b,,,,
42738,raw_position_sample,2,2,int,26,3,8,9,81, trip.” ,1085,344,4452823.600000001,6983fa3a644fcca4e5fd8b3b,6983fa3a644fcca4e5fd8b3b,intermediate,3,6983fa3a644fcca4e5fd8b3b,6983fa3a644fcca4e5fd8b3b,spotlight_PROLIFIC,,36,Chile,Spanish,"Spanish, English",,Spanish:70|English:30,100,Spanish:70|English:30,100,Spanish:80|English:20,100,18,6,Bachelor's,10,10,10,6,8,9,7,17,14,16,TOEFL,80,,,,,23,25,C1,intermediate|advanced,intermediate|advanced,cambridge_22_25_intermediate_advanced,4,19,random,,328.263916015625,1078.1424560546875,348.263916015625,1114.1146812438965,6,11,,,,,,,,,,,,2026-08-24T17:16:23.220Z,YVYMAZEH,2026-08-24,2026-08-24,13:16:23,2026-08-24 13:16:23,,,,,,,,6983fa3a644fcca4e5fd8b3b,6983fa3a644fcca4e5fd8b3b,,,,
42788,raw_position_sample,2,2,int,26,3,8,9,81, trip.” ,1088,344,4452873.7,6983fa3a644fcca4e5fd8b3b,6983fa3a644fcca4e5fd8b3b,intermediate,3,6983fa3a644fcca4e5fd8b3b,6983fa3a644fcca4e5fd8b3b,spotlight_PROLIFIC,,36,Chile,Spanish,"Spanish, English",,Spanish:70|English:30,100,Spanish:70|English:30,100,Spanish:80|English:20,100,18,6,Bachelor's,10,10,10,6,8,9,7,17,14,16,TOEFL,80,,,,,23,25,C1,intermediate|advanced,intermediate|advanced,cambridge_22_25_intermediate_advanced,4,19,random,,328.263916015625,1078.1424560546875,348.263916015625,1114.1146812438965,6,11,,,,,,,,,,,,2026-08-24T17:16:23.220Z,YVYMAZEH,2026-08-24,2026-08-24,13:16:23,2026-08-24 13:16:23,,,,,,,,6983fa3a644fcca4e5fd8b3b,6983fa3a644fcca4e5fd8b3b,,,,
42839,raw_position_sample,2,2,int,26,3,8,9,81, trip.” ,1088,344,4452924.7,6983fa3a644fcca4e5fd8b3b,6983fa3a644fcca4e5fd8b3b,intermediate,3,6983fa3a644fcca4e5fd8b3b,6983fa3a644fcca4e5fd8b3b,spotlight_PROLIFIC,,36,Chile,Spanish,"Spanish, English",,Spanish:70|English:30,100,Spanish:70|English:30,100,Spanish:80|English:20,100,18,6,Bachelor's,10,10,10,6,8,9,7,17,14,16,TOEFL,80,,,,,23,25,C1,intermediate|advanced,intermediate|advanced,cambridge_22_25_intermediate_advanced,4,19,random,,328.263916015625,1078.1424560546875,348.263916015625,1114.1146812438965,6,11,,,,,,,,,,,,2026-08-24T17:16:23.220Z,YVYMAZEH,2026-08-24,2026-08-24,13:16:23,2026-08-24 13:16:23,,,,,,,,6983fa3a644fcca4e5fd8b3b,6983fa3a644fcca4e5fd8b3b,,,,
42888,raw_position_sample,2,2,int,26,3,8,9,81, trip.” ,1090,344,4452973.7,6983fa3a644fcca4e5fd8b3b,6983fa3a644fcca4e5fd8b3b,intermediate,3,6983fa3a644fcca4e5fd8b3b,6983fa3a644fcca4e5fd8b3b,spotlight_PROLIFIC,,36,Chile,Spanish,"Spanish, English",,Spanish:70|English:30,100,Spanish:70|English:30,100,Spanish:80|English:20,100,18,6,Bachelor's,10,10,10,6,8,9,7,17,14,16,TOEFL,80,,,,,23,25,C1,intermediate|advanced,intermediate|advanced,cambridge_22_25_intermediate_advanced,4,19,random,,328.263916015625,1078.1424560546875,348.263916015625,1114.1146812438965,6,11,,,,,,,,,,,,2026-08-24T17:16:23.220Z,YVYMAZEH,2026-08-24,2026-08-24,13:16:23,2026-08-24 13:16:23,,,,,,,,6983fa3a644fcca4e5fd8b3b,6983fa3a644fcca4e5fd8b3b,,,,
42938,raw_position_sample,2,2,int,26,3,8,9,81, trip.” ,1085,351,4453023.7,6983fa3a644fcca4e5fd8b3b,6983fa3a644fcca4e5fd8b3b,intermediate,3,6983fa3a644fcca4e5fd8b3b,6983fa3a644fcca4e5fd8b3b,spotlight_PROLIFIC,,36,Chile,Spanish,"Spanish, English",,Spanish:70|English:30,100,Spanish:70|English:30,100,Spanish:80|English:20,100,18,6,Bachelor's,10,10,10,6,8,9,7,17,14,16,TOEFL,80,,,,,23,25,C1,intermediate|advanced,intermediate|advanced,cambridge_22_25_intermediate_advanced,4,19,random,,328.263916015625,1078.1424560546875,348.263916015625,1114.1146812438965,6,11,,,,,,,,,,,,2026-08-24T17:16:23.220Z,YVYMAZEH,2026-08-24,2026-08-24,13:16:23,2026-08-24 13:16:23,,,,,,,,6983fa3a644fcca4e5fd8b3b,6983fa3a644fcca4e5fd8b3b,,,,
42953,hover_association,2,2,int,26,3,8,9,81, trip.” ,1080,344,,6983fa3a644fcca4e5fd8b3b,6983fa3a644fcca4e5fd8b3b,intermediate,3,6983fa3a644fcca4e5fd8b3b,6983fa3a644fcca4e5fd8b3b,spotlight_PROLIFIC,,36,Chile,Spanish,"Spanish, English",,Spanish:70|English:30,100,Spanish:70|English:30,100,Spanish:80|English:20,100,18,6,Bachelor's,10,10,10,6,8,9,7,17,14,16,TOEFL,80,,,,,23,25,C1,intermediate|advanced,intermediate|advanced,cambridge_22_25_intermediate_advanced,4,19,random,,318.263916015625,1078.1424503326416,358.263916015625,1117.864681482315,6,11,hover,287.90000000037253,287.90000000037253,0.0719382971362093,0.968402099609375,81,,,,,,2026-08-24T17:16:23.220Z,YVYMAZEH,2026-08-24,2026-08-24,13:16:23,2026-08-24 13:16:23,,,,,,,,6983fa3a644fcca4e5fd8b3b,6983fa3a644fcca4e5fd8b3b,,,,
42987,raw_position_sample,2,2,int,26,3,8,9,-1,999,1067,373,4453072.899999999,6983fa3a644fcca4e5fd8b3b,6983fa3a644fcca4e5fd8b3b,intermediate,3,6983fa3a644fcca4e5fd8b3b,6983fa3a644fcca4e5fd8b3b,spotlight_PROLIFIC,,36,Chile,Spanish,"Spanish, English",,Spanish:70|English:30,100,Spanish:70|English:30,100,Spanish:80|English:20,100,18,6,Bachelor's,10,10,10,6,8,9,7,17,14,16,TOEFL,80,,,,,23,25,C1,intermediate|advanced,intermediate|advanced,cambridge_22_25_intermediate_advanced,4,19,random,,,,,,,,,,,,,,,,,,,2026-08-24T17:16:23.220Z,YVYMAZEH,2026-08-24,2026-08-24,13:16:23,2026-08-24 13:16:23,,,,,,,,6983fa3a644fcca4e5fd8b3b,6983fa3a644fcca4e5fd8b3b,,,,
43037,raw_position_sample,2,2,int,26,3,8,9,-1,999,1067,373,4453122.899999999,6983fa3a644fcca4e5fd8b3b,6983fa3a644fcca4e5fd8b3b,intermediate,3,6983fa3a644fcca4e5fd8b3b,6983fa3a644fcca4e5fd8b3b,spotlight_PROLIFIC,,36,Chile,Spanish,"Spanish, English",,Spanish:70|English:30,100,Spanish:70|English:30,100,Spanish:80|English:20,100,18,6,Bachelor's,10,10,10,6,8,9,7,17,14,16,TOEFL,80,,,,,23,25,C1,intermediate|advanced,intermediate|advanced,cambridge_22_25_intermediate_advanced,4,19,random,,,,,,,,,,,,,,,,,,,2026-08-24T17:16:23.220Z,YVYMAZEH,2026-08-24,2026-08-24,13:16:23,2026-08-24 13:16:23,,,,,,,,6983fa3a644fcca4e5fd8b3b,6983fa3a644fcca4e5fd8b3b,,,,
43087,raw_position_sample,2,2,int,26,3,8,9,-1,999,1067,373,4453172.899999999,6983fa3a644fcca4e5fd8b3b,6983fa3a644fcca4e5fd8b3b,intermediate,3,6983fa3a644fcca4e5fd8b3b,6983fa3a644fcca4e5fd8b3b,spotlight_PROLIFIC,,36,Chile,Spanish,"Spanish, English",,Spanish:70|English:30,100,Spanish:70|English:30,100,Spanish:80|English:20,100,18,6,Bachelor's,10,10,10,6,8,9,7,17,14,16,TOEFL,80,,,,,23,25,C1,intermediate|advanced,intermediate|advanced,cambridge_22_25_intermediate_advanced,4,19,random,,,,,,,,,,,,,,,,,,,2026-08-24T17:16:23.220Z,YVYMAZEH,2026-08-24,2026-08-24,13:16:23,2026-08-24 13:16:23,,,,,,,,6983fa3a644fcca4e5fd8b3b,6983fa3a644fcca4e5fd8b3b,,,,
43137,raw_position_sample,2,2,int,26,3,8,9,-1,999,1067,373,4453222.899999999,6983fa3a644fcca4e5fd8b3b,6983fa3a644fcca4e5fd8b3b,intermediate,3,6983fa3a644fcca4e5fd8b3b,6983fa3a644fcca4e5fd8b3b,spotlight_PROLIFIC,,36,Chile,Spanish,"Spanish, English",,Spanish:70|English:30,100,Spanish:70|English:30,100,Spanish:80|English:20,100,18,6,Bachelor's,10,10,10,6,8,9,7,17,14,16,TOEFL,80,,,,,23,25,C1,intermediate|advanced,intermediate|advanced,cambridge_22_25_intermediate_advanced,4,19,random,,,,,,,,,,,,,,,,,,,2026-08-24T17:16:23.220Z,YVYMAZEH,2026-08-24,2026-08-24,13:16:23,2026-08-24 13:16:23,,,,,,,,6983fa3a644fcca4e5fd8b3b,6983fa3a644fcca4e5fd8b3b,,,,
43187,raw_position_sample,2,2,int,26,3,8,9,-1,999,1067,373,4453272.899999999,6983fa3a644fcca4e5fd8b3b,6983fa3a644fcca4e5fd8b3b,intermediate,3,6983fa3a644fcca4e5fd8b3b,6983fa3a644fcca4e5fd8b3b,spotlight_PROLIFIC,,36,Chile,Spanish,"Spanish, English",,Spanish:70|English:30,100,Spanish:70|English:30,100,Spanish:80|English:20,100,18,6,Bachelor's,10,10,10,6,8,9,7,17,14,16,TOEFL,80,,,,,23,25,C1,intermediate|advanced,intermediate|advanced,cambridge_22_25_intermediate_advanced,4,19,random,,,,,,,,,,,,,,,,,,,2026-08-24T17:16:23.220Z,YVYMAZEH,2026-08-24,2026-08-24,13:16:23,2026-08-24 13:16:23,,,,,,,,6983fa3a644fcca4e5fd8b3b,6983fa3a644fcca4e5fd8b3b,,,,
43237,raw_position_sample,2,2,int,26,3,8,9,-1,999,1067,373,4453322.899999999,6983fa3a644fcca4e5fd8b3b,6983fa3a644fcca4e5fd8b3b,intermediate,3,6983fa3a644fcca4e5fd8b3b,6983fa3a644fcca4e5fd8b3b,spotlight_PROLIFIC,,36,Chile,Spanish,"Spanish, English",,Spanish:70|English:30,100,Spanish:70|English:30,100,Spanish:80|English:20,100,18,6,Bachelor's,10,10,10,6,8,9,7,17,14,16,TOEFL,80,,,,,23,25,C1,intermediate|advanced,intermediate|advanced,cambridge_22_25_intermediate_advanced,4,19,random,,,,,,,,,,,,,,,,,,,2026-08-24T17:16:23.220Z,YVYMAZEH,2026-08-24,2026-08-24,13:16:23,2026-08-24 13:16:23,,,,,,,,6983fa3a644fcca4e5fd8b3b,6983fa3a644fcca4e5fd8b3b,,,,
43288,raw_position_sample,2,2,int,26,3,8,9,-1,999,1067,373,4453373.100000001,6983fa3a644fcca4e5fd8b3b,6983fa3a644fcca4e5fd8b3b,intermediate,3,6983fa3a644fcca4e5fd8b3b,6983fa3a644fcca4e5fd8b3b,spotlight_PROLIFIC,,36,Chile,Spanish,"Spanish, English",,Spanish:70|English:30,100,Spanish:70|English:30,100,Spanish:80|English:20,100,18,6,Bachelor's,10,10,10,6,8,9,7,17,14,16,TOEFL,80,,,,,23,25,C1,intermediate|advanced,intermediate|advanced,cambridge_22_25_intermediate_advanced,4,19,random,,,,,,,,,,,,,,,,,,,2026-08-24T17:16:23.220Z,YVYMAZEH,2026-08-24,2026-08-24,13:16:23,2026-08-24 13:16:23,,,,,,,,6983fa3a644fcca4e5fd8b3b,6983fa3a644fcca4e5fd8b3b,,,,
43338,raw_position_sample,2,2,int,26,3,8,9,-1,999,1067,373,4453423.000000001,6983fa3a644fcca4e5fd8b3b,6983fa3a644fcca4e5fd8b3b,intermediate,3,6983fa3a644fcca4e5fd8b3b,6983fa3a644fcca4e5fd8b3b,spotlight_PROLIFIC,,36,Chile,Spanish,"Spanish, English",,Spanish:70|English:30,100,Spanish:70|English:30,100,Spanish:80|English:20,100,18,6,Bachelor's,10,10,10,6,8,9,7,17,14,16,TOEFL,80,,,,,23,25,C1,intermediate|advanced,intermediate|advanced,cambridge_22_25_intermediate_advanced,4,19,random,,,,,,,,,,,,,,,,,,,2026-08-24T17:16:23.220Z,YVYMAZEH,2026-08-24,2026-08-24,13:16:23,2026-08-24 13:16:23,,,,,,,,6983fa3a644fcca4e5fd8b3b,6983fa3a644fcca4e5fd8b3b,,,,
43388,raw_position_sample,2,2,int,26,3,8,9,-1,999,1067,373,4453473.000000001,6983fa3a644fcca4e5fd8b3b,6983fa3a644fcca4e5fd8b3b,intermediate,3,6983fa3a644fcca4e5fd8b3b,6983fa3a644fcca4e5fd8b3b,spotlight_PROLIFIC,,36,Chile,Spanish,"Spanish, English",,Spanish:70|English:30,100,Spanish:70|English:30,100,Spanish:80|English:20,100,18,6,Bachelor's,10,10,10,6,8,9,7,17,14,16,TOEFL,80,,,,,23,25,C1,intermediate|advanced,intermediate|advanced,cambridge_22_25_intermediate_advanced,4,19,random,,,,,,,,,,,,,,,,,,,2026-08-24T17:16:23.220Z,YVYMAZEH,2026-08-24,2026-08-24,13:16:23,2026-08-24 13:16:23,,,,,,,,6983fa3a644fcca4e5fd8b3b,6983fa3a644fcca4e5fd8b3b,,,,
43437,raw_position_sample,2,2,int,26,3,8,9,-1,999,1067,373,4453523.000000001,6983fa3a644fcca4e5fd8b3b,6983fa3a644fcca4e5fd8b3b,intermediate,3,6983fa3a644fcca4e5fd8b3b,6983fa3a644fcca4e5fd8b3b,spotlight_PROLIFIC,,36,Chile,Spanish,"Spanish, English",,Spanish:70|English:30,100,Spanish:70|English:30,100,Spanish:80|English:20,100,18,6,Bachelor's,10,10,10,6,8,9,7,17,14,16,TOEFL,80,,,,,23,25,C1,intermediate|advanced,intermediate|advanced,cambridge_22_25_intermediate_advanced,4,19,random,,,,,,,,,,,,,,,,,,,2026-08-24T17:16:23.220Z,YVYMAZEH,2026-08-24,2026-08-24,13:16:23,2026-08-24 13:16:23,,,,,,,,6983fa3a644fcca4e5fd8b3b,6983fa3a644fcca4e5fd8b3b,,,,
43487,raw_position_sample,2,2,int,26,3,8,9,-1,999,1067,373,4453572.899999999,6983fa3a644fcca4e5fd8b3b,6983fa3a644fcca4e5fd8b3b,intermediate,3,6983fa3a644fcca4e5fd8b3b,6983fa3a644fcca4e5fd8b3b,spotlight_PROLIFIC,,36,Chile,Spanish,"Spanish, English",,Spanish:70|English:30,100,Spanish:70|English:30,100,Spanish:80|English:20,100,18,6,Bachelor's,10,10,10,6,8,9,7,17,14,16,TOEFL,80,,,,,23,25,C1,intermediate|advanced,intermediate|advanced,cambridge_22_25_intermediate_advanced,4,19,random,,,,,,,,,,,,,,,,,,,2026-08-24T17:16:23.220Z,YVYMAZEH,2026-08-24,2026-08-24,13:16:23,2026-08-24 13:16:23,,,,,,,,6983fa3a644fcca4e5fd8b3b,6983fa3a644fcca4e5fd8b3b,,,,
43537,raw_position_sample,2,2,int,26,3,8,9,-1,999,1067,373,4453622.899999999,6983fa3a644fcca4e5fd8b3b,6983fa3a644fcca4e5fd8b3b,intermediate,3,6983fa3a644fcca4e5fd8b3b,6983fa3a644fcca4e5fd8b3b,spotlight_PROLIFIC,,36,Chile,Spanish,"Spanish, English",,Spanish:70|English:30,100,Spanish:70|English:30,100,Spanish:80|English:20,100,18,6,Bachelor's,10,10,10,6,8,9,7,17,14,16,TOEFL,80,,,,,23,25,C1,intermediate|advanced,intermediate|advanced,cambridge_22_25_intermediate_advanced,4,19,random,,,,,,,,,,,,,,,,,,,2026-08-24T17:16:23.220Z,YVYMAZEH,2026-08-24,2026-08-24,13:16:23,2026-08-24 13:16:23,,,,,,,,6983fa3a644fcca4e5fd8b3b,6983fa3a644fcca4e5fd8b3b,,,,
43588,raw_position_sample,2,2,int,26,3,8,9,-1,999,1067,373,4453673.100000001,6983fa3a644fcca4e5fd8b3b,6983fa3a644fcca4e5fd8b3b,intermediate,3,6983fa3a644fcca4e5fd8b3b,6983fa3a644fcca4e5fd8b3b,spotlight_PROLIFIC,,36,Chile,Spanish,"Spanish, English",,Spanish:70|English:30,100,Spanish:70|English:30,100,Spanish:80|English:20,100,18,6,Bachelor's,10,10,10,6,8,9,7,17,14,16,TOEFL,80,,,,,23,25,C1,intermediate|advanced,intermediate|advanced,cambridge_22_25_intermediate_advanced,4,19,random,,,,,,,,,,,,,,,,,,,2026-08-24T17:16:23.220Z,YVYMAZEH,2026-08-24,2026-08-24,13:16:23,2026-08-24 13:16:23,,,,,,,,6983fa3a644fcca4e5fd8b3b,6983fa3a644fcca4e5fd8b3b,,,,
43637,raw_position_sample,2,2,int,26,3,8,9,-1,999,1067,373,4453723.000000001,6983fa3a644fcca4e5fd8b3b,6983fa3a644fcca4e5fd8b3b,intermediate,3,6983fa3a644fcca4e5fd8b3b,6983fa3a644fcca4e5fd8b3b,spotlight_PROLIFIC,,36,Chile,Spanish,"Spanish, English",,Spanish:70|English:30,100,Spanish:70|English:30,100,Spanish:80|English:20,100,18,6,Bachelor's,10,10,10,6,8,9,7,17,14,16,TOEFL,80,,,,,23,25,C1,intermediate|advanced,intermediate|advanced,cambridge_22_25_intermediate_advanced,4,19,random,,,,,,,,,,,,,,,,,,,2026-08-24T17:16:23.220Z,YVYMAZEH,2026-08-24,2026-08-24,13:16:23,2026-08-24 13:16:23,,,,,,,,6983fa3a644fcca4e5fd8b3b,6983fa3a644fcca4e5fd8b3b,,,,
43688,raw_position_sample,2,2,int,26,3,8,9,-1,999,1067,373,4453773.000000001,6983fa3a644fcca4e5fd8b3b,6983fa3a644fcca4e5fd8b3b,intermediate,3,6983fa3a644fcca4e5fd8b3b,6983fa3a644fcca4e5fd8b3b,spotlight_PROLIFIC,,36,Chile,Spanish,"Spanish, English",,Spanish:70|English:30,100,Spanish:70|English:30,100,Spanish:80|English:20,100,18,6,Bachelor's,10,10,10,6,8,9,7,17,14,16,TOEFL,80,,,,,23,25,C1,intermediate|advanced,intermediate|advanced,cambridge_22_25_intermediate_advanced,4,19,random,,,,,,,,,,,,,,,,,,,2026-08-24T17:16:23.220Z,YVYMAZEH,2026-08-24,2026-08-24,13:16:23,2026-08-24 13:16:23,,,,,,,,6983fa3a644fcca4e5fd8b3b,6983fa3a644fcca4e5fd8b3b,,,,
74381,,,,int,26,3,8,,,,,,,6983fa3a644fcca4e5fd8b3b,6983fa3a644fcca4e5fd8b3b,,,6983fa3a644fcca4e5fd8b3b,6983fa3a644fcca4e5fd8b3b,spotlight_PROLIFIC,,36,Chile,Spanish,"Spanish, English",,Spanish:70|English:30,100,Spanish:70|English:30,100,Spanish:80|English:20,100,18,6,Bachelor's,10,10,10,6,8,9,7,17,14,16,TOEFL,80,,,,,23,25,C1,intermediate|advanced,intermediate|advanced,cambridge_22_25_intermediate_advanced,4,19,random,,,,,,,,,,,,,,That Vienna is safer than other places,1,,,,2026-08-24T17:16:23.220Z,YVYMAZEH,2026-08-24,2026-08-24,13:16:23,2026-08-24 13:16:23,,,,,,,,6983fa3a644fcca4e5fd8b3b,6983fa3a644fcca4e5fd8b3b,,,,
