responseTime,recordType,Experiment,Condition,onestop_level,onestop_article_number,onestop_paragraph_number,ItemId,presentation_order,Index,Word,mousePositionX,mousePositionY,sampleTimeMs,SubjectId,SubjectID,onestop_block_level,onestop_paragraph_index,ProlificId,ProlificID,study_key,source,demo_age,demo_country,demo_native_language,demo_other_languages,demo_other_languages_parsed,demo_exposure_pcts,demo_exposure_total_pct,demo_read_pcts,demo_read_total_pct,demo_speak_pcts,demo_speak_total_pct,demo_formal_education_years,demo_years_current_institution,demo_highest_education,demo_native_speaking,demo_native_understanding,demo_native_reading,demo_english_speaking,demo_english_understanding,demo_english_reading,demo_english_acquire_start_age,demo_english_fluent_age,demo_english_read_start_age,demo_english_read_fluent_age,demo_other_english_test,demo_other_english_test_score,cambridge_item,cambridge_selected,cambridge_correct_answer,cambridge_item_correct,cambridge_score,cambridge_max,cambridge_cefr,onestop_level_pair,onestop_level_block_order,onestop_level_assignment_rule,onestop_reading_article_count,onestop_reading_trial_count,onestop_article_selection_mode,onestop_manual_article_numbers,wordPositionTop,wordPositionLeft,wordPositionBottom,wordPositionRight,line_number,position_in_line,revealMode,clickDurationMs,hoverDurationMs,relativeXInWord,relativeYInWord,totalWordsInItem,response,response_correct,prolific_pid,prolific_study_id,prolific_session_id,experiment_start_time,ParticipantId,experiment_start_date,experiment_date,experiment_start_clock_time,experiment_start_time_local,experiment_end_time,experiment_duration,glb_ProlificId,glb_ProlificID,glb_SubjectId,glb_SubjectID,glb_study_key,SONAId,SonaId,experiment_end_date,experiment_end_clock_time,experiment_end_time_local,experiment_duration_ms
418,raw_position_sample,2,2,int,10,2,2,3,-1,999,587,134,707862,69eb8f1f108d9b87368ef89d,69eb8f1f108d9b87368ef89d,intermediate,2,69eb8f1f108d9b87368ef89d,69eb8f1f108d9b87368ef89d,spotlight_PROLIFIC,,42,brazil,Portuguese,"portuguese, english, spanish ",spanish,Portuguese:50|English:40|spanish:10,100,Portuguese:40|English:50|spanish:10,100,Portuguese:75|English:20|spanish:5,100,17,4,Bachelor's,10,10,10,6,7,9,4,20,7,17,Duolingo,150,,,,,22,25,C1,intermediate|advanced,intermediate|advanced,cambridge_22_25_intermediate_advanced,4,20,random,,,,,,,,,,,,,,,,,,,2026-08-09T15:58:12.658Z,C99S394L,2026-08-09,2026-08-09,12:58:12,2026-08-09 12:58:12,,,,,,,,69eb8f1f108d9b87368ef89d,69eb8f1f108d9b87368ef89d,,,,
468,raw_position_sample,2,2,int,10,2,2,3,-1,999,615,140,707911,69eb8f1f108d9b87368ef89d,69eb8f1f108d9b87368ef89d,intermediate,2,69eb8f1f108d9b87368ef89d,69eb8f1f108d9b87368ef89d,spotlight_PROLIFIC,,42,brazil,Portuguese,"portuguese, english, spanish ",spanish,Portuguese:50|English:40|spanish:10,100,Portuguese:40|English:50|spanish:10,100,Portuguese:75|English:20|spanish:5,100,17,4,Bachelor's,10,10,10,6,7,9,4,20,7,17,Duolingo,150,,,,,22,25,C1,intermediate|advanced,intermediate|advanced,cambridge_22_25_intermediate_advanced,4,20,random,,,,,,,,,,,,,,,,,,,2026-08-09T15:58:12.658Z,C99S394L,2026-08-09,2026-08-09,12:58:12,2026-08-09 12:58:12,,,,,,,,69eb8f1f108d9b87368ef89d,69eb8f1f108d9b87368ef89d,,,,
518,raw_position_sample,2,2,int,10,2,2,3,-1,999,615,140,707961,69eb8f1f108d9b87368ef89d,69eb8f1f108d9b87368ef89d,intermediate,2,69eb8f1f108d9b87368ef89d,69eb8f1f108d9b87368ef89d,spotlight_PROLIFIC,,42,brazil,Portuguese,"portuguese, english, spanish ",spanish,Portuguese:50|English:40|spanish:10,100,Portuguese:40|English:50|spanish:10,100,Portuguese:75|English:20|spanish:5,100,17,4,Bachelor's,10,10,10,6,7,9,4,20,7,17,Duolingo,150,,,,,22,25,C1,intermediate|advanced,intermediate|advanced,cambridge_22_25_intermediate_advanced,4,20,random,,,,,,,,,,,,,,,,,,,2026-08-09T15:58:12.658Z,C99S394L,2026-08-09,2026-08-09,12:58:12,2026-08-09 12:58:12,,,,,,,,69eb8f1f108d9b87368ef89d,69eb8f1f108d9b87368ef89d,,,,
568,raw_position_sample,2,2,int,10,2,2,3,-1,999,613,140,708012,69eb8f1f108d9b87368ef89d,69eb8f1f108d9b87368ef89d,intermediate,2,69eb8f1f108d9b87368ef89d,69eb8f1f108d9b87368ef89d,spotlight_PROLIFIC,,42,brazil,Portuguese,"portuguese, english, spanish ",spanish,Portuguese:50|English:40|spanish:10,100,Portuguese:40|English:50|spanish:10,100,Portuguese:75|English:20|spanish:5,100,17,4,Bachelor's,10,10,10,6,7,9,4,20,7,17,Duolingo,150,,,,,22,25,C1,intermediate|advanced,intermediate|advanced,cambridge_22_25_intermediate_advanced,4,20,random,,,,,,,,,,,,,,,,,,,2026-08-09T15:58:12.658Z,C99S394L,2026-08-09,2026-08-09,12:58:12,2026-08-09 12:58:12,,,,,,,,69eb8f1f108d9b87368ef89d,69eb8f1f108d9b87368ef89d,,,,
619,raw_position_sample,2,2,int,10,2,2,3,-1,999,608,140,708062,69eb8f1f108d9b87368ef89d,69eb8f1f108d9b87368ef89d,intermediate,2,69eb8f1f108d9b87368ef89d,69eb8f1f108d9b87368ef89d,spotlight_PROLIFIC,,42,brazil,Portuguese,"portuguese, english, spanish ",spanish,Portuguese:50|English:40|spanish:10,100,Portuguese:40|English:50|spanish:10,100,Portuguese:75|English:20|spanish:5,100,17,4,Bachelor's,10,10,10,6,7,9,4,20,7,17,Duolingo,150,,,,,22,25,C1,intermediate|advanced,intermediate|advanced,cambridge_22_25_intermediate_advanced,4,20,random,,,,,,,,,,,,,,,,,,,2026-08-09T15:58:12.658Z,C99S394L,2026-08-09,2026-08-09,12:58:12,2026-08-09 12:58:12,,,,,,,,69eb8f1f108d9b87368ef89d,69eb8f1f108d9b87368ef89d,,,,
668,raw_position_sample,2,2,int,10,2,2,3,-1,999,608,140,708112,69eb8f1f108d9b87368ef89d,69eb8f1f108d9b87368ef89d,intermediate,2,69eb8f1f108d9b87368ef89d,69eb8f1f108d9b87368ef89d,spotlight_PROLIFIC,,42,brazil,Portuguese,"portuguese, english, spanish ",spanish,Portuguese:50|English:40|spanish:10,100,Portuguese:40|English:50|spanish:10,100,Portuguese:75|English:20|spanish:5,100,17,4,Bachelor's,10,10,10,6,7,9,4,20,7,17,Duolingo,150,,,,,22,25,C1,intermediate|advanced,intermediate|advanced,cambridge_22_25_intermediate_advanced,4,20,random,,,,,,,,,,,,,,,,,,,2026-08-09T15:58:12.658Z,C99S394L,2026-08-09,2026-08-09,12:58:12,2026-08-09 12:58:12,,,,,,,,69eb8f1f108d9b87368ef89d,69eb8f1f108d9b87368ef89d,,,,
720,raw_position_sample,2,2,int,10,2,2,3,-1,999,608,140,708163,69eb8f1f108d9b87368ef89d,69eb8f1f108d9b87368ef89d,intermediate,2,69eb8f1f108d9b87368ef89d,69eb8f1f108d9b87368ef89d,spotlight_PROLIFIC,,42,brazil,Portuguese,"portuguese, english, spanish ",spanish,Portuguese:50|English:40|spanish:10,100,Portuguese:40|English:50|spanish:10,100,Portuguese:75|English:20|spanish:5,100,17,4,Bachelor's,10,10,10,6,7,9,4,20,7,17,Duolingo,150,,,,,22,25,C1,intermediate|advanced,intermediate|advanced,cambridge_22_25_intermediate_advanced,4,20,random,,,,,,,,,,,,,,,,,,,2026-08-09T15:58:12.658Z,C99S394L,2026-08-09,2026-08-09,12:58:12,2026-08-09 12:58:12,,,,,,,,69eb8f1f108d9b87368ef89d,69eb8f1f108d9b87368ef89d,,,,
769,raw_position_sample,2,2,int,10,2,2,3,-1,999,608,140,708213,69eb8f1f108d9b87368ef89d,69eb8f1f108d9b87368ef89d,intermediate,2,69eb8f1f108d9b87368ef89d,69eb8f1f108d9b87368ef89d,spotlight_PROLIFIC,,42,brazil,Portuguese,"portuguese, english, spanish ",spanish,Portuguese:50|English:40|spanish:10,100,Portuguese:40|English:50|spanish:10,100,Portuguese:75|English:20|spanish:5,100,17,4,Bachelor's,10,10,10,6,7,9,4,20,7,17,Duolingo,150,,,,,22,25,C1,intermediate|advanced,intermediate|advanced,cambridge_22_25_intermediate_advanced,4,20,random,,,,,,,,,,,,,,,,,,,2026-08-09T15:58:12.658Z,C99S394L,2026-08-09,2026-08-09,12:58:12,2026-08-09 12:58:12,,,,,,,,69eb8f1f108d9b87368ef89d,69eb8f1f108d9b87368ef89d,,,,
820,raw_position_sample,2,2,int,10,2,2,3,-1,999,607,139,708262,69eb8f1f108d9b87368ef89d,69eb8f1f108d9b87368ef89d,intermediate,2,69eb8f1f108d9b87368ef89d,69eb8f1f108d9b87368ef89d,spotlight_PROLIFIC,,42,brazil,Portuguese,"portuguese, english, spanish ",spanish,Portuguese:50|English:40|spanish:10,100,Portuguese:40|English:50|spanish:10,100,Portuguese:75|English:20|spanish:5,100,17,4,Bachelor's,10,10,10,6,7,9,4,20,7,17,Duolingo,150,,,,,22,25,C1,intermediate|advanced,intermediate|advanced,cambridge_22_25_intermediate_advanced,4,20,random,,,,,,,,,,,,,,,,,,,2026-08-09T15:58:12.658Z,C99S394L,2026-08-09,2026-08-09,12:58:12,2026-08-09 12:58:12,,,,,,,,69eb8f1f108d9b87368ef89d,69eb8f1f108d9b87368ef89d,,,,
869,raw_position_sample,2,2,int,10,2,2,3,-1,999,620,128,708312,69eb8f1f108d9b87368ef89d,69eb8f1f108d9b87368ef89d,intermediate,2,69eb8f1f108d9b87368ef89d,69eb8f1f108d9b87368ef89d,spotlight_PROLIFIC,,42,brazil,Portuguese,"portuguese, english, spanish ",spanish,Portuguese:50|English:40|spanish:10,100,Portuguese:40|English:50|spanish:10,100,Portuguese:75|English:20|spanish:5,100,17,4,Bachelor's,10,10,10,6,7,9,4,20,7,17,Duolingo,150,,,,,22,25,C1,intermediate|advanced,intermediate|advanced,cambridge_22_25_intermediate_advanced,4,20,random,,,,,,,,,,,,,,,,,,,2026-08-09T15:58:12.658Z,C99S394L,2026-08-09,2026-08-09,12:58:12,2026-08-09 12:58:12,,,,,,,,69eb8f1f108d9b87368ef89d,69eb8f1f108d9b87368ef89d,,,,
920,raw_position_sample,2,2,int,10,2,2,3,1, The ,645,128,708363,69eb8f1f108d9b87368ef89d,69eb8f1f108d9b87368ef89d,intermediate,2,69eb8f1f108d9b87368ef89d,69eb8f1f108d9b87368ef89d,spotlight_PROLIFIC,,42,brazil,Portuguese,"portuguese, english, spanish ",spanish,Portuguese:50|English:40|spanish:10,100,Portuguese:40|English:50|spanish:10,100,Portuguese:75|English:20|spanish:5,100,17,4,Bachelor's,10,10,10,6,7,9,4,20,7,17,Duolingo,150,,,,,22,25,C1,intermediate|advanced,intermediate|advanced,cambridge_22_25_intermediate_advanced,4,20,random,,121.26666259765625,625.36669921875,145.26666259765625,661.3166961669922,1,1,,,,,,,,,,,,2026-08-09T15:58:12.658Z,C99S394L,2026-08-09,2026-08-09,12:58:12,2026-08-09 12:58:12,,,,,,,,69eb8f1f108d9b87368ef89d,69eb8f1f108d9b87368ef89d,,,,
970,raw_position_sample,2,2,int,10,2,2,3,1, The ,647,127,708414,69eb8f1f108d9b87368ef89d,69eb8f1f108d9b87368ef89d,intermediate,2,69eb8f1f108d9b87368ef89d,69eb8f1f108d9b87368ef89d,spotlight_PROLIFIC,,42,brazil,Portuguese,"portuguese, english, spanish ",spanish,Portuguese:50|English:40|spanish:10,100,Portuguese:40|English:50|spanish:10,100,Portuguese:75|English:20|spanish:5,100,17,4,Bachelor's,10,10,10,6,7,9,4,20,7,17,Duolingo,150,,,,,22,25,C1,intermediate|advanced,intermediate|advanced,cambridge_22_25_intermediate_advanced,4,20,random,,121.26666259765625,625.36669921875,145.26666259765625,661.3166961669922,1,1,,,,,,,,,,,,2026-08-09T15:58:12.658Z,C99S394L,2026-08-09,2026-08-09,12:58:12,2026-08-09 12:58:12,,,,,,,,69eb8f1f108d9b87368ef89d,69eb8f1f108d9b87368ef89d,,,,
1021,raw_position_sample,2,2,int,10,2,2,3,1, The ,651,127,708464,69eb8f1f108d9b87368ef89d,69eb8f1f108d9b87368ef89d,intermediate,2,69eb8f1f108d9b87368ef89d,69eb8f1f108d9b87368ef89d,spotlight_PROLIFIC,,42,brazil,Portuguese,"portuguese, english, spanish ",spanish,Portuguese:50|English:40|spanish:10,100,Portuguese:40|English:50|spanish:10,100,Portuguese:75|English:20|spanish:5,100,17,4,Bachelor's,10,10,10,6,7,9,4,20,7,17,Duolingo,150,,,,,22,25,C1,intermediate|advanced,intermediate|advanced,cambridge_22_25_intermediate_advanced,4,20,random,,121.26666259765625,625.36669921875,145.26666259765625,661.3166961669922,1,1,,,,,,,,,,,,2026-08-09T15:58:12.658Z,C99S394L,2026-08-09,2026-08-09,12:58:12,2026-08-09 12:58:12,,,,,,,,69eb8f1f108d9b87368ef89d,69eb8f1f108d9b87368ef89d,,,,
1049,hover_association,2,2,int,10,2,2,3,1, The ,637,128,,69eb8f1f108d9b87368ef89d,69eb8f1f108d9b87368ef89d,intermediate,2,69eb8f1f108d9b87368ef89d,69eb8f1f108d9b87368ef89d,spotlight_PROLIFIC,,42,brazil,Portuguese,"portuguese, english, spanish ",spanish,Portuguese:50|English:40|spanish:10,100,Portuguese:40|English:50|spanish:10,100,Portuguese:75|English:20|spanish:5,100,17,4,Bachelor's,10,10,10,6,7,9,4,20,7,17,Duolingo,150,,,,,22,25,C1,intermediate|advanced,intermediate|advanced,cambridge_22_25_intermediate_advanced,4,20,random,,113.26666259765625,621.7716995239258,153.26666259765625,661.3166732788086,1,1,hover,167,167,0.9161290812995149,0.34333343505859376,98,,,,,,2026-08-09T15:58:12.658Z,C99S394L,2026-08-09,2026-08-09,12:58:12,2026-08-09 12:58:12,,,,,,,,69eb8f1f108d9b87368ef89d,69eb8f1f108d9b87368ef89d,,,,
1071,raw_position_sample,2,2,int,10,2,2,3,2, meteorite ,691,129,708514,69eb8f1f108d9b87368ef89d,69eb8f1f108d9b87368ef89d,intermediate,2,69eb8f1f108d9b87368ef89d,69eb8f1f108d9b87368ef89d,spotlight_PROLIFIC,,42,brazil,Portuguese,"portuguese, english, spanish ",spanish,Portuguese:50|English:40|spanish:10,100,Portuguese:40|English:50|spanish:10,100,Portuguese:75|English:20|spanish:5,100,17,4,Bachelor's,10,10,10,6,7,9,4,20,7,17,Duolingo,150,,,,,22,25,C1,intermediate|advanced,intermediate|advanced,cambridge_22_25_intermediate_advanced,4,20,random,,121.26666259765625,661.316650390625,145.26666259765625,749.2499847412109,1,2,,,,,,,,,,,,2026-08-09T15:58:12.658Z,C99S394L,2026-08-09,2026-08-09,12:58:12,2026-08-09 12:58:12,,,,,,,,69eb8f1f108d9b87368ef89d,69eb8f1f108d9b87368ef89d,,,,
1117,hover_association,2,2,int,10,2,2,3,2, meteorite ,671,127,,69eb8f1f108d9b87368ef89d,69eb8f1f108d9b87368ef89d,intermediate,2,69eb8f1f108d9b87368ef89d,69eb8f1f108d9b87368ef89d,spotlight_PROLIFIC,,42,brazil,Portuguese,"portuguese, english, spanish ",spanish,Portuguese:50|English:40|spanish:10,100,Portuguese:40|English:50|spanish:10,100,Portuguese:75|English:20|spanish:5,100,17,4,Bachelor's,10,10,10,6,7,9,4,20,7,17,Duolingo,150,,,,,22,25,C1,intermediate|advanced,intermediate|advanced,cambridge_22_25_intermediate_advanced,4,20,random,,113.26666259765625,661.3166732788086,153.26666259765625,749.2499923706055,1,2,hover,66,66,0.9402957556381466,0.6683334350585938,98,,,,,,2026-08-09T15:58:12.658Z,C99S394L,2026-08-09,2026-08-09,12:58:12,2026-08-09 12:58:12,,,,,,,,69eb8f1f108d9b87368ef89d,69eb8f1f108d9b87368ef89d,,,,
1122,raw_position_sample,2,2,int,10,2,2,3,3, entered ,767,146,708564,69eb8f1f108d9b87368ef89d,69eb8f1f108d9b87368ef89d,intermediate,2,69eb8f1f108d9b87368ef89d,69eb8f1f108d9b87368ef89d,spotlight_PROLIFIC,,42,brazil,Portuguese,"portuguese, english, spanish ",spanish,Portuguese:50|English:40|spanish:10,100,Portuguese:40|English:50|spanish:10,100,Portuguese:75|English:20|spanish:5,100,17,4,Bachelor's,10,10,10,6,7,9,4,20,7,17,Duolingo,150,,,,,22,25,C1,intermediate|advanced,intermediate|advanced,cambridge_22_25_intermediate_advanced,4,20,random,,121.26666259765625,749.25,145.26666259765625,820.1333312988281,1,3,,,,,,,,,,,,2026-08-09T15:58:12.658Z,C99S394L,2026-08-09,2026-08-09,12:58:12,2026-08-09 12:58:12,,,,,,,,69eb8f1f108d9b87368ef89d,69eb8f1f108d9b87368ef89d,,,,
1172,raw_position_sample,2,2,int,10,2,2,3,3, entered ,787,150,708615,69eb8f1f108d9b87368ef89d,69eb8f1f108d9b87368ef89d,intermediate,2,69eb8f1f108d9b87368ef89d,69eb8f1f108d9b87368ef89d,spotlight_PROLIFIC,,42,brazil,Portuguese,"portuguese, english, spanish ",spanish,Portuguese:50|English:40|spanish:10,100,Portuguese:40|English:50|spanish:10,100,Portuguese:75|English:20|spanish:5,100,17,4,Bachelor's,10,10,10,6,7,9,4,20,7,17,Duolingo,150,,,,,22,25,C1,intermediate|advanced,intermediate|advanced,cambridge_22_25_intermediate_advanced,4,20,random,,121.26666259765625,749.25,145.26666259765625,820.1333312988281,1,3,,,,,,,,,,,,2026-08-09T15:58:12.658Z,C99S394L,2026-08-09,2026-08-09,12:58:12,2026-08-09 12:58:12,,,,,,,,69eb8f1f108d9b87368ef89d,69eb8f1f108d9b87368ef89d,,,,
1221,raw_position_sample,2,2,int,10,2,2,3,3, entered ,787,150,708665,69eb8f1f108d9b87368ef89d,69eb8f1f108d9b87368ef89d,intermediate,2,69eb8f1f108d9b87368ef89d,69eb8f1f108d9b87368ef89d,spotlight_PROLIFIC,,42,brazil,Portuguese,"portuguese, english, spanish ",spanish,Portuguese:50|English:40|spanish:10,100,Portuguese:40|English:50|spanish:10,100,Portuguese:75|English:20|spanish:5,100,17,4,Bachelor's,10,10,10,6,7,9,4,20,7,17,Duolingo,150,,,,,22,25,C1,intermediate|advanced,intermediate|advanced,cambridge_22_25_intermediate_advanced,4,20,random,,121.26666259765625,749.25,145.26666259765625,820.1333312988281,1,3,,,,,,,,,,,,2026-08-09T15:58:12.658Z,C99S394L,2026-08-09,2026-08-09,12:58:12,2026-08-09 12:58:12,,,,,,,,69eb8f1f108d9b87368ef89d,69eb8f1f108d9b87368ef89d,,,,
1273,raw_position_sample,2,2,int,10,2,2,3,3, entered ,787,150,708715,69eb8f1f108d9b87368ef89d,69eb8f1f108d9b87368ef89d,intermediate,2,69eb8f1f108d9b87368ef89d,69eb8f1f108d9b87368ef89d,spotlight_PROLIFIC,,42,brazil,Portuguese,"portuguese, english, spanish ",spanish,Portuguese:50|English:40|spanish:10,100,Portuguese:40|English:50|spanish:10,100,Portuguese:75|English:20|spanish:5,100,17,4,Bachelor's,10,10,10,6,7,9,4,20,7,17,Duolingo,150,,,,,22,25,C1,intermediate|advanced,intermediate|advanced,cambridge_22_25_intermediate_advanced,4,20,random,,121.26666259765625,749.25,145.26666259765625,820.1333312988281,1,3,,,,,,,,,,,,2026-08-09T15:58:12.658Z,C99S394L,2026-08-09,2026-08-09,12:58:12,2026-08-09 12:58:12,,,,,,,,69eb8f1f108d9b87368ef89d,69eb8f1f108d9b87368ef89d,,,,
1323,raw_position_sample,2,2,int,10,2,2,3,3, entered ,790,150,708765,69eb8f1f108d9b87368ef89d,69eb8f1f108d9b87368ef89d,intermediate,2,69eb8f1f108d9b87368ef89d,69eb8f1f108d9b87368ef89d,spotlight_PROLIFIC,,42,brazil,Portuguese,"portuguese, english, spanish ",spanish,Portuguese:50|English:40|spanish:10,100,Portuguese:40|English:50|spanish:10,100,Portuguese:75|English:20|spanish:5,100,17,4,Bachelor's,10,10,10,6,7,9,4,20,7,17,Duolingo,150,,,,,22,25,C1,intermediate|advanced,intermediate|advanced,cambridge_22_25_intermediate_advanced,4,20,random,,121.26666259765625,749.25,145.26666259765625,820.1333312988281,1,3,,,,,,,,,,,,2026-08-09T15:58:12.658Z,C99S394L,2026-08-09,2026-08-09,12:58:12,2026-08-09 12:58:12,,,,,,,,69eb8f1f108d9b87368ef89d,69eb8f1f108d9b87368ef89d,,,,
1373,raw_position_sample,2,2,int,10,2,2,3,3, entered ,791,150,708817,69eb8f1f108d9b87368ef89d,69eb8f1f108d9b87368ef89d,intermediate,2,69eb8f1f108d9b87368ef89d,69eb8f1f108d9b87368ef89d,spotlight_PROLIFIC,,42,brazil,Portuguese,"portuguese, english, spanish ",spanish,Portuguese:50|English:40|spanish:10,100,Portuguese:40|English:50|spanish:10,100,Portuguese:75|English:20|spanish:5,100,17,4,Bachelor's,10,10,10,6,7,9,4,20,7,17,Duolingo,150,,,,,22,25,C1,intermediate|advanced,intermediate|advanced,cambridge_22_25_intermediate_advanced,4,20,random,,121.26666259765625,749.25,145.26666259765625,820.1333312988281,1,3,,,,,,,,,,,,2026-08-09T15:58:12.658Z,C99S394L,2026-08-09,2026-08-09,12:58:12,2026-08-09 12:58:12,,,,,,,,69eb8f1f108d9b87368ef89d,69eb8f1f108d9b87368ef89d,,,,
1424,raw_position_sample,2,2,int,10,2,2,3,3, entered ,791,150,708867,69eb8f1f108d9b87368ef89d,69eb8f1f108d9b87368ef89d,intermediate,2,69eb8f1f108d9b87368ef89d,69eb8f1f108d9b87368ef89d,spotlight_PROLIFIC,,42,brazil,Portuguese,"portuguese, english, spanish ",spanish,Portuguese:50|English:40|spanish:10,100,Portuguese:40|English:50|spanish:10,100,Portuguese:75|English:20|spanish:5,100,17,4,Bachelor's,10,10,10,6,7,9,4,20,7,17,Duolingo,150,,,,,22,25,C1,intermediate|advanced,intermediate|advanced,cambridge_22_25_intermediate_advanced,4,20,random,,121.26666259765625,749.25,145.26666259765625,820.1333312988281,1,3,,,,,,,,,,,,2026-08-09T15:58:12.658Z,C99S394L,2026-08-09,2026-08-09,12:58:12,2026-08-09 12:58:12,,,,,,,,69eb8f1f108d9b87368ef89d,69eb8f1f108d9b87368ef89d,,,,
1474,raw_position_sample,2,2,int,10,2,2,3,3, entered ,791,150,708917,69eb8f1f108d9b87368ef89d,69eb8f1f108d9b87368ef89d,intermediate,2,69eb8f1f108d9b87368ef89d,69eb8f1f108d9b87368ef89d,spotlight_PROLIFIC,,42,brazil,Portuguese,"portuguese, english, spanish ",spanish,Portuguese:50|English:40|spanish:10,100,Portuguese:40|English:50|spanish:10,100,Portuguese:75|English:20|spanish:5,100,17,4,Bachelor's,10,10,10,6,7,9,4,20,7,17,Duolingo,150,,,,,22,25,C1,intermediate|advanced,intermediate|advanced,cambridge_22_25_intermediate_advanced,4,20,random,,121.26666259765625,749.25,145.26666259765625,820.1333312988281,1,3,,,,,,,,,,,,2026-08-09T15:58:12.658Z,C99S394L,2026-08-09,2026-08-09,12:58:12,2026-08-09 12:58:12,,,,,,,,69eb8f1f108d9b87368ef89d,69eb8f1f108d9b87368ef89d,,,,
1524,raw_position_sample,2,2,int,10,2,2,3,3, entered ,791,150,708967,69eb8f1f108d9b87368ef89d,69eb8f1f108d9b87368ef89d,intermediate,2,69eb8f1f108d9b87368ef89d,69eb8f1f108d9b87368ef89d,spotlight_PROLIFIC,,42,brazil,Portuguese,"portuguese, english, spanish ",spanish,Portuguese:50|English:40|spanish:10,100,Portuguese:40|English:50|spanish:10,100,Portuguese:75|English:20|spanish:5,100,17,4,Bachelor's,10,10,10,6,7,9,4,20,7,17,Duolingo,150,,,,,22,25,C1,intermediate|advanced,intermediate|advanced,cambridge_22_25_intermediate_advanced,4,20,random,,121.26666259765625,749.25,145.26666259765625,820.1333312988281,1,3,,,,,,,,,,,,2026-08-09T15:58:12.658Z,C99S394L,2026-08-09,2026-08-09,12:58:12,2026-08-09 12:58:12,,,,,,,,69eb8f1f108d9b87368ef89d,69eb8f1f108d9b87368ef89d,,,,
1574,raw_position_sample,2,2,int,10,2,2,3,3, entered ,793,150,709017,69eb8f1f108d9b87368ef89d,69eb8f1f108d9b87368ef89d,intermediate,2,69eb8f1f108d9b87368ef89d,69eb8f1f108d9b87368ef89d,spotlight_PROLIFIC,,42,brazil,Portuguese,"portuguese, english, spanish ",spanish,Portuguese:50|English:40|spanish:10,100,Portuguese:40|English:50|spanish:10,100,Portuguese:75|English:20|spanish:5,100,17,4,Bachelor's,10,10,10,6,7,9,4,20,7,17,Duolingo,150,,,,,22,25,C1,intermediate|advanced,intermediate|advanced,cambridge_22_25_intermediate_advanced,4,20,random,,121.26666259765625,749.25,145.26666259765625,820.1333312988281,1,3,,,,,,,,,,,,2026-08-09T15:58:12.658Z,C99S394L,2026-08-09,2026-08-09,12:58:12,2026-08-09 12:58:12,,,,,,,,69eb8f1f108d9b87368ef89d,69eb8f1f108d9b87368ef89d,,,,
1624,raw_position_sample,2,2,int,10,2,2,3,3, entered ,803,151,709068,69eb8f1f108d9b87368ef89d,69eb8f1f108d9b87368ef89d,intermediate,2,69eb8f1f108d9b87368ef89d,69eb8f1f108d9b87368ef89d,spotlight_PROLIFIC,,42,brazil,Portuguese,"portuguese, english, spanish ",spanish,Portuguese:50|English:40|spanish:10,100,Portuguese:40|English:50|spanish:10,100,Portuguese:75|English:20|spanish:5,100,17,4,Bachelor's,10,10,10,6,7,9,4,20,7,17,Duolingo,150,,,,,22,25,C1,intermediate|advanced,intermediate|advanced,cambridge_22_25_intermediate_advanced,4,20,random,,121.26666259765625,749.25,145.26666259765625,820.1333312988281,1,3,,,,,,,,,,,,2026-08-09T15:58:12.658Z,C99S394L,2026-08-09,2026-08-09,12:58:12,2026-08-09 12:58:12,,,,,,,,69eb8f1f108d9b87368ef89d,69eb8f1f108d9b87368ef89d,,,,
1675,raw_position_sample,2,2,int,10,2,2,3,3, entered ,817,151,709118,69eb8f1f108d9b87368ef89d,69eb8f1f108d9b87368ef89d,intermediate,2,69eb8f1f108d9b87368ef89d,69eb8f1f108d9b87368ef89d,spotlight_PROLIFIC,,42,brazil,Portuguese,"portuguese, english, spanish ",spanish,Portuguese:50|English:40|spanish:10,100,Portuguese:40|English:50|spanish:10,100,Portuguese:75|English:20|spanish:5,100,17,4,Bachelor's,10,10,10,6,7,9,4,20,7,17,Duolingo,150,,,,,22,25,C1,intermediate|advanced,intermediate|advanced,cambridge_22_25_intermediate_advanced,4,20,random,,121.26666259765625,749.25,145.26666259765625,820.1333312988281,1,3,,,,,,,,,,,,2026-08-09T15:58:12.658Z,C99S394L,2026-08-09,2026-08-09,12:58:12,2026-08-09 12:58:12,,,,,,,,69eb8f1f108d9b87368ef89d,69eb8f1f108d9b87368ef89d,,,,
1725,raw_position_sample,2,2,int,10,2,2,3,3, entered ,820,151,709168,69eb8f1f108d9b87368ef89d,69eb8f1f108d9b87368ef89d,intermediate,2,69eb8f1f108d9b87368ef89d,69eb8f1f108d9b87368ef89d,spotlight_PROLIFIC,,42,brazil,Portuguese,"portuguese, english, spanish ",spanish,Portuguese:50|English:40|spanish:10,100,Portuguese:40|English:50|spanish:10,100,Portuguese:75|English:20|spanish:5,100,17,4,Bachelor's,10,10,10,6,7,9,4,20,7,17,Duolingo,150,,,,,22,25,C1,intermediate|advanced,intermediate|advanced,cambridge_22_25_intermediate_advanced,4,20,random,,121.26666259765625,749.25,145.26666259765625,820.1333312988281,1,3,,,,,,,,,,,,2026-08-09T15:58:12.658Z,C99S394L,2026-08-09,2026-08-09,12:58:12,2026-08-09 12:58:12,,,,,,,,69eb8f1f108d9b87368ef89d,69eb8f1f108d9b87368ef89d,,,,
1733,hover_association,2,2,int,10,2,2,3,3, entered ,767,146,,69eb8f1f108d9b87368ef89d,69eb8f1f108d9b87368ef89d,intermediate,2,69eb8f1f108d9b87368ef89d,69eb8f1f108d9b87368ef89d,spotlight_PROLIFIC,,42,brazil,Portuguese,"portuguese, english, spanish ",spanish,Portuguese:50|English:40|spanish:10,100,Portuguese:40|English:50|spanish:10,100,Portuguese:75|English:20|spanish:5,100,17,4,Bachelor's,10,10,10,6,7,9,4,20,7,17,Duolingo,150,,,,,22,25,C1,intermediate|advanced,intermediate|advanced,cambridge_22_25_intermediate_advanced,4,20,random,,113.26666259765625,749.2499923706055,153.26666259765625,820.1333160400391,1,3,hover,616,616,0.9981192185532837,0.9433334350585938,98,,,,,,2026-08-09T15:58:12.658Z,C99S394L,2026-08-09,2026-08-09,12:58:12,2026-08-09 12:58:12,,,,,,,,69eb8f1f108d9b87368ef89d,69eb8f1f108d9b87368ef89d,,,,
1776,raw_position_sample,2,2,int,10,2,2,3,4, the ,829,151,709219,69eb8f1f108d9b87368ef89d,69eb8f1f108d9b87368ef89d,intermediate,2,69eb8f1f108d9b87368ef89d,69eb8f1f108d9b87368ef89d,spotlight_PROLIFIC,,42,brazil,Portuguese,"portuguese, english, spanish ",spanish,Portuguese:50|English:40|spanish:10,100,Portuguese:40|English:50|spanish:10,100,Portuguese:75|English:20|spanish:5,100,17,4,Bachelor's,10,10,10,6,7,9,4,20,7,17,Duolingo,150,,,,,22,25,C1,intermediate|advanced,intermediate|advanced,cambridge_22_25_intermediate_advanced,4,20,random,,121.26666259765625,820.13330078125,145.26666259765625,852.5832977294922,1,4,,,,,,,,,,,,2026-08-09T15:58:12.658Z,C99S394L,2026-08-09,2026-08-09,12:58:12,2026-08-09 12:58:12,,,,,,,,69eb8f1f108d9b87368ef89d,69eb8f1f108d9b87368ef89d,,,,
1816,hover_association,2,2,int,10,2,2,3,4, the ,822,151,,69eb8f1f108d9b87368ef89d,69eb8f1f108d9b87368ef89d,intermediate,2,69eb8f1f108d9b87368ef89d,69eb8f1f108d9b87368ef89d,spotlight_PROLIFIC,,42,brazil,Portuguese,"portuguese, english, spanish ",spanish,Portuguese:50|English:40|spanish:10,100,Portuguese:40|English:50|spanish:10,100,Portuguese:75|English:20|spanish:5,100,17,4,Bachelor's,10,10,10,6,7,9,4,20,7,17,Duolingo,150,,,,,22,25,C1,intermediate|advanced,intermediate|advanced,cambridge_22_25_intermediate_advanced,4,20,random,,113.26666259765625,820.1333160400391,153.26666259765625,852.5833053588867,1,4,hover,84,84,0.9203911799938166,0.9433334350585938,98,,,,,,2026-08-09T15:58:12.658Z,C99S394L,2026-08-09,2026-08-09,12:58:12,2026-08-09 12:58:12,,,,,,,,69eb8f1f108d9b87368ef89d,69eb8f1f108d9b87368ef89d,,,,
1826,raw_position_sample,2,2,int,10,2,2,3,5, atmosphere ,871,151,709269,69eb8f1f108d9b87368ef89d,69eb8f1f108d9b87368ef89d,intermediate,2,69eb8f1f108d9b87368ef89d,69eb8f1f108d9b87368ef89d,spotlight_PROLIFIC,,42,brazil,Portuguese,"portuguese, english, spanish ",spanish,Portuguese:50|English:40|spanish:10,100,Portuguese:40|English:50|spanish:10,100,Portuguese:75|English:20|spanish:5,100,17,4,Bachelor's,10,10,10,6,7,9,4,20,7,17,Duolingo,150,,,,,22,25,C1,intermediate|advanced,intermediate|advanced,cambridge_22_25_intermediate_advanced,4,20,random,,121.26666259765625,852.5833129882812,145.26666259765625,959.7499847412109,1,5,,,,,,,,,,,,2026-08-09T15:58:12.658Z,C99S394L,2026-08-09,2026-08-09,12:58:12,2026-08-09 12:58:12,,,,,,,,69eb8f1f108d9b87368ef89d,69eb8f1f108d9b87368ef89d,,,,
1876,raw_position_sample,2,2,int,10,2,2,3,5, atmosphere ,945,150,709320,69eb8f1f108d9b87368ef89d,69eb8f1f108d9b87368ef89d,intermediate,2,69eb8f1f108d9b87368ef89d,69eb8f1f108d9b87368ef89d,spotlight_PROLIFIC,,42,brazil,Portuguese,"portuguese, english, spanish ",spanish,Portuguese:50|English:40|spanish:10,100,Portuguese:40|English:50|spanish:10,100,Portuguese:75|English:20|spanish:5,100,17,4,Bachelor's,10,10,10,6,7,9,4,20,7,17,Duolingo,150,,,,,22,25,C1,intermediate|advanced,intermediate|advanced,cambridge_22_25_intermediate_advanced,4,20,random,,121.26666259765625,852.5833129882812,145.26666259765625,959.7499847412109,1,5,,,,,,,,,,,,2026-08-09T15:58:12.658Z,C99S394L,2026-08-09,2026-08-09,12:58:12,2026-08-09 12:58:12,,,,,,,,69eb8f1f108d9b87368ef89d,69eb8f1f108d9b87368ef89d,,,,
1899,hover_association,2,2,int,10,2,2,3,5, atmosphere ,871,151,,69eb8f1f108d9b87368ef89d,69eb8f1f108d9b87368ef89d,intermediate,2,69eb8f1f108d9b87368ef89d,69eb8f1f108d9b87368ef89d,spotlight_PROLIFIC,,42,brazil,Portuguese,"portuguese, english, spanish ",spanish,Portuguese:50|English:40|spanish:10,100,Portuguese:40|English:50|spanish:10,100,Portuguese:75|English:20|spanish:5,100,17,4,Bachelor's,10,10,10,6,7,9,4,20,7,17,Duolingo,150,,,,,22,25,C1,intermediate|advanced,intermediate|advanced,cambridge_22_25_intermediate_advanced,4,20,random,,113.26666259765625,852.5833053588867,153.26666259765625,959.7499923706055,1,5,hover,84,84,0.9370140800390018,0.9183334350585938,98,,,,,,2026-08-09T15:58:12.658Z,C99S394L,2026-08-09,2026-08-09,12:58:12,2026-08-09 12:58:12,,,,,,,,69eb8f1f108d9b87368ef89d,69eb8f1f108d9b87368ef89d,,,,
1926,raw_position_sample,2,2,int,10,2,2,3,6, traveling ,963,151,709369,69eb8f1f108d9b87368ef89d,69eb8f1f108d9b87368ef89d,intermediate,2,69eb8f1f108d9b87368ef89d,69eb8f1f108d9b87368ef89d,spotlight_PROLIFIC,,42,brazil,Portuguese,"portuguese, english, spanish ",spanish,Portuguese:50|English:40|spanish:10,100,Portuguese:40|English:50|spanish:10,100,Portuguese:75|English:20|spanish:5,100,17,4,Bachelor's,10,10,10,6,7,9,4,20,7,17,Duolingo,150,,,,,22,25,C1,intermediate|advanced,intermediate|advanced,cambridge_22_25_intermediate_advanced,4,20,random,,121.26666259765625,959.75,145.26666259765625,1038.8833312988281,1,6,,,,,,,,,,,,2026-08-09T15:58:12.658Z,C99S394L,2026-08-09,2026-08-09,12:58:12,2026-08-09 12:58:12,,,,,,,,69eb8f1f108d9b87368ef89d,69eb8f1f108d9b87368ef89d,,,,
1976,raw_position_sample,2,2,int,10,2,2,3,6, traveling ,966,151,709420,69eb8f1f108d9b87368ef89d,69eb8f1f108d9b87368ef89d,intermediate,2,69eb8f1f108d9b87368ef89d,69eb8f1f108d9b87368ef89d,spotlight_PROLIFIC,,42,brazil,Portuguese,"portuguese, english, spanish ",spanish,Portuguese:50|English:40|spanish:10,100,Portuguese:40|English:50|spanish:10,100,Portuguese:75|English:20|spanish:5,100,17,4,Bachelor's,10,10,10,6,7,9,4,20,7,17,Duolingo,150,,,,,22,25,C1,intermediate|advanced,intermediate|advanced,cambridge_22_25_intermediate_advanced,4,20,random,,121.26666259765625,959.75,145.26666259765625,1038.8833312988281,1,6,,,,,,,,,,,,2026-08-09T15:58:12.658Z,C99S394L,2026-08-09,2026-08-09,12:58:12,2026-08-09 12:58:12,,,,,,,,69eb8f1f108d9b87368ef89d,69eb8f1f108d9b87368ef89d,,,,
2027,raw_position_sample,2,2,int,10,2,2,3,6, traveling ,972,151,709470,69eb8f1f108d9b87368ef89d,69eb8f1f108d9b87368ef89d,intermediate,2,69eb8f1f108d9b87368ef89d,69eb8f1f108d9b87368ef89d,spotlight_PROLIFIC,,42,brazil,Portuguese,"portuguese, english, spanish ",spanish,Portuguese:50|English:40|spanish:10,100,Portuguese:40|English:50|spanish:10,100,Portuguese:75|English:20|spanish:5,100,17,4,Bachelor's,10,10,10,6,7,9,4,20,7,17,Duolingo,150,,,,,22,25,C1,intermediate|advanced,intermediate|advanced,cambridge_22_25_intermediate_advanced,4,20,random,,121.26666259765625,959.75,145.26666259765625,1038.8833312988281,1,6,,,,,,,,,,,,2026-08-09T15:58:12.658Z,C99S394L,2026-08-09,2026-08-09,12:58:12,2026-08-09 12:58:12,,,,,,,,69eb8f1f108d9b87368ef89d,69eb8f1f108d9b87368ef89d,,,,
2077,raw_position_sample,2,2,int,10,2,2,3,6, traveling ,1000,153,709520,69eb8f1f108d9b87368ef89d,69eb8f1f108d9b87368ef89d,intermediate,2,69eb8f1f108d9b87368ef89d,69eb8f1f108d9b87368ef89d,spotlight_PROLIFIC,,42,brazil,Portuguese,"portuguese, english, spanish ",spanish,Portuguese:50|English:40|spanish:10,100,Portuguese:40|English:50|spanish:10,100,Portuguese:75|English:20|spanish:5,100,17,4,Bachelor's,10,10,10,6,7,9,4,20,7,17,Duolingo,150,,,,,22,25,C1,intermediate|advanced,intermediate|advanced,cambridge_22_25_intermediate_advanced,4,20,random,,121.26666259765625,959.75,145.26666259765625,1038.8833312988281,1,6,,,,,,,,,,,,2026-08-09T15:58:12.658Z,C99S394L,2026-08-09,2026-08-09,12:58:12,2026-08-09 12:58:12,,,,,,,,69eb8f1f108d9b87368ef89d,69eb8f1f108d9b87368ef89d,,,,
2082,hover_association,2,2,int,10,2,2,3,6, traveling ,960,151,,69eb8f1f108d9b87368ef89d,69eb8f1f108d9b87368ef89d,intermediate,2,69eb8f1f108d9b87368ef89d,69eb8f1f108d9b87368ef89d,spotlight_PROLIFIC,,42,brazil,Portuguese,"portuguese, english, spanish ",spanish,Portuguese:50|English:40|spanish:10,100,Portuguese:40|English:50|spanish:10,100,Portuguese:75|English:20|spanish:5,100,17,4,Bachelor's,10,10,10,6,7,9,4,20,7,17,Duolingo,150,,,,,22,25,C1,intermediate|advanced,intermediate|advanced,cambridge_22_25_intermediate_advanced,4,20,random,,113.26666259765625,959.7499923706055,153.26666259765625,1038.883316040039,1,6,hover,183,183,0.5086353733546224,0.9933334350585937,98,,,,,,2026-08-09T15:58:12.658Z,C99S394L,2026-08-09,2026-08-09,12:58:12,2026-08-09 12:58:12,,,,,,,,69eb8f1f108d9b87368ef89d,69eb8f1f108d9b87368ef89d,,,,
2100,hover_association,2,2,int,10,2,2,3,19, between ,1010,155,,69eb8f1f108d9b87368ef89d,69eb8f1f108d9b87368ef89d,intermediate,2,69eb8f1f108d9b87368ef89d,69eb8f1f108d9b87368ef89d,spotlight_PROLIFIC,,42,brazil,Portuguese,"portuguese, english, spanish ",spanish,Portuguese:50|English:40|spanish:10,100,Portuguese:40|English:50|spanish:10,100,Portuguese:75|English:20|spanish:5,100,17,4,Bachelor's,10,10,10,6,7,9,4,20,7,17,Duolingo,150,,,,,22,25,C1,intermediate|advanced,intermediate|advanced,cambridge_22_25_intermediate_advanced,4,20,random,,153.26666259765625,938.466667175293,193.26666259765625,1016.433349609375,2,7,hover,17,17,0.9174859131037907,0.04333343505859375,98,,,,,,2026-08-09T15:58:12.658Z,C99S394L,2026-08-09,2026-08-09,12:58:12,2026-08-09 12:58:12,,,,,,,,69eb8f1f108d9b87368ef89d,69eb8f1f108d9b87368ef89d,,,,
2127,raw_position_sample,2,2,int,10,2,2,3,20, 18 ,1039,157,709570,69eb8f1f108d9b87368ef89d,69eb8f1f108d9b87368ef89d,intermediate,2,69eb8f1f108d9b87368ef89d,69eb8f1f108d9b87368ef89d,spotlight_PROLIFIC,,42,brazil,Portuguese,"portuguese, english, spanish ",spanish,Portuguese:50|English:40|spanish:10,100,Portuguese:40|English:50|spanish:10,100,Portuguese:75|English:20|spanish:5,100,17,4,Bachelor's,10,10,10,6,7,9,4,20,7,17,Duolingo,150,,,,,22,25,C1,intermediate|advanced,intermediate|advanced,cambridge_22_25_intermediate_advanced,4,20,random,,161.26666259765625,1016.433349609375,185.26666259765625,1041.7166748046875,2,8,,,,,,,,,,,,2026-08-09T15:58:12.658Z,C99S394L,2026-08-09,2026-08-09,12:58:12,2026-08-09 12:58:12,,,,,,,,69eb8f1f108d9b87368ef89d,69eb8f1f108d9b87368ef89d,,,,
2133,hover_association,2,2,int,10,2,2,3,20, 18 ,1024,156,,69eb8f1f108d9b87368ef89d,69eb8f1f108d9b87368ef89d,intermediate,2,69eb8f1f108d9b87368ef89d,69eb8f1f108d9b87368ef89d,spotlight_PROLIFIC,,42,brazil,Portuguese,"portuguese, english, spanish ",spanish,Portuguese:50|English:40|spanish:10,100,Portuguese:40|English:50|spanish:10,100,Portuguese:75|English:20|spanish:5,100,17,4,Bachelor's,10,10,10,6,7,9,4,20,7,17,Duolingo,150,,,,,22,25,C1,intermediate|advanced,intermediate|advanced,cambridge_22_25_intermediate_advanced,4,20,random,,153.26666259765625,1016.433349609375,193.26666259765625,1041.7166748046875,2,8,hover,33,33,0.8925507312150869,0.09333343505859375,98,,,,,,2026-08-09T15:58:12.658Z,C99S394L,2026-08-09,2026-08-09,12:58:12,2026-08-09 12:58:12,,,,,,,,69eb8f1f108d9b87368ef89d,69eb8f1f108d9b87368ef89d,,,,
2178,raw_position_sample,2,2,int,10,2,2,3,21, and ,1070,159,709621,69eb8f1f108d9b87368ef89d,69eb8f1f108d9b87368ef89d,intermediate,2,69eb8f1f108d9b87368ef89d,69eb8f1f108d9b87368ef89d,spotlight_PROLIFIC,,42,brazil,Portuguese,"portuguese, english, spanish ",spanish,Portuguese:50|English:40|spanish:10,100,Portuguese:40|English:50|spanish:10,100,Portuguese:75|English:20|spanish:5,100,17,4,Bachelor's,10,10,10,6,7,9,4,20,7,17,Duolingo,150,,,,,22,25,C1,intermediate|advanced,intermediate|advanced,cambridge_22_25_intermediate_advanced,4,20,random,,161.26666259765625,1041.7166748046875,185.26666259765625,1078.683349609375,2,9,,,,,,,,,,,,2026-08-09T15:58:12.658Z,C99S394L,2026-08-09,2026-08-09,12:58:12,2026-08-09 12:58:12,,,,,,,,69eb8f1f108d9b87368ef89d,69eb8f1f108d9b87368ef89d,,,,
2200,hover_association,2,2,int,10,2,2,3,21, and ,1054,158,,69eb8f1f108d9b87368ef89d,69eb8f1f108d9b87368ef89d,intermediate,2,69eb8f1f108d9b87368ef89d,69eb8f1f108d9b87368ef89d,spotlight_PROLIFIC,,42,brazil,Portuguese,"portuguese, english, spanish ",spanish,Portuguese:50|English:40|spanish:10,100,Portuguese:40|English:50|spanish:10,100,Portuguese:75|English:20|spanish:5,100,17,4,Bachelor's,10,10,10,6,7,9,4,20,7,17,Duolingo,150,,,,,22,25,C1,intermediate|advanced,intermediate|advanced,cambridge_22_25_intermediate_advanced,4,20,random,,153.26666259765625,1041.7166748046875,193.26666259765625,1078.683349609375,2,9,hover,67,67,0.954463050348214,0.14333343505859375,98,,,,,,2026-08-09T15:58:12.658Z,C99S394L,2026-08-09,2026-08-09,12:58:12,2026-08-09 12:58:12,,,,,,,,69eb8f1f108d9b87368ef89d,69eb8f1f108d9b87368ef89d,,,,
2227,raw_position_sample,2,2,int,10,2,2,3,22, 32 ,1089,159,709671,69eb8f1f108d9b87368ef89d,69eb8f1f108d9b87368ef89d,intermediate,2,69eb8f1f108d9b87368ef89d,69eb8f1f108d9b87368ef89d,spotlight_PROLIFIC,,42,brazil,Portuguese,"portuguese, english, spanish ",spanish,Portuguese:50|English:40|spanish:10,100,Portuguese:40|English:50|spanish:10,100,Portuguese:75|English:20|spanish:5,100,17,4,Bachelor's,10,10,10,6,7,9,4,20,7,17,Duolingo,150,,,,,22,25,C1,intermediate|advanced,intermediate|advanced,cambridge_22_25_intermediate_advanced,4,20,random,,161.26666259765625,1078.683349609375,185.26666259765625,1103.9666748046875,2,10,,,,,,,,,,,,2026-08-09T15:58:12.658Z,C99S394L,2026-08-09,2026-08-09,12:58:12,2026-08-09 12:58:12,,,,,,,,69eb8f1f108d9b87368ef89d,69eb8f1f108d9b87368ef89d,,,,
2266,hover_association,2,2,int,10,2,2,3,22, 32 ,1083,159,,69eb8f1f108d9b87368ef89d,69eb8f1f108d9b87368ef89d,intermediate,2,69eb8f1f108d9b87368ef89d,69eb8f1f108d9b87368ef89d,spotlight_PROLIFIC,,42,brazil,Portuguese,"portuguese, english, spanish ",spanish,Portuguese:50|English:40|spanish:10,100,Portuguese:40|English:50|spanish:10,100,Portuguese:75|English:20|spanish:5,100,17,4,Bachelor's,10,10,10,6,7,9,4,20,7,17,Duolingo,150,,,,,22,25,C1,intermediate|advanced,intermediate|advanced,cambridge_22_25_intermediate_advanced,4,20,random,,153.26666259765625,1078.683349609375,193.26666259765625,1103.9666748046875,2,10,hover,67,67,0.8431110317157604,0.14333343505859375,98,,,,,,2026-08-09T15:58:12.658Z,C99S394L,2026-08-09,2026-08-09,12:58:12,2026-08-09 12:58:12,,,,,,,,69eb8f1f108d9b87368ef89d,69eb8f1f108d9b87368ef89d,,,,
2278,raw_position_sample,2,2,int,10,2,2,3,23, miles ,1104,159,709721,69eb8f1f108d9b87368ef89d,69eb8f1f108d9b87368ef89d,intermediate,2,69eb8f1f108d9b87368ef89d,69eb8f1f108d9b87368ef89d,spotlight_PROLIFIC,,42,brazil,Portuguese,"portuguese, english, spanish ",spanish,Portuguese:50|English:40|spanish:10,100,Portuguese:40|English:50|spanish:10,100,Portuguese:75|English:20|spanish:5,100,17,4,Bachelor's,10,10,10,6,7,9,4,20,7,17,Duolingo,150,,,,,22,25,C1,intermediate|advanced,intermediate|advanced,cambridge_22_25_intermediate_advanced,4,20,random,,161.26666259765625,1103.9666748046875,185.26666259765625,1153.5500183105469,2,11,,,,,,,,,,,,2026-08-09T15:58:12.658Z,C99S394L,2026-08-09,2026-08-09,12:58:12,2026-08-09 12:58:12,,,,,,,,69eb8f1f108d9b87368ef89d,69eb8f1f108d9b87368ef89d,,,,
2329,raw_position_sample,2,2,int,10,2,2,3,23, miles ,1112,159,709772,69eb8f1f108d9b87368ef89d,69eb8f1f108d9b87368ef89d,intermediate,2,69eb8f1f108d9b87368ef89d,69eb8f1f108d9b87368ef89d,spotlight_PROLIFIC,,42,brazil,Portuguese,"portuguese, english, spanish ",spanish,Portuguese:50|English:40|spanish:10,100,Portuguese:40|English:50|spanish:10,100,Portuguese:75|English:20|spanish:5,100,17,4,Bachelor's,10,10,10,6,7,9,4,20,7,17,Duolingo,150,,,,,22,25,C1,intermediate|advanced,intermediate|advanced,cambridge_22_25_intermediate_advanced,4,20,random,,161.26666259765625,1103.9666748046875,185.26666259765625,1153.5500183105469,2,11,,,,,,,,,,,,2026-08-09T15:58:12.658Z,C99S394L,2026-08-09,2026-08-09,12:58:12,2026-08-09 12:58:12,,,,,,,,69eb8f1f108d9b87368ef89d,69eb8f1f108d9b87368ef89d,,,,
2379,raw_position_sample,2,2,int,10,2,2,3,23, miles ,1117,159,709822,69eb8f1f108d9b87368ef89d,69eb8f1f108d9b87368ef89d,intermediate,2,69eb8f1f108d9b87368ef89d,69eb8f1f108d9b87368ef89d,spotlight_PROLIFIC,,42,brazil,Portuguese,"portuguese, english, spanish ",spanish,Portuguese:50|English:40|spanish:10,100,Portuguese:40|English:50|spanish:10,100,Portuguese:75|English:20|spanish:5,100,17,4,Bachelor's,10,10,10,6,7,9,4,20,7,17,Duolingo,150,,,,,22,25,C1,intermediate|advanced,intermediate|advanced,cambridge_22_25_intermediate_advanced,4,20,random,,161.26666259765625,1103.9666748046875,185.26666259765625,1153.5500183105469,2,11,,,,,,,,,,,,2026-08-09T15:58:12.658Z,C99S394L,2026-08-09,2026-08-09,12:58:12,2026-08-09 12:58:12,,,,,,,,69eb8f1f108d9b87368ef89d,69eb8f1f108d9b87368ef89d,,,,
2429,raw_position_sample,2,2,int,10,2,2,3,23, miles ,1117,159,709872,69eb8f1f108d9b87368ef89d,69eb8f1f108d9b87368ef89d,intermediate,2,69eb8f1f108d9b87368ef89d,69eb8f1f108d9b87368ef89d,spotlight_PROLIFIC,,42,brazil,Portuguese,"portuguese, english, spanish ",spanish,Portuguese:50|English:40|spanish:10,100,Portuguese:40|English:50|spanish:10,100,Portuguese:75|English:20|spanish:5,100,17,4,Bachelor's,10,10,10,6,7,9,4,20,7,17,Duolingo,150,,,,,22,25,C1,intermediate|advanced,intermediate|advanced,cambridge_22_25_intermediate_advanced,4,20,random,,161.26666259765625,1103.9666748046875,185.26666259765625,1153.5500183105469,2,11,,,,,,,,,,,,2026-08-09T15:58:12.658Z,C99S394L,2026-08-09,2026-08-09,12:58:12,2026-08-09 12:58:12,,,,,,,,69eb8f1f108d9b87368ef89d,69eb8f1f108d9b87368ef89d,,,,
2479,raw_position_sample,2,2,int,10,2,2,3,23, miles ,1116,158,709922,69eb8f1f108d9b87368ef89d,69eb8f1f108d9b87368ef89d,intermediate,2,69eb8f1f108d9b87368ef89d,69eb8f1f108d9b87368ef89d,spotlight_PROLIFIC,,42,brazil,Portuguese,"portuguese, english, spanish ",spanish,Portuguese:50|English:40|spanish:10,100,Portuguese:40|English:50|spanish:10,100,Portuguese:75|English:20|spanish:5,100,17,4,Bachelor's,10,10,10,6,7,9,4,20,7,17,Duolingo,150,,,,,22,25,C1,intermediate|advanced,intermediate|advanced,cambridge_22_25_intermediate_advanced,4,20,random,,161.26666259765625,1103.9666748046875,185.26666259765625,1153.5500183105469,2,11,,,,,,,,,,,,2026-08-09T15:58:12.658Z,C99S394L,2026-08-09,2026-08-09,12:58:12,2026-08-09 12:58:12,,,,,,,,69eb8f1f108d9b87368ef89d,69eb8f1f108d9b87368ef89d,,,,
2516,hover_association,2,2,int,10,2,2,3,23, miles ,1104,159,,69eb8f1f108d9b87368ef89d,69eb8f1f108d9b87368ef89d,intermediate,2,69eb8f1f108d9b87368ef89d,69eb8f1f108d9b87368ef89d,spotlight_PROLIFIC,,42,brazil,Portuguese,"portuguese, english, spanish ",spanish,Portuguese:50|English:40|spanish:10,100,Portuguese:40|English:50|spanish:10,100,Portuguese:75|English:20|spanish:5,100,17,4,Bachelor's,10,10,10,6,7,9,4,20,7,17,Duolingo,150,,,,,22,25,C1,intermediate|advanced,intermediate|advanced,cambridge_22_25_intermediate_advanced,4,20,random,,153.26666259765625,1103.9666748046875,193.26666259765625,1153.550033569336,2,11,hover,249,249,0.10151238884811332,0.06833343505859375,98,,,,,,2026-08-09T15:58:12.658Z,C99S394L,2026-08-09,2026-08-09,12:58:12,2026-08-09 12:58:12,,,,,,,,69eb8f1f108d9b87368ef89d,69eb8f1f108d9b87368ef89d,,,,
2530,raw_position_sample,2,2,int,10,2,2,3,9, speed ,1100,151,709972,69eb8f1f108d9b87368ef89d,69eb8f1f108d9b87368ef89d,intermediate,2,69eb8f1f108d9b87368ef89d,69eb8f1f108d9b87368ef89d,spotlight_PROLIFIC,,42,brazil,Portuguese,"portuguese, english, spanish ",spanish,Portuguese:50|English:40|spanish:10,100,Portuguese:40|English:50|spanish:10,100,Portuguese:75|English:20|spanish:5,100,17,4,Bachelor's,10,10,10,6,7,9,4,20,7,17,Duolingo,150,,,,,22,25,C1,intermediate|advanced,intermediate|advanced,cambridge_22_25_intermediate_advanced,4,20,random,,121.26666259765625,1074.949951171875,145.26666259765625,1130.6832885742188,1,9,,,,,,,,,,,,2026-08-09T15:58:12.658Z,C99S394L,2026-08-09,2026-08-09,12:58:12,2026-08-09 12:58:12,,,,,,,,69eb8f1f108d9b87368ef89d,69eb8f1f108d9b87368ef89d,,,,
2580,raw_position_sample,2,2,int,10,2,2,3,9, speed ,1084,145,710023,69eb8f1f108d9b87368ef89d,69eb8f1f108d9b87368ef89d,intermediate,2,69eb8f1f108d9b87368ef89d,69eb8f1f108d9b87368ef89d,spotlight_PROLIFIC,,42,brazil,Portuguese,"portuguese, english, spanish ",spanish,Portuguese:50|English:40|spanish:10,100,Portuguese:40|English:50|spanish:10,100,Portuguese:75|English:20|spanish:5,100,17,4,Bachelor's,10,10,10,6,7,9,4,20,7,17,Duolingo,150,,,,,22,25,C1,intermediate|advanced,intermediate|advanced,cambridge_22_25_intermediate_advanced,4,20,random,,121.26666259765625,1074.949951171875,145.26666259765625,1130.6832885742188,1,9,,,,,,,,,,,,2026-08-09T15:58:12.658Z,C99S394L,2026-08-09,2026-08-09,12:58:12,2026-08-09 12:58:12,,,,,,,,69eb8f1f108d9b87368ef89d,69eb8f1f108d9b87368ef89d,,,,
2630,raw_position_sample,2,2,int,10,2,2,3,9, speed ,1085,144,710073,69eb8f1f108d9b87368ef89d,69eb8f1f108d9b87368ef89d,intermediate,2,69eb8f1f108d9b87368ef89d,69eb8f1f108d9b87368ef89d,spotlight_PROLIFIC,,42,brazil,Portuguese,"portuguese, english, spanish ",spanish,Portuguese:50|English:40|spanish:10,100,Portuguese:40|English:50|spanish:10,100,Portuguese:75|English:20|spanish:5,100,17,4,Bachelor's,10,10,10,6,7,9,4,20,7,17,Duolingo,150,,,,,22,25,C1,intermediate|advanced,intermediate|advanced,cambridge_22_25_intermediate_advanced,4,20,random,,121.26666259765625,1074.949951171875,145.26666259765625,1130.6832885742188,1,9,,,,,,,,,,,,2026-08-09T15:58:12.658Z,C99S394L,2026-08-09,2026-08-09,12:58:12,2026-08-09 12:58:12,,,,,,,,69eb8f1f108d9b87368ef89d,69eb8f1f108d9b87368ef89d,,,,
2680,raw_position_sample,2,2,int,10,2,2,3,9, speed ,1110,140,710124,69eb8f1f108d9b87368ef89d,69eb8f1f108d9b87368ef89d,intermediate,2,69eb8f1f108d9b87368ef89d,69eb8f1f108d9b87368ef89d,spotlight_PROLIFIC,,42,brazil,Portuguese,"portuguese, english, spanish ",spanish,Portuguese:50|English:40|spanish:10,100,Portuguese:40|English:50|spanish:10,100,Portuguese:75|English:20|spanish:5,100,17,4,Bachelor's,10,10,10,6,7,9,4,20,7,17,Duolingo,150,,,,,22,25,C1,intermediate|advanced,intermediate|advanced,cambridge_22_25_intermediate_advanced,4,20,random,,121.26666259765625,1074.949951171875,145.26666259765625,1130.6832885742188,1,9,,,,,,,,,,,,2026-08-09T15:58:12.658Z,C99S394L,2026-08-09,2026-08-09,12:58:12,2026-08-09 12:58:12,,,,,,,,69eb8f1f108d9b87368ef89d,69eb8f1f108d9b87368ef89d,,,,
2699,hover_association,2,2,int,10,2,2,3,9, speed ,1100,151,,69eb8f1f108d9b87368ef89d,69eb8f1f108d9b87368ef89d,intermediate,2,69eb8f1f108d9b87368ef89d,69eb8f1f108d9b87368ef89d,spotlight_PROLIFIC,,42,brazil,Portuguese,"portuguese, english, spanish ",spanish,Portuguese:50|English:40|spanish:10,100,Portuguese:40|English:50|spanish:10,100,Portuguese:75|English:20|spanish:5,100,17,4,Bachelor's,10,10,10,6,7,9,4,20,7,17,Duolingo,150,,,,,22,25,C1,intermediate|advanced,intermediate|advanced,cambridge_22_25_intermediate_advanced,4,20,random,,113.26666259765625,1074.949951171875,153.26666259765625,1130.6833190917969,1,9,hover,184,184,0.9518543523934838,0.5683334350585938,98,,,,,,2026-08-09T15:58:12.658Z,C99S394L,2026-08-09,2026-08-09,12:58:12,2026-08-09 12:58:12,,,,,,,,69eb8f1f108d9b87368ef89d,69eb8f1f108d9b87368ef89d,,,,
2716,hover_association,2,2,int,10,2,2,3,10, of ,1146,135,,69eb8f1f108d9b87368ef89d,69eb8f1f108d9b87368ef89d,intermediate,2,69eb8f1f108d9b87368ef89d,69eb8f1f108d9b87368ef89d,spotlight_PROLIFIC,,42,brazil,Portuguese,"portuguese, english, spanish ",spanish,Portuguese:50|English:40|spanish:10,100,Portuguese:40|English:50|spanish:10,100,Portuguese:75|English:20|spanish:5,100,17,4,Bachelor's,10,10,10,6,7,9,4,20,7,17,Duolingo,150,,,,,22,25,C1,intermediate|advanced,intermediate|advanced,cambridge_22_25_intermediate_advanced,4,20,random,,113.26666259765625,1130.6833190917969,153.26666259765625,1152.4499816894531,1,10,hover,17,17,0.7036761303890642,0.5433334350585938,98,,,,,,2026-08-09T15:58:12.658Z,C99S394L,2026-08-09,2026-08-09,12:58:12,2026-08-09 12:58:12,,,,,,,,69eb8f1f108d9b87368ef89d,69eb8f1f108d9b87368ef89d,,,,
2731,raw_position_sample,2,2,int,10,2,2,3,11, at ,1158,135,710173,69eb8f1f108d9b87368ef89d,69eb8f1f108d9b87368ef89d,intermediate,2,69eb8f1f108d9b87368ef89d,69eb8f1f108d9b87368ef89d,spotlight_PROLIFIC,,42,brazil,Portuguese,"portuguese, english, spanish ",spanish,Portuguese:50|English:40|spanish:10,100,Portuguese:40|English:50|spanish:10,100,Portuguese:75|English:20|spanish:5,100,17,4,Bachelor's,10,10,10,6,7,9,4,20,7,17,Duolingo,150,,,,,22,25,C1,intermediate|advanced,intermediate|advanced,cambridge_22_25_intermediate_advanced,4,20,random,,121.26666259765625,1152.449951171875,145.26666259765625,1173.7332916259766,1,11,,,,,,,,,,,,2026-08-09T15:58:12.658Z,C99S394L,2026-08-09,2026-08-09,12:58:12,2026-08-09 12:58:12,,,,,,,,69eb8f1f108d9b87368ef89d,69eb8f1f108d9b87368ef89d,,,,
2781,raw_position_sample,2,2,int,10,2,2,3,11, at ,1165,135,710225,69eb8f1f108d9b87368ef89d,69eb8f1f108d9b87368ef89d,intermediate,2,69eb8f1f108d9b87368ef89d,69eb8f1f108d9b87368ef89d,spotlight_PROLIFIC,,42,brazil,Portuguese,"portuguese, english, spanish ",spanish,Portuguese:50|English:40|spanish:10,100,Portuguese:40|English:50|spanish:10,100,Portuguese:75|English:20|spanish:5,100,17,4,Bachelor's,10,10,10,6,7,9,4,20,7,17,Duolingo,150,,,,,22,25,C1,intermediate|advanced,intermediate|advanced,cambridge_22_25_intermediate_advanced,4,20,random,,121.26666259765625,1152.449951171875,145.26666259765625,1173.7332916259766,1,11,,,,,,,,,,,,2026-08-09T15:58:12.658Z,C99S394L,2026-08-09,2026-08-09,12:58:12,2026-08-09 12:58:12,,,,,,,,69eb8f1f108d9b87368ef89d,69eb8f1f108d9b87368ef89d,,,,
2830,raw_position_sample,2,2,int,10,2,2,3,11, at ,1165,135,710274,69eb8f1f108d9b87368ef89d,69eb8f1f108d9b87368ef89d,intermediate,2,69eb8f1f108d9b87368ef89d,69eb8f1f108d9b87368ef89d,spotlight_PROLIFIC,,42,brazil,Portuguese,"portuguese, english, spanish ",spanish,Portuguese:50|English:40|spanish:10,100,Portuguese:40|English:50|spanish:10,100,Portuguese:75|English:20|spanish:5,100,17,4,Bachelor's,10,10,10,6,7,9,4,20,7,17,Duolingo,150,,,,,22,25,C1,intermediate|advanced,intermediate|advanced,cambridge_22_25_intermediate_advanced,4,20,random,,121.26666259765625,1152.449951171875,145.26666259765625,1173.7332916259766,1,11,,,,,,,,,,,,2026-08-09T15:58:12.658Z,C99S394L,2026-08-09,2026-08-09,12:58:12,2026-08-09 12:58:12,,,,,,,,69eb8f1f108d9b87368ef89d,69eb8f1f108d9b87368ef89d,,,,
2881,raw_position_sample,2,2,int,10,2,2,3,11, at ,1165,135,710324,69eb8f1f108d9b87368ef89d,69eb8f1f108d9b87368ef89d,intermediate,2,69eb8f1f108d9b87368ef89d,69eb8f1f108d9b87368ef89d,spotlight_PROLIFIC,,42,brazil,Portuguese,"portuguese, english, spanish ",spanish,Portuguese:50|English:40|spanish:10,100,Portuguese:40|English:50|spanish:10,100,Portuguese:75|English:20|spanish:5,100,17,4,Bachelor's,10,10,10,6,7,9,4,20,7,17,Duolingo,150,,,,,22,25,C1,intermediate|advanced,intermediate|advanced,cambridge_22_25_intermediate_advanced,4,20,random,,121.26666259765625,1152.449951171875,145.26666259765625,1173.7332916259766,1,11,,,,,,,,,,,,2026-08-09T15:58:12.658Z,C99S394L,2026-08-09,2026-08-09,12:58:12,2026-08-09 12:58:12,,,,,,,,69eb8f1f108d9b87368ef89d,69eb8f1f108d9b87368ef89d,,,,
2932,raw_position_sample,2,2,int,10,2,2,3,11, at ,1170,136,710375,69eb8f1f108d9b87368ef89d,69eb8f1f108d9b87368ef89d,intermediate,2,69eb8f1f108d9b87368ef89d,69eb8f1f108d9b87368ef89d,spotlight_PROLIFIC,,42,brazil,Portuguese,"portuguese, english, spanish ",spanish,Portuguese:50|English:40|spanish:10,100,Portuguese:40|English:50|spanish:10,100,Portuguese:75|English:20|spanish:5,100,17,4,Bachelor's,10,10,10,6,7,9,4,20,7,17,Duolingo,150,,,,,22,25,C1,intermediate|advanced,intermediate|advanced,cambridge_22_25_intermediate_advanced,4,20,random,,121.26666259765625,1152.449951171875,145.26666259765625,1173.7332916259766,1,11,,,,,,,,,,,,2026-08-09T15:58:12.658Z,C99S394L,2026-08-09,2026-08-09,12:58:12,2026-08-09 12:58:12,,,,,,,,69eb8f1f108d9b87368ef89d,69eb8f1f108d9b87368ef89d,,,,
2933,hover_association,2,2,int,10,2,2,3,11, at ,1158,135,,69eb8f1f108d9b87368ef89d,69eb8f1f108d9b87368ef89d,intermediate,2,69eb8f1f108d9b87368ef89d,69eb8f1f108d9b87368ef89d,spotlight_PROLIFIC,,42,brazil,Portuguese,"portuguese, english, spanish ",spanish,Portuguese:50|English:40|spanish:10,100,Portuguese:40|English:50|spanish:10,100,Portuguese:75|English:20|spanish:5,100,17,4,Bachelor's,10,10,10,6,7,9,4,20,7,17,Duolingo,150,,,,,22,25,C1,intermediate|advanced,intermediate|advanced,cambridge_22_25_intermediate_advanced,4,20,random,,113.26666259765625,1152.4499816894531,153.26666259765625,1173.7333450317383,1,11,hover,216,216,0.8245885778625514,0.5683334350585938,98,,,,,,2026-08-09T15:58:12.658Z,C99S394L,2026-08-09,2026-08-09,12:58:12,2026-08-09 12:58:12,,,,,,,,69eb8f1f108d9b87368ef89d,69eb8f1f108d9b87368ef89d,,,,
2982,raw_position_sample,2,2,int,10,2,2,3,12, least ,1195,140,710425,69eb8f1f108d9b87368ef89d,69eb8f1f108d9b87368ef89d,intermediate,2,69eb8f1f108d9b87368ef89d,69eb8f1f108d9b87368ef89d,spotlight_PROLIFIC,,42,brazil,Portuguese,"portuguese, english, spanish ",spanish,Portuguese:50|English:40|spanish:10,100,Portuguese:40|English:50|spanish:10,100,Portuguese:75|English:20|spanish:5,100,17,4,Bachelor's,10,10,10,6,7,9,4,20,7,17,Duolingo,150,,,,,22,25,C1,intermediate|advanced,intermediate|advanced,cambridge_22_25_intermediate_advanced,4,20,random,,121.26666259765625,1173.7333984375,145.26666259765625,1213.7500610351562,1,12,,,,,,,,,,,,2026-08-09T15:58:12.658Z,C99S394L,2026-08-09,2026-08-09,12:58:12,2026-08-09 12:58:12,,,,,,,,69eb8f1f108d9b87368ef89d,69eb8f1f108d9b87368ef89d,,,,
3032,raw_position_sample,2,2,int,10,2,2,3,12, least ,1203,140,710475,69eb8f1f108d9b87368ef89d,69eb8f1f108d9b87368ef89d,intermediate,2,69eb8f1f108d9b87368ef89d,69eb8f1f108d9b87368ef89d,spotlight_PROLIFIC,,42,brazil,Portuguese,"portuguese, english, spanish ",spanish,Portuguese:50|English:40|spanish:10,100,Portuguese:40|English:50|spanish:10,100,Portuguese:75|English:20|spanish:5,100,17,4,Bachelor's,10,10,10,6,7,9,4,20,7,17,Duolingo,150,,,,,22,25,C1,intermediate|advanced,intermediate|advanced,cambridge_22_25_intermediate_advanced,4,20,random,,121.26666259765625,1173.7333984375,145.26666259765625,1213.7500610351562,1,12,,,,,,,,,,,,2026-08-09T15:58:12.658Z,C99S394L,2026-08-09,2026-08-09,12:58:12,2026-08-09 12:58:12,,,,,,,,69eb8f1f108d9b87368ef89d,69eb8f1f108d9b87368ef89d,,,,
3082,raw_position_sample,2,2,int,10,2,2,3,12, least ,1200,140,710526,69eb8f1f108d9b87368ef89d,69eb8f1f108d9b87368ef89d,intermediate,2,69eb8f1f108d9b87368ef89d,69eb8f1f108d9b87368ef89d,spotlight_PROLIFIC,,42,brazil,Portuguese,"portuguese, english, spanish ",spanish,Portuguese:50|English:40|spanish:10,100,Portuguese:40|English:50|spanish:10,100,Portuguese:75|English:20|spanish:5,100,17,4,Bachelor's,10,10,10,6,7,9,4,20,7,17,Duolingo,150,,,,,22,25,C1,intermediate|advanced,intermediate|advanced,cambridge_22_25_intermediate_advanced,4,20,random,,121.26666259765625,1173.7333984375,145.26666259765625,1213.7500610351562,1,12,,,,,,,,,,,,2026-08-09T15:58:12.658Z,C99S394L,2026-08-09,2026-08-09,12:58:12,2026-08-09 12:58:12,,,,,,,,69eb8f1f108d9b87368ef89d,69eb8f1f108d9b87368ef89d,,,,
3116,hover_association,2,2,int,10,2,2,3,12, least ,1178,137,,69eb8f1f108d9b87368ef89d,69eb8f1f108d9b87368ef89d,intermediate,2,69eb8f1f108d9b87368ef89d,69eb8f1f108d9b87368ef89d,spotlight_PROLIFIC,,42,brazil,Portuguese,"portuguese, english, spanish ",spanish,Portuguese:50|English:40|spanish:10,100,Portuguese:40|English:50|spanish:10,100,Portuguese:75|English:20|spanish:5,100,17,4,Bachelor's,10,10,10,6,7,9,4,20,7,17,Duolingo,150,,,,,22,25,C1,intermediate|advanced,intermediate|advanced,cambridge_22_25_intermediate_advanced,4,20,random,,113.26666259765625,1173.7333450317383,153.26666259765625,1217.3450607299806,1,12,hover,183,183,0.18955124410743823,0.6183334350585937,98,,,,,,2026-08-09T15:58:12.658Z,C99S394L,2026-08-09,2026-08-09,12:58:12,2026-08-09 12:58:12,,,,,,,,69eb8f1f108d9b87368ef89d,69eb8f1f108d9b87368ef89d,,,,
3133,hover_association,2,2,int,10,2,2,3,11, at ,1162,136,,69eb8f1f108d9b87368ef89d,69eb8f1f108d9b87368ef89d,intermediate,2,69eb8f1f108d9b87368ef89d,69eb8f1f108d9b87368ef89d,spotlight_PROLIFIC,,42,brazil,Portuguese,"portuguese, english, spanish ",spanish,Portuguese:50|English:40|spanish:10,100,Portuguese:40|English:50|spanish:10,100,Portuguese:75|English:20|spanish:5,100,17,4,Bachelor's,10,10,10,6,7,9,4,20,7,17,Duolingo,150,,,,,22,25,C1,intermediate|advanced,intermediate|advanced,cambridge_22_25_intermediate_advanced,4,20,random,,113.26666259765625,1152.4499816894531,153.26666259765625,1173.7333450317383,1,11,hover,17,17,0.4487081368184502,0.5683334350585938,98,,,,,,2026-08-09T15:58:12.658Z,C99S394L,2026-08-09,2026-08-09,12:58:12,2026-08-09 12:58:12,,,,,,,,69eb8f1f108d9b87368ef89d,69eb8f1f108d9b87368ef89d,,,,
3134,raw_position_sample,2,2,int,10,2,2,3,10, of ,1139,133,710577,69eb8f1f108d9b87368ef89d,69eb8f1f108d9b87368ef89d,intermediate,2,69eb8f1f108d9b87368ef89d,69eb8f1f108d9b87368ef89d,spotlight_PROLIFIC,,42,brazil,Portuguese,"portuguese, english, spanish ",spanish,Portuguese:50|English:40|spanish:10,100,Portuguese:40|English:50|spanish:10,100,Portuguese:75|English:20|spanish:5,100,17,4,Bachelor's,10,10,10,6,7,9,4,20,7,17,Duolingo,150,,,,,22,25,C1,intermediate|advanced,intermediate|advanced,cambridge_22_25_intermediate_advanced,4,20,random,,121.26666259765625,1130.683349609375,145.26666259765625,1152.4500122070312,1,10,,,,,,,,,,,,2026-08-09T15:58:12.658Z,C99S394L,2026-08-09,2026-08-09,12:58:12,2026-08-09 12:58:12,,,,,,,,69eb8f1f108d9b87368ef89d,69eb8f1f108d9b87368ef89d,,,,
3150,hover_association,2,2,int,10,2,2,3,10, of ,1139,133,,69eb8f1f108d9b87368ef89d,69eb8f1f108d9b87368ef89d,intermediate,2,69eb8f1f108d9b87368ef89d,69eb8f1f108d9b87368ef89d,spotlight_PROLIFIC,,42,brazil,Portuguese,"portuguese, english, spanish ",spanish,Portuguese:50|English:40|spanish:10,100,Portuguese:40|English:50|spanish:10,100,Portuguese:75|English:20|spanish:5,100,17,4,Bachelor's,10,10,10,6,7,9,4,20,7,17,Duolingo,150,,,,,22,25,C1,intermediate|advanced,intermediate|advanced,cambridge_22_25_intermediate_advanced,4,20,random,,113.26666259765625,1130.6833190917969,153.26666259765625,1152.4499816894531,1,10,hover,17,17,0.38208342096039255,0.49333343505859373,98,,,,,,2026-08-09T15:58:12.658Z,C99S394L,2026-08-09,2026-08-09,12:58:12,2026-08-09 12:58:12,,,,,,,,69eb8f1f108d9b87368ef89d,69eb8f1f108d9b87368ef89d,,,,
3183,hover_association,2,2,int,10,2,2,3,9, speed ,1111,132,,69eb8f1f108d9b87368ef89d,69eb8f1f108d9b87368ef89d,intermediate,2,69eb8f1f108d9b87368ef89d,69eb8f1f108d9b87368ef89d,spotlight_PROLIFIC,,42,brazil,Portuguese,"portuguese, english, spanish ",spanish,Portuguese:50|English:40|spanish:10,100,Portuguese:40|English:50|spanish:10,100,Portuguese:75|English:20|spanish:5,100,17,4,Bachelor's,10,10,10,6,7,9,4,20,7,17,Duolingo,150,,,,,22,25,C1,intermediate|advanced,intermediate|advanced,cambridge_22_25_intermediate_advanced,4,20,random,,113.26666259765625,1074.949951171875,153.26666259765625,1130.6833190917969,1,9,hover,33,33,0.1264960129137461,0.41833343505859377,98,,,,,,2026-08-09T15:58:12.658Z,C99S394L,2026-08-09,2026-08-09,12:58:12,2026-08-09 12:58:12,,,,,,,,69eb8f1f108d9b87368ef89d,69eb8f1f108d9b87368ef89d,,,,
3184,raw_position_sample,2,2,int,10,2,2,3,7, at ,1047,130,710628,69eb8f1f108d9b87368ef89d,69eb8f1f108d9b87368ef89d,intermediate,2,69eb8f1f108d9b87368ef89d,69eb8f1f108d9b87368ef89d,spotlight_PROLIFIC,,42,brazil,Portuguese,"portuguese, english, spanish ",spanish,Portuguese:50|English:40|spanish:10,100,Portuguese:40|English:50|spanish:10,100,Portuguese:75|English:20|spanish:5,100,17,4,Bachelor's,10,10,10,6,7,9,4,20,7,17,Duolingo,150,,,,,22,25,C1,intermediate|advanced,intermediate|advanced,cambridge_22_25_intermediate_advanced,4,20,random,,121.26666259765625,1038.88330078125,145.26666259765625,1060.1666412353516,1,7,,,,,,,,,,,,2026-08-09T15:58:12.658Z,C99S394L,2026-08-09,2026-08-09,12:58:12,2026-08-09 12:58:12,,,,,,,,69eb8f1f108d9b87368ef89d,69eb8f1f108d9b87368ef89d,,,,
3200,hover_association,2,2,int,10,2,2,3,7, at ,1047,130,,69eb8f1f108d9b87368ef89d,69eb8f1f108d9b87368ef89d,intermediate,2,69eb8f1f108d9b87368ef89d,69eb8f1f108d9b87368ef89d,spotlight_PROLIFIC,,42,brazil,Portuguese,"portuguese, english, spanish ",spanish,Portuguese:50|English:40|spanish:10,100,Portuguese:40|English:50|spanish:10,100,Portuguese:75|English:20|spanish:5,100,17,4,Bachelor's,10,10,10,6,7,9,4,20,7,17,Duolingo,150,,,,,22,25,C1,intermediate|advanced,intermediate|advanced,cambridge_22_25_intermediate_advanced,4,20,random,,113.26666259765625,1038.883316040039,153.26666259765625,1060.166633605957,1,7,hover,17,17,0.38136366357463863,0.41833343505859377,98,,,,,,2026-08-09T15:58:12.658Z,C99S394L,2026-08-09,2026-08-09,12:58:12,2026-08-09 12:58:12,,,,,,,,69eb8f1f108d9b87368ef89d,69eb8f1f108d9b87368ef89d,,,,
3233,hover_association,2,2,int,10,2,2,3,6, traveling ,1014,130,,69eb8f1f108d9b87368ef89d,69eb8f1f108d9b87368ef89d,intermediate,2,69eb8f1f108d9b87368ef89d,69eb8f1f108d9b87368ef89d,spotlight_PROLIFIC,,42,brazil,Portuguese,"portuguese, english, spanish ",spanish,Portuguese:50|English:40|spanish:10,100,Portuguese:40|English:50|spanish:10,100,Portuguese:75|English:20|spanish:5,100,17,4,Bachelor's,10,10,10,6,7,9,4,20,7,17,Duolingo,150,,,,,22,25,C1,intermediate|advanced,intermediate|advanced,cambridge_22_25_intermediate_advanced,4,20,random,,113.26666259765625,959.7499923706055,153.26666259765625,1038.883316040039,1,6,hover,33,33,0.3317187552875904,0.46833343505859376,98,,,,,,2026-08-09T15:58:12.658Z,C99S394L,2026-08-09,2026-08-09,12:58:12,2026-08-09 12:58:12,,,,,,,,69eb8f1f108d9b87368ef89d,69eb8f1f108d9b87368ef89d,,,,
3235,raw_position_sample,2,2,int,10,2,2,3,5, atmosphere ,952,136,710678,69eb8f1f108d9b87368ef89d,69eb8f1f108d9b87368ef89d,intermediate,2,69eb8f1f108d9b87368ef89d,69eb8f1f108d9b87368ef89d,spotlight_PROLIFIC,,42,brazil,Portuguese,"portuguese, english, spanish ",spanish,Portuguese:50|English:40|spanish:10,100,Portuguese:40|English:50|spanish:10,100,Portuguese:75|English:20|spanish:5,100,17,4,Bachelor's,10,10,10,6,7,9,4,20,7,17,Duolingo,150,,,,,22,25,C1,intermediate|advanced,intermediate|advanced,cambridge_22_25_intermediate_advanced,4,20,random,,121.26666259765625,852.5833129882812,145.26666259765625,959.7499847412109,1,5,,,,,,,,,,,,2026-08-09T15:58:12.658Z,C99S394L,2026-08-09,2026-08-09,12:58:12,2026-08-09 12:58:12,,,,,,,,69eb8f1f108d9b87368ef89d,69eb8f1f108d9b87368ef89d,,,,
3284,raw_position_sample,2,2,int,10,2,2,3,5, atmosphere ,886,136,710728,69eb8f1f108d9b87368ef89d,69eb8f1f108d9b87368ef89d,intermediate,2,69eb8f1f108d9b87368ef89d,69eb8f1f108d9b87368ef89d,spotlight_PROLIFIC,,42,brazil,Portuguese,"portuguese, english, spanish ",spanish,Portuguese:50|English:40|spanish:10,100,Portuguese:40|English:50|spanish:10,100,Portuguese:75|English:20|spanish:5,100,17,4,Bachelor's,10,10,10,6,7,9,4,20,7,17,Duolingo,150,,,,,22,25,C1,intermediate|advanced,intermediate|advanced,cambridge_22_25_intermediate_advanced,4,20,random,,121.26666259765625,852.5833129882812,145.26666259765625,959.7499847412109,1,5,,,,,,,,,,,,2026-08-09T15:58:12.658Z,C99S394L,2026-08-09,2026-08-09,12:58:12,2026-08-09 12:58:12,,,,,,,,69eb8f1f108d9b87368ef89d,69eb8f1f108d9b87368ef89d,,,,
3316,hover_association,2,2,int,10,2,2,3,5, atmosphere ,952,136,,69eb8f1f108d9b87368ef89d,69eb8f1f108d9b87368ef89d,intermediate,2,69eb8f1f108d9b87368ef89d,69eb8f1f108d9b87368ef89d,spotlight_PROLIFIC,,42,brazil,Portuguese,"portuguese, english, spanish ",spanish,Portuguese:50|English:40|spanish:10,100,Portuguese:40|English:50|spanish:10,100,Portuguese:75|English:20|spanish:5,100,17,4,Bachelor's,10,10,10,6,7,9,4,20,7,17,Duolingo,150,,,,,22,25,C1,intermediate|advanced,intermediate|advanced,cambridge_22_25_intermediate_advanced,4,20,random,,113.26666259765625,852.5833053588867,153.26666259765625,959.7499923706055,1,5,hover,84,84,0.07853834877057374,0.5683334350585938,98,,,,,,2026-08-09T15:58:12.658Z,C99S394L,2026-08-09,2026-08-09,12:58:12,2026-08-09 12:58:12,,,,,,,,69eb8f1f108d9b87368ef89d,69eb8f1f108d9b87368ef89d,,,,
3335,raw_position_sample,2,2,int,10,2,2,3,4, the ,834,136,710778,69eb8f1f108d9b87368ef89d,69eb8f1f108d9b87368ef89d,intermediate,2,69eb8f1f108d9b87368ef89d,69eb8f1f108d9b87368ef89d,spotlight_PROLIFIC,,42,brazil,Portuguese,"portuguese, english, spanish ",spanish,Portuguese:50|English:40|spanish:10,100,Portuguese:40|English:50|spanish:10,100,Portuguese:75|English:20|spanish:5,100,17,4,Bachelor's,10,10,10,6,7,9,4,20,7,17,Duolingo,150,,,,,22,25,C1,intermediate|advanced,intermediate|advanced,cambridge_22_25_intermediate_advanced,4,20,random,,121.26666259765625,820.13330078125,145.26666259765625,852.5832977294922,1,4,,,,,,,,,,,,2026-08-09T15:58:12.658Z,C99S394L,2026-08-09,2026-08-09,12:58:12,2026-08-09 12:58:12,,,,,,,,69eb8f1f108d9b87368ef89d,69eb8f1f108d9b87368ef89d,,,,
3385,raw_position_sample,2,2,int,10,2,2,3,4, the ,834,136,710828,69eb8f1f108d9b87368ef89d,69eb8f1f108d9b87368ef89d,intermediate,2,69eb8f1f108d9b87368ef89d,69eb8f1f108d9b87368ef89d,spotlight_PROLIFIC,,42,brazil,Portuguese,"portuguese, english, spanish ",spanish,Portuguese:50|English:40|spanish:10,100,Portuguese:40|English:50|spanish:10,100,Portuguese:75|English:20|spanish:5,100,17,4,Bachelor's,10,10,10,6,7,9,4,20,7,17,Duolingo,150,,,,,22,25,C1,intermediate|advanced,intermediate|advanced,cambridge_22_25_intermediate_advanced,4,20,random,,121.26666259765625,820.13330078125,145.26666259765625,852.5832977294922,1,4,,,,,,,,,,,,2026-08-09T15:58:12.658Z,C99S394L,2026-08-09,2026-08-09,12:58:12,2026-08-09 12:58:12,,,,,,,,69eb8f1f108d9b87368ef89d,69eb8f1f108d9b87368ef89d,,,,
3436,raw_position_sample,2,2,int,10,2,2,3,4, the ,834,136,710880,69eb8f1f108d9b87368ef89d,69eb8f1f108d9b87368ef89d,intermediate,2,69eb8f1f108d9b87368ef89d,69eb8f1f108d9b87368ef89d,spotlight_PROLIFIC,,42,brazil,Portuguese,"portuguese, english, spanish ",spanish,Portuguese:50|English:40|spanish:10,100,Portuguese:40|English:50|spanish:10,100,Portuguese:75|English:20|spanish:5,100,17,4,Bachelor's,10,10,10,6,7,9,4,20,7,17,Duolingo,150,,,,,22,25,C1,intermediate|advanced,intermediate|advanced,cambridge_22_25_intermediate_advanced,4,20,random,,121.26666259765625,820.13330078125,145.26666259765625,852.5832977294922,1,4,,,,,,,,,,,,2026-08-09T15:58:12.658Z,C99S394L,2026-08-09,2026-08-09,12:58:12,2026-08-09 12:58:12,,,,,,,,69eb8f1f108d9b87368ef89d,69eb8f1f108d9b87368ef89d,,,,
3486,raw_position_sample,2,2,int,10,2,2,3,4, the ,834,136,710929,69eb8f1f108d9b87368ef89d,69eb8f1f108d9b87368ef89d,intermediate,2,69eb8f1f108d9b87368ef89d,69eb8f1f108d9b87368ef89d,spotlight_PROLIFIC,,42,brazil,Portuguese,"portuguese, english, spanish ",spanish,Portuguese:50|English:40|spanish:10,100,Portuguese:40|English:50|spanish:10,100,Portuguese:75|English:20|spanish:5,100,17,4,Bachelor's,10,10,10,6,7,9,4,20,7,17,Duolingo,150,,,,,22,25,C1,intermediate|advanced,intermediate|advanced,cambridge_22_25_intermediate_advanced,4,20,random,,121.26666259765625,820.13330078125,145.26666259765625,852.5832977294922,1,4,,,,,,,,,,,,2026-08-09T15:58:12.658Z,C99S394L,2026-08-09,2026-08-09,12:58:12,2026-08-09 12:58:12,,,,,,,,69eb8f1f108d9b87368ef89d,69eb8f1f108d9b87368ef89d,,,,
3535,raw_position_sample,2,2,int,10,2,2,3,4, the ,825,136,710980,69eb8f1f108d9b87368ef89d,69eb8f1f108d9b87368ef89d,intermediate,2,69eb8f1f108d9b87368ef89d,69eb8f1f108d9b87368ef89d,spotlight_PROLIFIC,,42,brazil,Portuguese,"portuguese, english, spanish ",spanish,Portuguese:50|English:40|spanish:10,100,Portuguese:40|English:50|spanish:10,100,Portuguese:75|English:20|spanish:5,100,17,4,Bachelor's,10,10,10,6,7,9,4,20,7,17,Duolingo,150,,,,,22,25,C1,intermediate|advanced,intermediate|advanced,cambridge_22_25_intermediate_advanced,4,20,random,,121.26666259765625,820.13330078125,145.26666259765625,852.5832977294922,1,4,,,,,,,,,,,,2026-08-09T15:58:12.658Z,C99S394L,2026-08-09,2026-08-09,12:58:12,2026-08-09 12:58:12,,,,,,,,69eb8f1f108d9b87368ef89d,69eb8f1f108d9b87368ef89d,,,,
3549,hover_association,2,2,int,10,2,2,3,4, the ,842,136,,69eb8f1f108d9b87368ef89d,69eb8f1f108d9b87368ef89d,intermediate,2,69eb8f1f108d9b87368ef89d,69eb8f1f108d9b87368ef89d,spotlight_PROLIFIC,,42,brazil,Portuguese,"portuguese, english, spanish ",spanish,Portuguese:50|English:40|spanish:10,100,Portuguese:40|English:50|spanish:10,100,Portuguese:75|English:20|spanish:5,100,17,4,Bachelor's,10,10,10,6,7,9,4,20,7,17,Duolingo,150,,,,,22,25,C1,intermediate|advanced,intermediate|advanced,cambridge_22_25_intermediate_advanced,4,20,random,,113.26666259765625,820.1333160400391,153.26666259765625,852.5833053588867,1,4,hover,233,233,0.14997490175241018,0.5683334350585938,98,,,,,,2026-08-09T15:58:12.658Z,C99S394L,2026-08-09,2026-08-09,12:58:12,2026-08-09 12:58:12,,,,,,,,69eb8f1f108d9b87368ef89d,69eb8f1f108d9b87368ef89d,,,,
3586,raw_position_sample,2,2,int,10,2,2,3,3, entered ,760,144,711030,69eb8f1f108d9b87368ef89d,69eb8f1f108d9b87368ef89d,intermediate,2,69eb8f1f108d9b87368ef89d,69eb8f1f108d9b87368ef89d,spotlight_PROLIFIC,,42,brazil,Portuguese,"portuguese, english, spanish ",spanish,Portuguese:50|English:40|spanish:10,100,Portuguese:40|English:50|spanish:10,100,Portuguese:75|English:20|spanish:5,100,17,4,Bachelor's,10,10,10,6,7,9,4,20,7,17,Duolingo,150,,,,,22,25,C1,intermediate|advanced,intermediate|advanced,cambridge_22_25_intermediate_advanced,4,20,random,,121.26666259765625,749.25,145.26666259765625,820.1333312988281,1,3,,,,,,,,,,,,2026-08-09T15:58:12.658Z,C99S394L,2026-08-09,2026-08-09,12:58:12,2026-08-09 12:58:12,,,,,,,,69eb8f1f108d9b87368ef89d,69eb8f1f108d9b87368ef89d,,,,
3600,hover_association,2,2,int,10,2,2,3,3, entered ,809,141,,69eb8f1f108d9b87368ef89d,69eb8f1f108d9b87368ef89d,intermediate,2,69eb8f1f108d9b87368ef89d,69eb8f1f108d9b87368ef89d,spotlight_PROLIFIC,,42,brazil,Portuguese,"portuguese, english, spanish ",spanish,Portuguese:50|English:40|spanish:10,100,Portuguese:40|English:50|spanish:10,100,Portuguese:75|English:20|spanish:5,100,17,4,Bachelor's,10,10,10,6,7,9,4,20,7,17,Duolingo,150,,,,,22,25,C1,intermediate|advanced,intermediate|advanced,cambridge_22_25_intermediate_advanced,4,20,random,,113.26666259765625,749.2499923706055,153.26666259765625,820.1333160400391,1,3,hover,50,50,0.15165778173054495,0.7683334350585938,98,,,,,,2026-08-09T15:58:12.658Z,C99S394L,2026-08-09,2026-08-09,12:58:12,2026-08-09 12:58:12,,,,,,,,69eb8f1f108d9b87368ef89d,69eb8f1f108d9b87368ef89d,,,,
3637,raw_position_sample,2,2,int,10,2,2,3,2, meteorite ,731,148,711080,69eb8f1f108d9b87368ef89d,69eb8f1f108d9b87368ef89d,intermediate,2,69eb8f1f108d9b87368ef89d,69eb8f1f108d9b87368ef89d,spotlight_PROLIFIC,,42,brazil,Portuguese,"portuguese, english, spanish ",spanish,Portuguese:50|English:40|spanish:10,100,Portuguese:40|English:50|spanish:10,100,Portuguese:75|English:20|spanish:5,100,17,4,Bachelor's,10,10,10,6,7,9,4,20,7,17,Duolingo,150,,,,,22,25,C1,intermediate|advanced,intermediate|advanced,cambridge_22_25_intermediate_advanced,4,20,random,,121.26666259765625,661.316650390625,145.26666259765625,749.2499847412109,1,2,,,,,,,,,,,,2026-08-09T15:58:12.658Z,C99S394L,2026-08-09,2026-08-09,12:58:12,2026-08-09 12:58:12,,,,,,,,69eb8f1f108d9b87368ef89d,69eb8f1f108d9b87368ef89d,,,,
3687,raw_position_sample,2,2,int,10,2,2,3,2, meteorite ,731,148,711130,69eb8f1f108d9b87368ef89d,69eb8f1f108d9b87368ef89d,intermediate,2,69eb8f1f108d9b87368ef89d,69eb8f1f108d9b87368ef89d,spotlight_PROLIFIC,,42,brazil,Portuguese,"portuguese, english, spanish ",spanish,Portuguese:50|English:40|spanish:10,100,Portuguese:40|English:50|spanish:10,100,Portuguese:75|English:20|spanish:5,100,17,4,Bachelor's,10,10,10,6,7,9,4,20,7,17,Duolingo,150,,,,,22,25,C1,intermediate|advanced,intermediate|advanced,cambridge_22_25_intermediate_advanced,4,20,random,,121.26666259765625,661.316650390625,145.26666259765625,749.2499847412109,1,2,,,,,,,,,,,,2026-08-09T15:58:12.658Z,C99S394L,2026-08-09,2026-08-09,12:58:12,2026-08-09 12:58:12,,,,,,,,69eb8f1f108d9b87368ef89d,69eb8f1f108d9b87368ef89d,,,,
3737,raw_position_sample,2,2,int,10,2,2,3,2, meteorite ,728,148,711180,69eb8f1f108d9b87368ef89d,69eb8f1f108d9b87368ef89d,intermediate,2,69eb8f1f108d9b87368ef89d,69eb8f1f108d9b87368ef89d,spotlight_PROLIFIC,,42,brazil,Portuguese,"portuguese, english, spanish ",spanish,Portuguese:50|English:40|spanish:10,100,Portuguese:40|English:50|spanish:10,100,Portuguese:75|English:20|spanish:5,100,17,4,Bachelor's,10,10,10,6,7,9,4,20,7,17,Duolingo,150,,,,,22,25,C1,intermediate|advanced,intermediate|advanced,cambridge_22_25_intermediate_advanced,4,20,random,,121.26666259765625,661.316650390625,145.26666259765625,749.2499847412109,1,2,,,,,,,,,,,,2026-08-09T15:58:12.658Z,C99S394L,2026-08-09,2026-08-09,12:58:12,2026-08-09 12:58:12,,,,,,,,69eb8f1f108d9b87368ef89d,69eb8f1f108d9b87368ef89d,,,,
3787,raw_position_sample,2,2,int,10,2,2,3,2, meteorite ,722,150,711231,69eb8f1f108d9b87368ef89d,69eb8f1f108d9b87368ef89d,intermediate,2,69eb8f1f108d9b87368ef89d,69eb8f1f108d9b87368ef89d,spotlight_PROLIFIC,,42,brazil,Portuguese,"portuguese, english, spanish ",spanish,Portuguese:50|English:40|spanish:10,100,Portuguese:40|English:50|spanish:10,100,Portuguese:75|English:20|spanish:5,100,17,4,Bachelor's,10,10,10,6,7,9,4,20,7,17,Duolingo,150,,,,,22,25,C1,intermediate|advanced,intermediate|advanced,cambridge_22_25_intermediate_advanced,4,20,random,,121.26666259765625,661.316650390625,145.26666259765625,749.2499847412109,1,2,,,,,,,,,,,,2026-08-09T15:58:12.658Z,C99S394L,2026-08-09,2026-08-09,12:58:12,2026-08-09 12:58:12,,,,,,,,69eb8f1f108d9b87368ef89d,69eb8f1f108d9b87368ef89d,,,,
3816,hover_association,2,2,int,10,2,2,3,2, meteorite ,741,146,,69eb8f1f108d9b87368ef89d,69eb8f1f108d9b87368ef89d,intermediate,2,69eb8f1f108d9b87368ef89d,69eb8f1f108d9b87368ef89d,spotlight_PROLIFIC,,42,brazil,Portuguese,"portuguese, english, spanish ",spanish,Portuguese:50|English:40|spanish:10,100,Portuguese:40|English:50|spanish:10,100,Portuguese:75|English:20|spanish:5,100,17,4,Bachelor's,10,10,10,6,7,9,4,20,7,17,Duolingo,150,,,,,22,25,C1,intermediate|advanced,intermediate|advanced,cambridge_22_25_intermediate_advanced,4,20,random,,113.26666259765625,661.3166732788086,153.26666259765625,749.2499923706055,1,2,hover,216,216,0.6218726563034137,0.9683334350585937,98,,,,,,2026-08-09T15:58:12.658Z,C99S394L,2026-08-09,2026-08-09,12:58:12,2026-08-09 12:58:12,,,,,,,,69eb8f1f108d9b87368ef89d,69eb8f1f108d9b87368ef89d,,,,
3838,raw_position_sample,2,2,int,10,2,2,3,13," 33,000mph ",699,158,711281,69eb8f1f108d9b87368ef89d,69eb8f1f108d9b87368ef89d,intermediate,2,69eb8f1f108d9b87368ef89d,69eb8f1f108d9b87368ef89d,spotlight_PROLIFIC,,42,brazil,Portuguese,"portuguese, english, spanish ",spanish,Portuguese:50|English:40|spanish:10,100,Portuguese:40|English:50|spanish:10,100,Portuguese:75|English:20|spanish:5,100,17,4,Bachelor's,10,10,10,6,7,9,4,20,7,17,Duolingo,150,,,,,22,25,C1,intermediate|advanced,intermediate|advanced,cambridge_22_25_intermediate_advanced,4,20,random,,161.26666259765625,625.36669921875,185.26666259765625,725.3833618164062,2,1,,,,,,,,,,,,2026-08-09T15:58:12.658Z,C99S394L,2026-08-09,2026-08-09,12:58:12,2026-08-09 12:58:12,,,,,,,,69eb8f1f108d9b87368ef89d,69eb8f1f108d9b87368ef89d,,,,
3894,raw_position_sample,2,2,int,10,2,2,3,13," 33,000mph ",694,163,711337,69eb8f1f108d9b87368ef89d,69eb8f1f108d9b87368ef89d,intermediate,2,69eb8f1f108d9b87368ef89d,69eb8f1f108d9b87368ef89d,spotlight_PROLIFIC,,42,brazil,Portuguese,"portuguese, english, spanish ",spanish,Portuguese:50|English:40|spanish:10,100,Portuguese:40|English:50|spanish:10,100,Portuguese:75|English:20|spanish:5,100,17,4,Bachelor's,10,10,10,6,7,9,4,20,7,17,Duolingo,150,,,,,22,25,C1,intermediate|advanced,intermediate|advanced,cambridge_22_25_intermediate_advanced,4,20,random,,161.26666259765625,625.36669921875,185.26666259765625,725.3833618164062,2,1,,,,,,,,,,,,2026-08-09T15:58:12.658Z,C99S394L,2026-08-09,2026-08-09,12:58:12,2026-08-09 12:58:12,,,,,,,,69eb8f1f108d9b87368ef89d,69eb8f1f108d9b87368ef89d,,,,
3945,raw_position_sample,2,2,int,10,2,2,3,13," 33,000mph ",690,169,711387,69eb8f1f108d9b87368ef89d,69eb8f1f108d9b87368ef89d,intermediate,2,69eb8f1f108d9b87368ef89d,69eb8f1f108d9b87368ef89d,spotlight_PROLIFIC,,42,brazil,Portuguese,"portuguese, english, spanish ",spanish,Portuguese:50|English:40|spanish:10,100,Portuguese:40|English:50|spanish:10,100,Portuguese:75|English:20|spanish:5,100,17,4,Bachelor's,10,10,10,6,7,9,4,20,7,17,Duolingo,150,,,,,22,25,C1,intermediate|advanced,intermediate|advanced,cambridge_22_25_intermediate_advanced,4,20,random,,161.26666259765625,625.36669921875,185.26666259765625,725.3833618164062,2,1,,,,,,,,,,,,2026-08-09T15:58:12.658Z,C99S394L,2026-08-09,2026-08-09,12:58:12,2026-08-09 12:58:12,,,,,,,,69eb8f1f108d9b87368ef89d,69eb8f1f108d9b87368ef89d,,,,
3995,raw_position_sample,2,2,int,10,2,2,3,13," 33,000mph ",688,174,711438,69eb8f1f108d9b87368ef89d,69eb8f1f108d9b87368ef89d,intermediate,2,69eb8f1f108d9b87368ef89d,69eb8f1f108d9b87368ef89d,spotlight_PROLIFIC,,42,brazil,Portuguese,"portuguese, english, spanish ",spanish,Portuguese:50|English:40|spanish:10,100,Portuguese:40|English:50|spanish:10,100,Portuguese:75|English:20|spanish:5,100,17,4,Bachelor's,10,10,10,6,7,9,4,20,7,17,Duolingo,150,,,,,22,25,C1,intermediate|advanced,intermediate|advanced,cambridge_22_25_intermediate_advanced,4,20,random,,161.26666259765625,625.36669921875,185.26666259765625,725.3833618164062,2,1,,,,,,,,,,,,2026-08-09T15:58:12.658Z,C99S394L,2026-08-09,2026-08-09,12:58:12,2026-08-09 12:58:12,,,,,,,,69eb8f1f108d9b87368ef89d,69eb8f1f108d9b87368ef89d,,,,
4044,raw_position_sample,2,2,int,10,2,2,3,13," 33,000mph ",686,175,711487,69eb8f1f108d9b87368ef89d,69eb8f1f108d9b87368ef89d,intermediate,2,69eb8f1f108d9b87368ef89d,69eb8f1f108d9b87368ef89d,spotlight_PROLIFIC,,42,brazil,Portuguese,"portuguese, english, spanish ",spanish,Portuguese:50|English:40|spanish:10,100,Portuguese:40|English:50|spanish:10,100,Portuguese:75|English:20|spanish:5,100,17,4,Bachelor's,10,10,10,6,7,9,4,20,7,17,Duolingo,150,,,,,22,25,C1,intermediate|advanced,intermediate|advanced,cambridge_22_25_intermediate_advanced,4,20,random,,161.26666259765625,625.36669921875,185.26666259765625,725.3833618164062,2,1,,,,,,,,,,,,2026-08-09T15:58:12.658Z,C99S394L,2026-08-09,2026-08-09,12:58:12,2026-08-09 12:58:12,,,,,,,,69eb8f1f108d9b87368ef89d,69eb8f1f108d9b87368ef89d,,,,
4095,raw_position_sample,2,2,int,10,2,2,3,13," 33,000mph ",686,175,711538,69eb8f1f108d9b87368ef89d,69eb8f1f108d9b87368ef89d,intermediate,2,69eb8f1f108d9b87368ef89d,69eb8f1f108d9b87368ef89d,spotlight_PROLIFIC,,42,brazil,Portuguese,"portuguese, english, spanish ",spanish,Portuguese:50|English:40|spanish:10,100,Portuguese:40|English:50|spanish:10,100,Portuguese:75|English:20|spanish:5,100,17,4,Bachelor's,10,10,10,6,7,9,4,20,7,17,Duolingo,150,,,,,22,25,C1,intermediate|advanced,intermediate|advanced,cambridge_22_25_intermediate_advanced,4,20,random,,161.26666259765625,625.36669921875,185.26666259765625,725.3833618164062,2,1,,,,,,,,,,,,2026-08-09T15:58:12.658Z,C99S394L,2026-08-09,2026-08-09,12:58:12,2026-08-09 12:58:12,,,,,,,,69eb8f1f108d9b87368ef89d,69eb8f1f108d9b87368ef89d,,,,
4144,raw_position_sample,2,2,int,10,2,2,3,13," 33,000mph ",686,175,711589,69eb8f1f108d9b87368ef89d,69eb8f1f108d9b87368ef89d,intermediate,2,69eb8f1f108d9b87368ef89d,69eb8f1f108d9b87368ef89d,spotlight_PROLIFIC,,42,brazil,Portuguese,"portuguese, english, spanish ",spanish,Portuguese:50|English:40|spanish:10,100,Portuguese:40|English:50|spanish:10,100,Portuguese:75|English:20|spanish:5,100,17,4,Bachelor's,10,10,10,6,7,9,4,20,7,17,Duolingo,150,,,,,22,25,C1,intermediate|advanced,intermediate|advanced,cambridge_22_25_intermediate_advanced,4,20,random,,161.26666259765625,625.36669921875,185.26666259765625,725.3833618164062,2,1,,,,,,,,,,,,2026-08-09T15:58:12.658Z,C99S394L,2026-08-09,2026-08-09,12:58:12,2026-08-09 12:58:12,,,,,,,,69eb8f1f108d9b87368ef89d,69eb8f1f108d9b87368ef89d,,,,
4196,raw_position_sample,2,2,int,10,2,2,3,13," 33,000mph ",686,175,711638,69eb8f1f108d9b87368ef89d,69eb8f1f108d9b87368ef89d,intermediate,2,69eb8f1f108d9b87368ef89d,69eb8f1f108d9b87368ef89d,spotlight_PROLIFIC,,42,brazil,Portuguese,"portuguese, english, spanish ",spanish,Portuguese:50|English:40|spanish:10,100,Portuguese:40|English:50|spanish:10,100,Portuguese:75|English:20|spanish:5,100,17,4,Bachelor's,10,10,10,6,7,9,4,20,7,17,Duolingo,150,,,,,22,25,C1,intermediate|advanced,intermediate|advanced,cambridge_22_25_intermediate_advanced,4,20,random,,161.26666259765625,625.36669921875,185.26666259765625,725.3833618164062,2,1,,,,,,,,,,,,2026-08-09T15:58:12.658Z,C99S394L,2026-08-09,2026-08-09,12:58:12,2026-08-09 12:58:12,,,,,,,,69eb8f1f108d9b87368ef89d,69eb8f1f108d9b87368ef89d,,,,
4245,raw_position_sample,2,2,int,10,2,2,3,13," 33,000mph ",686,175,711689,69eb8f1f108d9b87368ef89d,69eb8f1f108d9b87368ef89d,intermediate,2,69eb8f1f108d9b87368ef89d,69eb8f1f108d9b87368ef89d,spotlight_PROLIFIC,,42,brazil,Portuguese,"portuguese, english, spanish ",spanish,Portuguese:50|English:40|spanish:10,100,Portuguese:40|English:50|spanish:10,100,Portuguese:75|English:20|spanish:5,100,17,4,Bachelor's,10,10,10,6,7,9,4,20,7,17,Duolingo,150,,,,,22,25,C1,intermediate|advanced,intermediate|advanced,cambridge_22_25_intermediate_advanced,4,20,random,,161.26666259765625,625.36669921875,185.26666259765625,725.3833618164062,2,1,,,,,,,,,,,,2026-08-09T15:58:12.658Z,C99S394L,2026-08-09,2026-08-09,12:58:12,2026-08-09 12:58:12,,,,,,,,69eb8f1f108d9b87368ef89d,69eb8f1f108d9b87368ef89d,,,,
4300,raw_position_sample,2,2,int,10,2,2,3,13," 33,000mph ",686,175,711743,69eb8f1f108d9b87368ef89d,69eb8f1f108d9b87368ef89d,intermediate,2,69eb8f1f108d9b87368ef89d,69eb8f1f108d9b87368ef89d,spotlight_PROLIFIC,,42,brazil,Portuguese,"portuguese, english, spanish ",spanish,Portuguese:50|English:40|spanish:10,100,Portuguese:40|English:50|spanish:10,100,Portuguese:75|English:20|spanish:5,100,17,4,Bachelor's,10,10,10,6,7,9,4,20,7,17,Duolingo,150,,,,,22,25,C1,intermediate|advanced,intermediate|advanced,cambridge_22_25_intermediate_advanced,4,20,random,,161.26666259765625,625.36669921875,185.26666259765625,725.3833618164062,2,1,,,,,,,,,,,,2026-08-09T15:58:12.658Z,C99S394L,2026-08-09,2026-08-09,12:58:12,2026-08-09 12:58:12,,,,,,,,69eb8f1f108d9b87368ef89d,69eb8f1f108d9b87368ef89d,,,,
4350,raw_position_sample,2,2,int,10,2,2,3,13," 33,000mph ",647,175,711793,69eb8f1f108d9b87368ef89d,69eb8f1f108d9b87368ef89d,intermediate,2,69eb8f1f108d9b87368ef89d,69eb8f1f108d9b87368ef89d,spotlight_PROLIFIC,,42,brazil,Portuguese,"portuguese, english, spanish ",spanish,Portuguese:50|English:40|spanish:10,100,Portuguese:40|English:50|spanish:10,100,Portuguese:75|English:20|spanish:5,100,17,4,Bachelor's,10,10,10,6,7,9,4,20,7,17,Duolingo,150,,,,,22,25,C1,intermediate|advanced,intermediate|advanced,cambridge_22_25_intermediate_advanced,4,20,random,,161.26666259765625,625.36669921875,185.26666259765625,725.3833618164062,2,1,,,,,,,,,,,,2026-08-09T15:58:12.658Z,C99S394L,2026-08-09,2026-08-09,12:58:12,2026-08-09 12:58:12,,,,,,,,69eb8f1f108d9b87368ef89d,69eb8f1f108d9b87368ef89d,,,,
4366,hover_association,2,2,int,10,2,2,3,13," 33,000mph ",707,155,,69eb8f1f108d9b87368ef89d,69eb8f1f108d9b87368ef89d,intermediate,2,69eb8f1f108d9b87368ef89d,69eb8f1f108d9b87368ef89d,spotlight_PROLIFIC,,42,brazil,Portuguese,"portuguese, english, spanish ",spanish,Portuguese:50|English:40|spanish:10,100,Portuguese:40|English:50|spanish:10,100,Portuguese:75|English:20|spanish:5,100,17,4,Bachelor's,10,10,10,6,7,9,4,20,7,17,Duolingo,150,,,,,22,25,C1,intermediate|advanced,intermediate|advanced,cambridge_22_25_intermediate_advanced,4,20,random,,153.26666259765625,621.7716995239258,193.26666259765625,725.3833312988281,2,1,hover,550,550,0.24348907592617614,0.5433334350585938,98,,,,,,2026-08-09T15:58:12.658Z,C99S394L,2026-08-09,2026-08-09,12:58:12,2026-08-09 12:58:12,,,,,,,,69eb8f1f108d9b87368ef89d,69eb8f1f108d9b87368ef89d,,,,
4400,raw_position_sample,2,2,int,10,2,2,3,-1,999,588,175,711843,69eb8f1f108d9b87368ef89d,69eb8f1f108d9b87368ef89d,intermediate,2,69eb8f1f108d9b87368ef89d,69eb8f1f108d9b87368ef89d,spotlight_PROLIFIC,,42,brazil,Portuguese,"portuguese, english, spanish ",spanish,Portuguese:50|English:40|spanish:10,100,Portuguese:40|English:50|spanish:10,100,Portuguese:75|English:20|spanish:5,100,17,4,Bachelor's,10,10,10,6,7,9,4,20,7,17,Duolingo,150,,,,,22,25,C1,intermediate|advanced,intermediate|advanced,cambridge_22_25_intermediate_advanced,4,20,random,,,,,,,,,,,,,,,,,,,2026-08-09T15:58:12.658Z,C99S394L,2026-08-09,2026-08-09,12:58:12,2026-08-09 12:58:12,,,,,,,,69eb8f1f108d9b87368ef89d,69eb8f1f108d9b87368ef89d,,,,
4451,raw_position_sample,2,2,int,10,2,2,3,-1,999,587,175,711894,69eb8f1f108d9b87368ef89d,69eb8f1f108d9b87368ef89d,intermediate,2,69eb8f1f108d9b87368ef89d,69eb8f1f108d9b87368ef89d,spotlight_PROLIFIC,,42,brazil,Portuguese,"portuguese, english, spanish ",spanish,Portuguese:50|English:40|spanish:10,100,Portuguese:40|English:50|spanish:10,100,Portuguese:75|English:20|spanish:5,100,17,4,Bachelor's,10,10,10,6,7,9,4,20,7,17,Duolingo,150,,,,,22,25,C1,intermediate|advanced,intermediate|advanced,cambridge_22_25_intermediate_advanced,4,20,random,,,,,,,,,,,,,,,,,,,2026-08-09T15:58:12.658Z,C99S394L,2026-08-09,2026-08-09,12:58:12,2026-08-09 12:58:12,,,,,,,,69eb8f1f108d9b87368ef89d,69eb8f1f108d9b87368ef89d,,,,
4501,raw_position_sample,2,2,int,10,2,2,3,-1,999,595,175,711944,69eb8f1f108d9b87368ef89d,69eb8f1f108d9b87368ef89d,intermediate,2,69eb8f1f108d9b87368ef89d,69eb8f1f108d9b87368ef89d,spotlight_PROLIFIC,,42,brazil,Portuguese,"portuguese, english, spanish ",spanish,Portuguese:50|English:40|spanish:10,100,Portuguese:40|English:50|spanish:10,100,Portuguese:75|English:20|spanish:5,100,17,4,Bachelor's,10,10,10,6,7,9,4,20,7,17,Duolingo,150,,,,,22,25,C1,intermediate|advanced,intermediate|advanced,cambridge_22_25_intermediate_advanced,4,20,random,,,,,,,,,,,,,,,,,,,2026-08-09T15:58:12.658Z,C99S394L,2026-08-09,2026-08-09,12:58:12,2026-08-09 12:58:12,,,,,,,,69eb8f1f108d9b87368ef89d,69eb8f1f108d9b87368ef89d,,,,
4552,raw_position_sample,2,2,int,10,2,2,3,13," 33,000mph ",626,177,711995,69eb8f1f108d9b87368ef89d,69eb8f1f108d9b87368ef89d,intermediate,2,69eb8f1f108d9b87368ef89d,69eb8f1f108d9b87368ef89d,spotlight_PROLIFIC,,42,brazil,Portuguese,"portuguese, english, spanish ",spanish,Portuguese:50|English:40|spanish:10,100,Portuguese:40|English:50|spanish:10,100,Portuguese:75|English:20|spanish:5,100,17,4,Bachelor's,10,10,10,6,7,9,4,20,7,17,Duolingo,150,,,,,22,25,C1,intermediate|advanced,intermediate|advanced,cambridge_22_25_intermediate_advanced,4,20,random,,161.26666259765625,625.36669921875,185.26666259765625,725.3833618164062,2,1,,,,,,,,,,,,2026-08-09T15:58:12.658Z,C99S394L,2026-08-09,2026-08-09,12:58:12,2026-08-09 12:58:12,,,,,,,,69eb8f1f108d9b87368ef89d,69eb8f1f108d9b87368ef89d,,,,
4601,raw_position_sample,2,2,int,10,2,2,3,13," 33,000mph ",679,181,712045,69eb8f1f108d9b87368ef89d,69eb8f1f108d9b87368ef89d,intermediate,2,69eb8f1f108d9b87368ef89d,69eb8f1f108d9b87368ef89d,spotlight_PROLIFIC,,42,brazil,Portuguese,"portuguese, english, spanish ",spanish,Portuguese:50|English:40|spanish:10,100,Portuguese:40|English:50|spanish:10,100,Portuguese:75|English:20|spanish:5,100,17,4,Bachelor's,10,10,10,6,7,9,4,20,7,17,Duolingo,150,,,,,22,25,C1,intermediate|advanced,intermediate|advanced,cambridge_22_25_intermediate_advanced,4,20,random,,161.26666259765625,625.36669921875,185.26666259765625,725.3833618164062,2,1,,,,,,,,,,,,2026-08-09T15:58:12.658Z,C99S394L,2026-08-09,2026-08-09,12:58:12,2026-08-09 12:58:12,,,,,,,,69eb8f1f108d9b87368ef89d,69eb8f1f108d9b87368ef89d,,,,
4650,hover_association,2,2,int,10,2,2,3,13," 33,000mph ",626,177,,69eb8f1f108d9b87368ef89d,69eb8f1f108d9b87368ef89d,intermediate,2,69eb8f1f108d9b87368ef89d,69eb8f1f108d9b87368ef89d,spotlight_PROLIFIC,,42,brazil,Portuguese,"portuguese, english, spanish ",spanish,Portuguese:50|English:40|spanish:10,100,Portuguese:40|English:50|spanish:10,100,Portuguese:75|English:20|spanish:5,100,17,4,Bachelor's,10,10,10,6,7,9,4,20,7,17,Duolingo,150,,,,,22,25,C1,intermediate|advanced,intermediate|advanced,cambridge_22_25_intermediate_advanced,4,20,random,,153.26666259765625,621.7716995239258,193.26666259765625,725.3833312988281,2,1,hover,100,100,0.9480431761703794,0.7183334350585937,98,,,,,,2026-08-09T15:58:12.658Z,C99S394L,2026-08-09,2026-08-09,12:58:12,2026-08-09 12:58:12,,,,,,,,69eb8f1f108d9b87368ef89d,69eb8f1f108d9b87368ef89d,,,,
4652,raw_position_sample,2,2,int,10,2,2,3,14, and ,738,182,712096,69eb8f1f108d9b87368ef89d,69eb8f1f108d9b87368ef89d,intermediate,2,69eb8f1f108d9b87368ef89d,69eb8f1f108d9b87368ef89d,spotlight_PROLIFIC,,42,brazil,Portuguese,"portuguese, english, spanish ",spanish,Portuguese:50|English:40|spanish:10,100,Portuguese:40|English:50|spanish:10,100,Portuguese:75|English:20|spanish:5,100,17,4,Bachelor's,10,10,10,6,7,9,4,20,7,17,Duolingo,150,,,,,22,25,C1,intermediate|advanced,intermediate|advanced,cambridge_22_25_intermediate_advanced,4,20,random,,161.26666259765625,725.38330078125,185.26666259765625,762.3499755859375,2,2,,,,,,,,,,,,2026-08-09T15:58:12.658Z,C99S394L,2026-08-09,2026-08-09,12:58:12,2026-08-09 12:58:12,,,,,,,,69eb8f1f108d9b87368ef89d,69eb8f1f108d9b87368ef89d,,,,
4683,hover_association,2,2,int,10,2,2,3,14, and ,738,182,,69eb8f1f108d9b87368ef89d,69eb8f1f108d9b87368ef89d,intermediate,2,69eb8f1f108d9b87368ef89d,69eb8f1f108d9b87368ef89d,spotlight_PROLIFIC,,42,brazil,Portuguese,"portuguese, english, spanish ",spanish,Portuguese:50|English:40|spanish:10,100,Portuguese:40|English:50|spanish:10,100,Portuguese:75|English:20|spanish:5,100,17,4,Bachelor's,10,10,10,6,7,9,4,20,7,17,Duolingo,150,,,,,22,25,C1,intermediate|advanced,intermediate|advanced,cambridge_22_25_intermediate_advanced,4,20,random,,153.26666259765625,725.3833312988281,193.26666259765625,762.3499755859375,2,2,hover,34,34,0.8011727672965839,0.7183334350585937,98,,,,,,2026-08-09T15:58:12.658Z,C99S394L,2026-08-09,2026-08-09,12:58:12,2026-08-09 12:58:12,,,,,,,,69eb8f1f108d9b87368ef89d,69eb8f1f108d9b87368ef89d,,,,
4703,raw_position_sample,2,2,int,10,2,2,3,15, broke ,767,182,712146,69eb8f1f108d9b87368ef89d,69eb8f1f108d9b87368ef89d,intermediate,2,69eb8f1f108d9b87368ef89d,69eb8f1f108d9b87368ef89d,spotlight_PROLIFIC,,42,brazil,Portuguese,"portuguese, english, spanish ",spanish,Portuguese:50|English:40|spanish:10,100,Portuguese:40|English:50|spanish:10,100,Portuguese:75|English:20|spanish:5,100,17,4,Bachelor's,10,10,10,6,7,9,4,20,7,17,Duolingo,150,,,,,22,25,C1,intermediate|advanced,intermediate|advanced,cambridge_22_25_intermediate_advanced,4,20,random,,161.26666259765625,762.3499755859375,185.26666259765625,815.8166351318359,2,3,,,,,,,,,,,,2026-08-09T15:58:12.658Z,C99S394L,2026-08-09,2026-08-09,12:58:12,2026-08-09 12:58:12,,,,,,,,69eb8f1f108d9b87368ef89d,69eb8f1f108d9b87368ef89d,,,,
4753,raw_position_sample,2,2,int,10,2,2,3,15, broke ,767,182,712195,69eb8f1f108d9b87368ef89d,69eb8f1f108d9b87368ef89d,intermediate,2,69eb8f1f108d9b87368ef89d,69eb8f1f108d9b87368ef89d,spotlight_PROLIFIC,,42,brazil,Portuguese,"portuguese, english, spanish ",spanish,Portuguese:50|English:40|spanish:10,100,Portuguese:40|English:50|spanish:10,100,Portuguese:75|English:20|spanish:5,100,17,4,Bachelor's,10,10,10,6,7,9,4,20,7,17,Duolingo,150,,,,,22,25,C1,intermediate|advanced,intermediate|advanced,cambridge_22_25_intermediate_advanced,4,20,random,,161.26666259765625,762.3499755859375,185.26666259765625,815.8166351318359,2,3,,,,,,,,,,,,2026-08-09T15:58:12.658Z,C99S394L,2026-08-09,2026-08-09,12:58:12,2026-08-09 12:58:12,,,,,,,,69eb8f1f108d9b87368ef89d,69eb8f1f108d9b87368ef89d,,,,
4803,raw_position_sample,2,2,int,10,2,2,3,15, broke ,767,182,712246,69eb8f1f108d9b87368ef89d,69eb8f1f108d9b87368ef89d,intermediate,2,69eb8f1f108d9b87368ef89d,69eb8f1f108d9b87368ef89d,spotlight_PROLIFIC,,42,brazil,Portuguese,"portuguese, english, spanish ",spanish,Portuguese:50|English:40|spanish:10,100,Portuguese:40|English:50|spanish:10,100,Portuguese:75|English:20|spanish:5,100,17,4,Bachelor's,10,10,10,6,7,9,4,20,7,17,Duolingo,150,,,,,22,25,C1,intermediate|advanced,intermediate|advanced,cambridge_22_25_intermediate_advanced,4,20,random,,161.26666259765625,762.3499755859375,185.26666259765625,815.8166351318359,2,3,,,,,,,,,,,,2026-08-09T15:58:12.658Z,C99S394L,2026-08-09,2026-08-09,12:58:12,2026-08-09 12:58:12,,,,,,,,69eb8f1f108d9b87368ef89d,69eb8f1f108d9b87368ef89d,,,,
4853,raw_position_sample,2,2,int,10,2,2,3,15, broke ,767,182,712296,69eb8f1f108d9b87368ef89d,69eb8f1f108d9b87368ef89d,intermediate,2,69eb8f1f108d9b87368ef89d,69eb8f1f108d9b87368ef89d,spotlight_PROLIFIC,,42,brazil,Portuguese,"portuguese, english, spanish ",spanish,Portuguese:50|English:40|spanish:10,100,Portuguese:40|English:50|spanish:10,100,Portuguese:75|English:20|spanish:5,100,17,4,Bachelor's,10,10,10,6,7,9,4,20,7,17,Duolingo,150,,,,,22,25,C1,intermediate|advanced,intermediate|advanced,cambridge_22_25_intermediate_advanced,4,20,random,,161.26666259765625,762.3499755859375,185.26666259765625,815.8166351318359,2,3,,,,,,,,,,,,2026-08-09T15:58:12.658Z,C99S394L,2026-08-09,2026-08-09,12:58:12,2026-08-09 12:58:12,,,,,,,,69eb8f1f108d9b87368ef89d,69eb8f1f108d9b87368ef89d,,,,
4904,raw_position_sample,2,2,int,10,2,2,3,15, broke ,767,182,712347,69eb8f1f108d9b87368ef89d,69eb8f1f108d9b87368ef89d,intermediate,2,69eb8f1f108d9b87368ef89d,69eb8f1f108d9b87368ef89d,spotlight_PROLIFIC,,42,brazil,Portuguese,"portuguese, english, spanish ",spanish,Portuguese:50|English:40|spanish:10,100,Portuguese:40|English:50|spanish:10,100,Portuguese:75|English:20|spanish:5,100,17,4,Bachelor's,10,10,10,6,7,9,4,20,7,17,Duolingo,150,,,,,22,25,C1,intermediate|advanced,intermediate|advanced,cambridge_22_25_intermediate_advanced,4,20,random,,161.26666259765625,762.3499755859375,185.26666259765625,815.8166351318359,2,3,,,,,,,,,,,,2026-08-09T15:58:12.658Z,C99S394L,2026-08-09,2026-08-09,12:58:12,2026-08-09 12:58:12,,,,,,,,69eb8f1f108d9b87368ef89d,69eb8f1f108d9b87368ef89d,,,,
4954,raw_position_sample,2,2,int,10,2,2,3,15, broke ,777,182,712397,69eb8f1f108d9b87368ef89d,69eb8f1f108d9b87368ef89d,intermediate,2,69eb8f1f108d9b87368ef89d,69eb8f1f108d9b87368ef89d,spotlight_PROLIFIC,,42,brazil,Portuguese,"portuguese, english, spanish ",spanish,Portuguese:50|English:40|spanish:10,100,Portuguese:40|English:50|spanish:10,100,Portuguese:75|English:20|spanish:5,100,17,4,Bachelor's,10,10,10,6,7,9,4,20,7,17,Duolingo,150,,,,,22,25,C1,intermediate|advanced,intermediate|advanced,cambridge_22_25_intermediate_advanced,4,20,random,,161.26666259765625,762.3499755859375,185.26666259765625,815.8166351318359,2,3,,,,,,,,,,,,2026-08-09T15:58:12.658Z,C99S394L,2026-08-09,2026-08-09,12:58:12,2026-08-09 12:58:12,,,,,,,,69eb8f1f108d9b87368ef89d,69eb8f1f108d9b87368ef89d,,,,
5000,hover_association,2,2,int,10,2,2,3,15, broke ,767,182,,69eb8f1f108d9b87368ef89d,69eb8f1f108d9b87368ef89d,intermediate,2,69eb8f1f108d9b87368ef89d,69eb8f1f108d9b87368ef89d,spotlight_PROLIFIC,,42,brazil,Portuguese,"portuguese, english, spanish ",spanish,Portuguese:50|English:40|spanish:10,100,Portuguese:40|English:50|spanish:10,100,Portuguese:75|English:20|spanish:5,100,17,4,Bachelor's,10,10,10,6,7,9,4,20,7,17,Duolingo,150,,,,,22,25,C1,intermediate|advanced,intermediate|advanced,cambridge_22_25_intermediate_advanced,4,20,random,,153.26666259765625,762.3499755859375,193.26666259765625,815.8166427612305,2,3,hover,317,317,0.7789904741492666,0.7433334350585937,98,,,,,,2026-08-09T15:58:12.658Z,C99S394L,2026-08-09,2026-08-09,12:58:12,2026-08-09 12:58:12,,,,,,,,69eb8f1f108d9b87368ef89d,69eb8f1f108d9b87368ef89d,,,,
5003,raw_position_sample,2,2,int,10,2,2,3,16, up ,825,184,712447,69eb8f1f108d9b87368ef89d,69eb8f1f108d9b87368ef89d,intermediate,2,69eb8f1f108d9b87368ef89d,69eb8f1f108d9b87368ef89d,spotlight_PROLIFIC,,42,brazil,Portuguese,"portuguese, english, spanish ",spanish,Portuguese:50|English:40|spanish:10,100,Portuguese:40|English:50|spanish:10,100,Portuguese:75|English:20|spanish:5,100,17,4,Bachelor's,10,10,10,6,7,9,4,20,7,17,Duolingo,150,,,,,22,25,C1,intermediate|advanced,intermediate|advanced,cambridge_22_25_intermediate_advanced,4,20,random,,161.26666259765625,815.816650390625,185.26666259765625,842.6833190917969,2,4,,,,,,,,,,,,2026-08-09T15:58:12.658Z,C99S394L,2026-08-09,2026-08-09,12:58:12,2026-08-09 12:58:12,,,,,,,,69eb8f1f108d9b87368ef89d,69eb8f1f108d9b87368ef89d,,,,
5017,hover_association,2,2,int,10,2,2,3,16, up ,825,184,,69eb8f1f108d9b87368ef89d,69eb8f1f108d9b87368ef89d,intermediate,2,69eb8f1f108d9b87368ef89d,69eb8f1f108d9b87368ef89d,spotlight_PROLIFIC,,42,brazil,Portuguese,"portuguese, english, spanish ",spanish,Portuguese:50|English:40|spanish:10,100,Portuguese:40|English:50|spanish:10,100,Portuguese:75|English:20|spanish:5,100,17,4,Bachelor's,10,10,10,6,7,9,4,20,7,17,Duolingo,150,,,,,22,25,C1,intermediate|advanced,intermediate|advanced,cambridge_22_25_intermediate_advanced,4,20,random,,153.26666259765625,815.8166427612305,193.26666259765625,842.6833343505859,2,4,hover,16,16,0.34181198709289384,0.7683334350585938,98,,,,,,2026-08-09T15:58:12.658Z,C99S394L,2026-08-09,2026-08-09,12:58:12,2026-08-09 12:58:12,,,,,,,,69eb8f1f108d9b87368ef89d,69eb8f1f108d9b87368ef89d,,,,
5054,raw_position_sample,2,2,int,10,2,2,3,17, into ,874,184,712497,69eb8f1f108d9b87368ef89d,69eb8f1f108d9b87368ef89d,intermediate,2,69eb8f1f108d9b87368ef89d,69eb8f1f108d9b87368ef89d,spotlight_PROLIFIC,,42,brazil,Portuguese,"portuguese, english, spanish ",spanish,Portuguese:50|English:40|spanish:10,100,Portuguese:40|English:50|spanish:10,100,Portuguese:75|English:20|spanish:5,100,17,4,Bachelor's,10,10,10,6,7,9,4,20,7,17,Duolingo,150,,,,,22,25,C1,intermediate|advanced,intermediate|advanced,cambridge_22_25_intermediate_advanced,4,20,random,,161.26666259765625,842.683349609375,185.26666259765625,880.5166778564453,2,5,,,,,,,,,,,,2026-08-09T15:58:12.658Z,C99S394L,2026-08-09,2026-08-09,12:58:12,2026-08-09 12:58:12,,,,,,,,69eb8f1f108d9b87368ef89d,69eb8f1f108d9b87368ef89d,,,,
5105,raw_position_sample,2,2,int,10,2,2,3,17, into ,874,184,712548,69eb8f1f108d9b87368ef89d,69eb8f1f108d9b87368ef89d,intermediate,2,69eb8f1f108d9b87368ef89d,69eb8f1f108d9b87368ef89d,spotlight_PROLIFIC,,42,brazil,Portuguese,"portuguese, english, spanish ",spanish,Portuguese:50|English:40|spanish:10,100,Portuguese:40|English:50|spanish:10,100,Portuguese:75|English:20|spanish:5,100,17,4,Bachelor's,10,10,10,6,7,9,4,20,7,17,Duolingo,150,,,,,22,25,C1,intermediate|advanced,intermediate|advanced,cambridge_22_25_intermediate_advanced,4,20,random,,161.26666259765625,842.683349609375,185.26666259765625,880.5166778564453,2,5,,,,,,,,,,,,2026-08-09T15:58:12.658Z,C99S394L,2026-08-09,2026-08-09,12:58:12,2026-08-09 12:58:12,,,,,,,,69eb8f1f108d9b87368ef89d,69eb8f1f108d9b87368ef89d,,,,
5154,raw_position_sample,2,2,int,10,2,2,3,17, into ,874,184,712598,69eb8f1f108d9b87368ef89d,69eb8f1f108d9b87368ef89d,intermediate,2,69eb8f1f108d9b87368ef89d,69eb8f1f108d9b87368ef89d,spotlight_PROLIFIC,,42,brazil,Portuguese,"portuguese, english, spanish ",spanish,Portuguese:50|English:40|spanish:10,100,Portuguese:40|English:50|spanish:10,100,Portuguese:75|English:20|spanish:5,100,17,4,Bachelor's,10,10,10,6,7,9,4,20,7,17,Duolingo,150,,,,,22,25,C1,intermediate|advanced,intermediate|advanced,cambridge_22_25_intermediate_advanced,4,20,random,,161.26666259765625,842.683349609375,185.26666259765625,880.5166778564453,2,5,,,,,,,,,,,,2026-08-09T15:58:12.658Z,C99S394L,2026-08-09,2026-08-09,12:58:12,2026-08-09 12:58:12,,,,,,,,69eb8f1f108d9b87368ef89d,69eb8f1f108d9b87368ef89d,,,,
5205,raw_position_sample,2,2,int,10,2,2,3,17, into ,874,184,712648,69eb8f1f108d9b87368ef89d,69eb8f1f108d9b87368ef89d,intermediate,2,69eb8f1f108d9b87368ef89d,69eb8f1f108d9b87368ef89d,spotlight_PROLIFIC,,42,brazil,Portuguese,"portuguese, english, spanish ",spanish,Portuguese:50|English:40|spanish:10,100,Portuguese:40|English:50|spanish:10,100,Portuguese:75|English:20|spanish:5,100,17,4,Bachelor's,10,10,10,6,7,9,4,20,7,17,Duolingo,150,,,,,22,25,C1,intermediate|advanced,intermediate|advanced,cambridge_22_25_intermediate_advanced,4,20,random,,161.26666259765625,842.683349609375,185.26666259765625,880.5166778564453,2,5,,,,,,,,,,,,2026-08-09T15:58:12.658Z,C99S394L,2026-08-09,2026-08-09,12:58:12,2026-08-09 12:58:12,,,,,,,,69eb8f1f108d9b87368ef89d,69eb8f1f108d9b87368ef89d,,,,
5255,raw_position_sample,2,2,int,10,2,2,3,17, into ,875,184,712698,69eb8f1f108d9b87368ef89d,69eb8f1f108d9b87368ef89d,intermediate,2,69eb8f1f108d9b87368ef89d,69eb8f1f108d9b87368ef89d,spotlight_PROLIFIC,,42,brazil,Portuguese,"portuguese, english, spanish ",spanish,Portuguese:50|English:40|spanish:10,100,Portuguese:40|English:50|spanish:10,100,Portuguese:75|English:20|spanish:5,100,17,4,Bachelor's,10,10,10,6,7,9,4,20,7,17,Duolingo,150,,,,,22,25,C1,intermediate|advanced,intermediate|advanced,cambridge_22_25_intermediate_advanced,4,20,random,,161.26666259765625,842.683349609375,185.26666259765625,880.5166778564453,2,5,,,,,,,,,,,,2026-08-09T15:58:12.658Z,C99S394L,2026-08-09,2026-08-09,12:58:12,2026-08-09 12:58:12,,,,,,,,69eb8f1f108d9b87368ef89d,69eb8f1f108d9b87368ef89d,,,,
5283,hover_association,2,2,int,10,2,2,3,17, into ,845,184,,69eb8f1f108d9b87368ef89d,69eb8f1f108d9b87368ef89d,intermediate,2,69eb8f1f108d9b87368ef89d,69eb8f1f108d9b87368ef89d,spotlight_PROLIFIC,,42,brazil,Portuguese,"portuguese, english, spanish ",spanish,Portuguese:50|English:40|spanish:10,100,Portuguese:40|English:50|spanish:10,100,Portuguese:75|English:20|spanish:5,100,17,4,Bachelor's,10,10,10,6,7,9,4,20,7,17,Duolingo,150,,,,,22,25,C1,intermediate|advanced,intermediate|advanced,cambridge_22_25_intermediate_advanced,4,20,random,,153.26666259765625,842.6833343505859,193.26666259765625,880.5166702270508,2,5,hover,267,267,0.9599118028607606,0.7683334350585938,98,,,,,,2026-08-09T15:58:12.658Z,C99S394L,2026-08-09,2026-08-09,12:58:12,2026-08-09 12:58:12,,,,,,,,69eb8f1f108d9b87368ef89d,69eb8f1f108d9b87368ef89d,,,,
5305,raw_position_sample,2,2,int,10,2,2,3,18, pieces ,885,184,712748,69eb8f1f108d9b87368ef89d,69eb8f1f108d9b87368ef89d,intermediate,2,69eb8f1f108d9b87368ef89d,69eb8f1f108d9b87368ef89d,spotlight_PROLIFIC,,42,brazil,Portuguese,"portuguese, english, spanish ",spanish,Portuguese:50|English:40|spanish:10,100,Portuguese:40|English:50|spanish:10,100,Portuguese:75|English:20|spanish:5,100,17,4,Bachelor's,10,10,10,6,7,9,4,20,7,17,Duolingo,150,,,,,22,25,C1,intermediate|advanced,intermediate|advanced,cambridge_22_25_intermediate_advanced,4,20,random,,161.26666259765625,880.5166625976562,185.26666259765625,938.4666595458984,2,6,,,,,,,,,,,,2026-08-09T15:58:12.658Z,C99S394L,2026-08-09,2026-08-09,12:58:12,2026-08-09 12:58:12,,,,,,,,69eb8f1f108d9b87368ef89d,69eb8f1f108d9b87368ef89d,,,,
5355,raw_position_sample,2,2,int,10,2,2,3,18, pieces ,904,184,712799,69eb8f1f108d9b87368ef89d,69eb8f1f108d9b87368ef89d,intermediate,2,69eb8f1f108d9b87368ef89d,69eb8f1f108d9b87368ef89d,spotlight_PROLIFIC,,42,brazil,Portuguese,"portuguese, english, spanish ",spanish,Portuguese:50|English:40|spanish:10,100,Portuguese:40|English:50|spanish:10,100,Portuguese:75|English:20|spanish:5,100,17,4,Bachelor's,10,10,10,6,7,9,4,20,7,17,Duolingo,150,,,,,22,25,C1,intermediate|advanced,intermediate|advanced,cambridge_22_25_intermediate_advanced,4,20,random,,161.26666259765625,880.5166625976562,185.26666259765625,938.4666595458984,2,6,,,,,,,,,,,,2026-08-09T15:58:12.658Z,C99S394L,2026-08-09,2026-08-09,12:58:12,2026-08-09 12:58:12,,,,,,,,69eb8f1f108d9b87368ef89d,69eb8f1f108d9b87368ef89d,,,,
5414,raw_position_sample,2,2,int,10,2,2,3,18, pieces ,927,184,712857,69eb8f1f108d9b87368ef89d,69eb8f1f108d9b87368ef89d,intermediate,2,69eb8f1f108d9b87368ef89d,69eb8f1f108d9b87368ef89d,spotlight_PROLIFIC,,42,brazil,Portuguese,"portuguese, english, spanish ",spanish,Portuguese:50|English:40|spanish:10,100,Portuguese:40|English:50|spanish:10,100,Portuguese:75|English:20|spanish:5,100,17,4,Bachelor's,10,10,10,6,7,9,4,20,7,17,Duolingo,150,,,,,22,25,C1,intermediate|advanced,intermediate|advanced,cambridge_22_25_intermediate_advanced,4,20,random,,161.26666259765625,880.5166625976562,185.26666259765625,938.4666595458984,2,6,,,,,,,,,,,,2026-08-09T15:58:12.658Z,C99S394L,2026-08-09,2026-08-09,12:58:12,2026-08-09 12:58:12,,,,,,,,69eb8f1f108d9b87368ef89d,69eb8f1f108d9b87368ef89d,,,,
5450,hover_association,2,2,int,10,2,2,3,18, pieces ,881,184,,69eb8f1f108d9b87368ef89d,69eb8f1f108d9b87368ef89d,intermediate,2,69eb8f1f108d9b87368ef89d,69eb8f1f108d9b87368ef89d,spotlight_PROLIFIC,,42,brazil,Portuguese,"portuguese, english, spanish ",spanish,Portuguese:50|English:40|spanish:10,100,Portuguese:40|English:50|spanish:10,100,Portuguese:75|English:20|spanish:5,100,17,4,Bachelor's,10,10,10,6,7,9,4,20,7,17,Duolingo,150,,,,,22,25,C1,intermediate|advanced,intermediate|advanced,cambridge_22_25_intermediate_advanced,4,20,random,,153.26666259765625,880.5166702270508,193.26666259765625,938.466667175293,2,6,hover,167,167,0.9746908153144008,0.7683334350585938,98,,,,,,2026-08-09T15:58:12.658Z,C99S394L,2026-08-09,2026-08-09,12:58:12,2026-08-09 12:58:12,,,,,,,,69eb8f1f108d9b87368ef89d,69eb8f1f108d9b87368ef89d,,,,
5465,raw_position_sample,2,2,int,10,2,2,3,19, between ,941,184,712908,69eb8f1f108d9b87368ef89d,69eb8f1f108d9b87368ef89d,intermediate,2,69eb8f1f108d9b87368ef89d,69eb8f1f108d9b87368ef89d,spotlight_PROLIFIC,,42,brazil,Portuguese,"portuguese, english, spanish ",spanish,Portuguese:50|English:40|spanish:10,100,Portuguese:40|English:50|spanish:10,100,Portuguese:75|English:20|spanish:5,100,17,4,Bachelor's,10,10,10,6,7,9,4,20,7,17,Duolingo,150,,,,,22,25,C1,intermediate|advanced,intermediate|advanced,cambridge_22_25_intermediate_advanced,4,20,random,,161.26666259765625,938.4666748046875,185.26666259765625,1016.433349609375,2,7,,,,,,,,,,,,2026-08-09T15:58:12.658Z,C99S394L,2026-08-09,2026-08-09,12:58:12,2026-08-09 12:58:12,,,,,,,,69eb8f1f108d9b87368ef89d,69eb8f1f108d9b87368ef89d,,,,
5515,raw_position_sample,2,2,int,10,2,2,3,19, between ,953,184,712958,69eb8f1f108d9b87368ef89d,69eb8f1f108d9b87368ef89d,intermediate,2,69eb8f1f108d9b87368ef89d,69eb8f1f108d9b87368ef89d,spotlight_PROLIFIC,,42,brazil,Portuguese,"portuguese, english, spanish ",spanish,Portuguese:50|English:40|spanish:10,100,Portuguese:40|English:50|spanish:10,100,Portuguese:75|English:20|spanish:5,100,17,4,Bachelor's,10,10,10,6,7,9,4,20,7,17,Duolingo,150,,,,,22,25,C1,intermediate|advanced,intermediate|advanced,cambridge_22_25_intermediate_advanced,4,20,random,,161.26666259765625,938.4666748046875,185.26666259765625,1016.433349609375,2,7,,,,,,,,,,,,2026-08-09T15:58:12.658Z,C99S394L,2026-08-09,2026-08-09,12:58:12,2026-08-09 12:58:12,,,,,,,,69eb8f1f108d9b87368ef89d,69eb8f1f108d9b87368ef89d,,,,
5565,raw_position_sample,2,2,int,10,2,2,3,19, between ,962,184,713008,69eb8f1f108d9b87368ef89d,69eb8f1f108d9b87368ef89d,intermediate,2,69eb8f1f108d9b87368ef89d,69eb8f1f108d9b87368ef89d,spotlight_PROLIFIC,,42,brazil,Portuguese,"portuguese, english, spanish ",spanish,Portuguese:50|English:40|spanish:10,100,Portuguese:40|English:50|spanish:10,100,Portuguese:75|English:20|spanish:5,100,17,4,Bachelor's,10,10,10,6,7,9,4,20,7,17,Duolingo,150,,,,,22,25,C1,intermediate|advanced,intermediate|advanced,cambridge_22_25_intermediate_advanced,4,20,random,,161.26666259765625,938.4666748046875,185.26666259765625,1016.433349609375,2,7,,,,,,,,,,,,2026-08-09T15:58:12.658Z,C99S394L,2026-08-09,2026-08-09,12:58:12,2026-08-09 12:58:12,,,,,,,,69eb8f1f108d9b87368ef89d,69eb8f1f108d9b87368ef89d,,,,
5615,raw_position_sample,2,2,int,10,2,2,3,19, between ,970,184,713058,69eb8f1f108d9b87368ef89d,69eb8f1f108d9b87368ef89d,intermediate,2,69eb8f1f108d9b87368ef89d,69eb8f1f108d9b87368ef89d,spotlight_PROLIFIC,,42,brazil,Portuguese,"portuguese, english, spanish ",spanish,Portuguese:50|English:40|spanish:10,100,Portuguese:40|English:50|spanish:10,100,Portuguese:75|English:20|spanish:5,100,17,4,Bachelor's,10,10,10,6,7,9,4,20,7,17,Duolingo,150,,,,,22,25,C1,intermediate|advanced,intermediate|advanced,cambridge_22_25_intermediate_advanced,4,20,random,,161.26666259765625,938.4666748046875,185.26666259765625,1016.433349609375,2,7,,,,,,,,,,,,2026-08-09T15:58:12.658Z,C99S394L,2026-08-09,2026-08-09,12:58:12,2026-08-09 12:58:12,,,,,,,,69eb8f1f108d9b87368ef89d,69eb8f1f108d9b87368ef89d,,,,
5666,raw_position_sample,2,2,int,10,2,2,3,19, between ,976,184,713109,69eb8f1f108d9b87368ef89d,69eb8f1f108d9b87368ef89d,intermediate,2,69eb8f1f108d9b87368ef89d,69eb8f1f108d9b87368ef89d,spotlight_PROLIFIC,,42,brazil,Portuguese,"portuguese, english, spanish ",spanish,Portuguese:50|English:40|spanish:10,100,Portuguese:40|English:50|spanish:10,100,Portuguese:75|English:20|spanish:5,100,17,4,Bachelor's,10,10,10,6,7,9,4,20,7,17,Duolingo,150,,,,,22,25,C1,intermediate|advanced,intermediate|advanced,cambridge_22_25_intermediate_advanced,4,20,random,,161.26666259765625,938.4666748046875,185.26666259765625,1016.433349609375,2,7,,,,,,,,,,,,2026-08-09T15:58:12.658Z,C99S394L,2026-08-09,2026-08-09,12:58:12,2026-08-09 12:58:12,,,,,,,,69eb8f1f108d9b87368ef89d,69eb8f1f108d9b87368ef89d,,,,
5715,raw_position_sample,2,2,int,10,2,2,3,19, between ,976,184,713159,69eb8f1f108d9b87368ef89d,69eb8f1f108d9b87368ef89d,intermediate,2,69eb8f1f108d9b87368ef89d,69eb8f1f108d9b87368ef89d,spotlight_PROLIFIC,,42,brazil,Portuguese,"portuguese, english, spanish ",spanish,Portuguese:50|English:40|spanish:10,100,Portuguese:40|English:50|spanish:10,100,Portuguese:75|English:20|spanish:5,100,17,4,Bachelor's,10,10,10,6,7,9,4,20,7,17,Duolingo,150,,,,,22,25,C1,intermediate|advanced,intermediate|advanced,cambridge_22_25_intermediate_advanced,4,20,random,,161.26666259765625,938.4666748046875,185.26666259765625,1016.433349609375,2,7,,,,,,,,,,,,2026-08-09T15:58:12.658Z,C99S394L,2026-08-09,2026-08-09,12:58:12,2026-08-09 12:58:12,,,,,,,,69eb8f1f108d9b87368ef89d,69eb8f1f108d9b87368ef89d,,,,
5766,raw_position_sample,2,2,int,10,2,2,3,19, between ,976,184,713208,69eb8f1f108d9b87368ef89d,69eb8f1f108d9b87368ef89d,intermediate,2,69eb8f1f108d9b87368ef89d,69eb8f1f108d9b87368ef89d,spotlight_PROLIFIC,,42,brazil,Portuguese,"portuguese, english, spanish ",spanish,Portuguese:50|English:40|spanish:10,100,Portuguese:40|English:50|spanish:10,100,Portuguese:75|English:20|spanish:5,100,17,4,Bachelor's,10,10,10,6,7,9,4,20,7,17,Duolingo,150,,,,,22,25,C1,intermediate|advanced,intermediate|advanced,cambridge_22_25_intermediate_advanced,4,20,random,,161.26666259765625,938.4666748046875,185.26666259765625,1016.433349609375,2,7,,,,,,,,,,,,2026-08-09T15:58:12.658Z,C99S394L,2026-08-09,2026-08-09,12:58:12,2026-08-09 12:58:12,,,,,,,,69eb8f1f108d9b87368ef89d,69eb8f1f108d9b87368ef89d,,,,
5817,raw_position_sample,2,2,int,10,2,2,3,19, between ,978,184,713260,69eb8f1f108d9b87368ef89d,69eb8f1f108d9b87368ef89d,intermediate,2,69eb8f1f108d9b87368ef89d,69eb8f1f108d9b87368ef89d,spotlight_PROLIFIC,,42,brazil,Portuguese,"portuguese, english, spanish ",spanish,Portuguese:50|English:40|spanish:10,100,Portuguese:40|English:50|spanish:10,100,Portuguese:75|English:20|spanish:5,100,17,4,Bachelor's,10,10,10,6,7,9,4,20,7,17,Duolingo,150,,,,,22,25,C1,intermediate|advanced,intermediate|advanced,cambridge_22_25_intermediate_advanced,4,20,random,,161.26666259765625,938.4666748046875,185.26666259765625,1016.433349609375,2,7,,,,,,,,,,,,2026-08-09T15:58:12.658Z,C99S394L,2026-08-09,2026-08-09,12:58:12,2026-08-09 12:58:12,,,,,,,,69eb8f1f108d9b87368ef89d,69eb8f1f108d9b87368ef89d,,,,
5867,raw_position_sample,2,2,int,10,2,2,3,19, between ,1012,184,713310,69eb8f1f108d9b87368ef89d,69eb8f1f108d9b87368ef89d,intermediate,2,69eb8f1f108d9b87368ef89d,69eb8f1f108d9b87368ef89d,spotlight_PROLIFIC,,42,brazil,Portuguese,"portuguese, english, spanish ",spanish,Portuguese:50|English:40|spanish:10,100,Portuguese:40|English:50|spanish:10,100,Portuguese:75|English:20|spanish:5,100,17,4,Bachelor's,10,10,10,6,7,9,4,20,7,17,Duolingo,150,,,,,22,25,C1,intermediate|advanced,intermediate|advanced,cambridge_22_25_intermediate_advanced,4,20,random,,161.26666259765625,938.4666748046875,185.26666259765625,1016.433349609375,2,7,,,,,,,,,,,,2026-08-09T15:58:12.658Z,C99S394L,2026-08-09,2026-08-09,12:58:12,2026-08-09 12:58:12,,,,,,,,69eb8f1f108d9b87368ef89d,69eb8f1f108d9b87368ef89d,,,,
5883,hover_association,2,2,int,10,2,2,3,19, between ,941,184,,69eb8f1f108d9b87368ef89d,69eb8f1f108d9b87368ef89d,intermediate,2,69eb8f1f108d9b87368ef89d,69eb8f1f108d9b87368ef89d,spotlight_PROLIFIC,,42,brazil,Portuguese,"portuguese, english, spanish ",spanish,Portuguese:50|English:40|spanish:10,100,Portuguese:40|English:50|spanish:10,100,Portuguese:75|English:20|spanish:5,100,17,4,Bachelor's,10,10,10,6,7,9,4,20,7,17,Duolingo,150,,,,,22,25,C1,intermediate|advanced,intermediate|advanced,cambridge_22_25_intermediate_advanced,4,20,random,,153.26666259765625,938.466667175293,193.26666259765625,1016.433349609375,2,7,hover,433,433,0.9431378959451913,0.7683334350585938,98,,,,,,2026-08-09T15:58:12.658Z,C99S394L,2026-08-09,2026-08-09,12:58:12,2026-08-09 12:58:12,,,,,,,,69eb8f1f108d9b87368ef89d,69eb8f1f108d9b87368ef89d,,,,
5900,hover_association,2,2,int,10,2,2,3,20, 18 ,1030,184,,69eb8f1f108d9b87368ef89d,69eb8f1f108d9b87368ef89d,intermediate,2,69eb8f1f108d9b87368ef89d,69eb8f1f108d9b87368ef89d,spotlight_PROLIFIC,,42,brazil,Portuguese,"portuguese, english, spanish ",spanish,Portuguese:50|English:40|spanish:10,100,Portuguese:40|English:50|spanish:10,100,Portuguese:75|English:20|spanish:5,100,17,4,Bachelor's,10,10,10,6,7,9,4,20,7,17,Duolingo,150,,,,,22,25,C1,intermediate|advanced,intermediate|advanced,cambridge_22_25_intermediate_advanced,4,20,random,,153.26666259765625,1016.433349609375,193.26666259765625,1041.7166748046875,2,8,hover,16,16,0.5365848948199362,0.7683334350585938,98,,,,,,2026-08-09T15:58:12.658Z,C99S394L,2026-08-09,2026-08-09,12:58:12,2026-08-09 12:58:12,,,,,,,,69eb8f1f108d9b87368ef89d,69eb8f1f108d9b87368ef89d,,,,
5917,raw_position_sample,2,2,int,10,2,2,3,21, and ,1072,184,713360,69eb8f1f108d9b87368ef89d,69eb8f1f108d9b87368ef89d,intermediate,2,69eb8f1f108d9b87368ef89d,69eb8f1f108d9b87368ef89d,spotlight_PROLIFIC,,42,brazil,Portuguese,"portuguese, english, spanish ",spanish,Portuguese:50|English:40|spanish:10,100,Portuguese:40|English:50|spanish:10,100,Portuguese:75|English:20|spanish:5,100,17,4,Bachelor's,10,10,10,6,7,9,4,20,7,17,Duolingo,150,,,,,22,25,C1,intermediate|advanced,intermediate|advanced,cambridge_22_25_intermediate_advanced,4,20,random,,161.26666259765625,1041.7166748046875,185.26666259765625,1078.683349609375,2,9,,,,,,,,,,,,2026-08-09T15:58:12.658Z,C99S394L,2026-08-09,2026-08-09,12:58:12,2026-08-09 12:58:12,,,,,,,,69eb8f1f108d9b87368ef89d,69eb8f1f108d9b87368ef89d,,,,
5933,hover_association,2,2,int,10,2,2,3,21, and ,1053,184,,69eb8f1f108d9b87368ef89d,69eb8f1f108d9b87368ef89d,intermediate,2,69eb8f1f108d9b87368ef89d,69eb8f1f108d9b87368ef89d,spotlight_PROLIFIC,,42,brazil,Portuguese,"portuguese, english, spanish ",spanish,Portuguese:50|English:40|spanish:10,100,Portuguese:40|English:50|spanish:10,100,Portuguese:75|English:20|spanish:5,100,17,4,Bachelor's,10,10,10,6,7,9,4,20,7,17,Duolingo,150,,,,,22,25,C1,intermediate|advanced,intermediate|advanced,cambridge_22_25_intermediate_advanced,4,20,random,,153.26666259765625,1041.7166748046875,193.26666259765625,1078.683349609375,2,9,hover,34,34,0.8192060918466075,0.7683334350585938,98,,,,,,2026-08-09T15:58:12.658Z,C99S394L,2026-08-09,2026-08-09,12:58:12,2026-08-09 12:58:12,,,,,,,,69eb8f1f108d9b87368ef89d,69eb8f1f108d9b87368ef89d,,,,
5967,raw_position_sample,2,2,int,10,2,2,3,22, 32 ,1085,184,713410,69eb8f1f108d9b87368ef89d,69eb8f1f108d9b87368ef89d,intermediate,2,69eb8f1f108d9b87368ef89d,69eb8f1f108d9b87368ef89d,spotlight_PROLIFIC,,42,brazil,Portuguese,"portuguese, english, spanish ",spanish,Portuguese:50|English:40|spanish:10,100,Portuguese:40|English:50|spanish:10,100,Portuguese:75|English:20|spanish:5,100,17,4,Bachelor's,10,10,10,6,7,9,4,20,7,17,Duolingo,150,,,,,22,25,C1,intermediate|advanced,intermediate|advanced,cambridge_22_25_intermediate_advanced,4,20,random,,161.26666259765625,1078.683349609375,185.26666259765625,1103.9666748046875,2,10,,,,,,,,,,,,2026-08-09T15:58:12.658Z,C99S394L,2026-08-09,2026-08-09,12:58:12,2026-08-09 12:58:12,,,,,,,,69eb8f1f108d9b87368ef89d,69eb8f1f108d9b87368ef89d,,,,
6018,raw_position_sample,2,2,int,10,2,2,3,22, 32 ,1085,184,713461,69eb8f1f108d9b87368ef89d,69eb8f1f108d9b87368ef89d,intermediate,2,69eb8f1f108d9b87368ef89d,69eb8f1f108d9b87368ef89d,spotlight_PROLIFIC,,42,brazil,Portuguese,"portuguese, english, spanish ",spanish,Portuguese:50|English:40|spanish:10,100,Portuguese:40|English:50|spanish:10,100,Portuguese:75|English:20|spanish:5,100,17,4,Bachelor's,10,10,10,6,7,9,4,20,7,17,Duolingo,150,,,,,22,25,C1,intermediate|advanced,intermediate|advanced,cambridge_22_25_intermediate_advanced,4,20,random,,161.26666259765625,1078.683349609375,185.26666259765625,1103.9666748046875,2,10,,,,,,,,,,,,2026-08-09T15:58:12.658Z,C99S394L,2026-08-09,2026-08-09,12:58:12,2026-08-09 12:58:12,,,,,,,,69eb8f1f108d9b87368ef89d,69eb8f1f108d9b87368ef89d,,,,
6068,raw_position_sample,2,2,int,10,2,2,3,22, 32 ,1091,184,713511,69eb8f1f108d9b87368ef89d,69eb8f1f108d9b87368ef89d,intermediate,2,69eb8f1f108d9b87368ef89d,69eb8f1f108d9b87368ef89d,spotlight_PROLIFIC,,42,brazil,Portuguese,"portuguese, english, spanish ",spanish,Portuguese:50|English:40|spanish:10,100,Portuguese:40|English:50|spanish:10,100,Portuguese:75|English:20|spanish:5,100,17,4,Bachelor's,10,10,10,6,7,9,4,20,7,17,Duolingo,150,,,,,22,25,C1,intermediate|advanced,intermediate|advanced,cambridge_22_25_intermediate_advanced,4,20,random,,161.26666259765625,1078.683349609375,185.26666259765625,1103.9666748046875,2,10,,,,,,,,,,,,2026-08-09T15:58:12.658Z,C99S394L,2026-08-09,2026-08-09,12:58:12,2026-08-09 12:58:12,,,,,,,,69eb8f1f108d9b87368ef89d,69eb8f1f108d9b87368ef89d,,,,
6099,hover_association,2,2,int,10,2,2,3,22, 32 ,1082,184,,69eb8f1f108d9b87368ef89d,69eb8f1f108d9b87368ef89d,intermediate,2,69eb8f1f108d9b87368ef89d,69eb8f1f108d9b87368ef89d,spotlight_PROLIFIC,,42,brazil,Portuguese,"portuguese, english, spanish ",spanish,Portuguese:50|English:40|spanish:10,100,Portuguese:40|English:50|spanish:10,100,Portuguese:75|English:20|spanish:5,100,17,4,Bachelor's,10,10,10,6,7,9,4,20,7,17,Duolingo,150,,,,,22,25,C1,intermediate|advanced,intermediate|advanced,cambridge_22_25_intermediate_advanced,4,20,random,,153.26666259765625,1078.683349609375,193.26666259765625,1103.9666748046875,2,10,hover,166,166,0.6453522337184544,0.7683334350585938,98,,,,,,2026-08-09T15:58:12.658Z,C99S394L,2026-08-09,2026-08-09,12:58:12,2026-08-09 12:58:12,,,,,,,,69eb8f1f108d9b87368ef89d,69eb8f1f108d9b87368ef89d,,,,
6118,raw_position_sample,2,2,int,10,2,2,3,23, miles ,1116,184,713561,69eb8f1f108d9b87368ef89d,69eb8f1f108d9b87368ef89d,intermediate,2,69eb8f1f108d9b87368ef89d,69eb8f1f108d9b87368ef89d,spotlight_PROLIFIC,,42,brazil,Portuguese,"portuguese, english, spanish ",spanish,Portuguese:50|English:40|spanish:10,100,Portuguese:40|English:50|spanish:10,100,Portuguese:75|English:20|spanish:5,100,17,4,Bachelor's,10,10,10,6,7,9,4,20,7,17,Duolingo,150,,,,,22,25,C1,intermediate|advanced,intermediate|advanced,cambridge_22_25_intermediate_advanced,4,20,random,,161.26666259765625,1103.9666748046875,185.26666259765625,1153.5500183105469,2,11,,,,,,,,,,,,2026-08-09T15:58:12.658Z,C99S394L,2026-08-09,2026-08-09,12:58:12,2026-08-09 12:58:12,,,,,,,,69eb8f1f108d9b87368ef89d,69eb8f1f108d9b87368ef89d,,,,
6168,raw_position_sample,2,2,int,10,2,2,3,23, miles ,1151,184,713612,69eb8f1f108d9b87368ef89d,69eb8f1f108d9b87368ef89d,intermediate,2,69eb8f1f108d9b87368ef89d,69eb8f1f108d9b87368ef89d,spotlight_PROLIFIC,,42,brazil,Portuguese,"portuguese, english, spanish ",spanish,Portuguese:50|English:40|spanish:10,100,Portuguese:40|English:50|spanish:10,100,Portuguese:75|English:20|spanish:5,100,17,4,Bachelor's,10,10,10,6,7,9,4,20,7,17,Duolingo,150,,,,,22,25,C1,intermediate|advanced,intermediate|advanced,cambridge_22_25_intermediate_advanced,4,20,random,,161.26666259765625,1103.9666748046875,185.26666259765625,1153.5500183105469,2,11,,,,,,,,,,,,2026-08-09T15:58:12.658Z,C99S394L,2026-08-09,2026-08-09,12:58:12,2026-08-09 12:58:12,,,,,,,,69eb8f1f108d9b87368ef89d,69eb8f1f108d9b87368ef89d,,,,
6183,hover_association,2,2,int,10,2,2,3,23, miles ,1106,184,,69eb8f1f108d9b87368ef89d,69eb8f1f108d9b87368ef89d,intermediate,2,69eb8f1f108d9b87368ef89d,69eb8f1f108d9b87368ef89d,spotlight_PROLIFIC,,42,brazil,Portuguese,"portuguese, english, spanish ",spanish,Portuguese:50|English:40|spanish:10,100,Portuguese:40|English:50|spanish:10,100,Portuguese:75|English:20|spanish:5,100,17,4,Bachelor's,10,10,10,6,7,9,4,20,7,17,Duolingo,150,,,,,22,25,C1,intermediate|advanced,intermediate|advanced,cambridge_22_25_intermediate_advanced,4,20,random,,153.26666259765625,1103.9666748046875,193.26666259765625,1153.550033569336,2,11,hover,84,84,0.948570777920877,0.7683334350585938,98,,,,,,2026-08-09T15:58:12.658Z,C99S394L,2026-08-09,2026-08-09,12:58:12,2026-08-09 12:58:12,,,,,,,,69eb8f1f108d9b87368ef89d,69eb8f1f108d9b87368ef89d,,,,
6219,raw_position_sample,2,2,int,10,2,2,3,24, above ,1167,183,713662,69eb8f1f108d9b87368ef89d,69eb8f1f108d9b87368ef89d,intermediate,2,69eb8f1f108d9b87368ef89d,69eb8f1f108d9b87368ef89d,spotlight_PROLIFIC,,42,brazil,Portuguese,"portuguese, english, spanish ",spanish,Portuguese:50|English:40|spanish:10,100,Portuguese:40|English:50|spanish:10,100,Portuguese:75|English:20|spanish:5,100,17,4,Bachelor's,10,10,10,6,7,9,4,20,7,17,Duolingo,150,,,,,22,25,C1,intermediate|advanced,intermediate|advanced,cambridge_22_25_intermediate_advanced,4,20,random,,161.26666259765625,1153.550048828125,185.26666259765625,1209.233383178711,2,12,,,,,,,,,,,,2026-08-09T15:58:12.658Z,C99S394L,2026-08-09,2026-08-09,12:58:12,2026-08-09 12:58:12,,,,,,,,69eb8f1f108d9b87368ef89d,69eb8f1f108d9b87368ef89d,,,,
6269,raw_position_sample,2,2,int,10,2,2,3,24, above ,1174,181,713713,69eb8f1f108d9b87368ef89d,69eb8f1f108d9b87368ef89d,intermediate,2,69eb8f1f108d9b87368ef89d,69eb8f1f108d9b87368ef89d,spotlight_PROLIFIC,,42,brazil,Portuguese,"portuguese, english, spanish ",spanish,Portuguese:50|English:40|spanish:10,100,Portuguese:40|English:50|spanish:10,100,Portuguese:75|English:20|spanish:5,100,17,4,Bachelor's,10,10,10,6,7,9,4,20,7,17,Duolingo,150,,,,,22,25,C1,intermediate|advanced,intermediate|advanced,cambridge_22_25_intermediate_advanced,4,20,random,,161.26666259765625,1153.550048828125,185.26666259765625,1209.233383178711,2,12,,,,,,,,,,,,2026-08-09T15:58:12.658Z,C99S394L,2026-08-09,2026-08-09,12:58:12,2026-08-09 12:58:12,,,,,,,,69eb8f1f108d9b87368ef89d,69eb8f1f108d9b87368ef89d,,,,
6319,raw_position_sample,2,2,int,10,2,2,3,24, above ,1183,181,713762,69eb8f1f108d9b87368ef89d,69eb8f1f108d9b87368ef89d,intermediate,2,69eb8f1f108d9b87368ef89d,69eb8f1f108d9b87368ef89d,spotlight_PROLIFIC,,42,brazil,Portuguese,"portuguese, english, spanish ",spanish,Portuguese:50|English:40|spanish:10,100,Portuguese:40|English:50|spanish:10,100,Portuguese:75|English:20|spanish:5,100,17,4,Bachelor's,10,10,10,6,7,9,4,20,7,17,Duolingo,150,,,,,22,25,C1,intermediate|advanced,intermediate|advanced,cambridge_22_25_intermediate_advanced,4,20,random,,161.26666259765625,1153.550048828125,185.26666259765625,1209.233383178711,2,12,,,,,,,,,,,,2026-08-09T15:58:12.658Z,C99S394L,2026-08-09,2026-08-09,12:58:12,2026-08-09 12:58:12,,,,,,,,69eb8f1f108d9b87368ef89d,69eb8f1f108d9b87368ef89d,,,,
6370,raw_position_sample,2,2,int,10,2,2,3,24, above ,1194,181,713812,69eb8f1f108d9b87368ef89d,69eb8f1f108d9b87368ef89d,intermediate,2,69eb8f1f108d9b87368ef89d,69eb8f1f108d9b87368ef89d,spotlight_PROLIFIC,,42,brazil,Portuguese,"portuguese, english, spanish ",spanish,Portuguese:50|English:40|spanish:10,100,Portuguese:40|English:50|spanish:10,100,Portuguese:75|English:20|spanish:5,100,17,4,Bachelor's,10,10,10,6,7,9,4,20,7,17,Duolingo,150,,,,,22,25,C1,intermediate|advanced,intermediate|advanced,cambridge_22_25_intermediate_advanced,4,20,random,,161.26666259765625,1153.550048828125,185.26666259765625,1209.233383178711,2,12,,,,,,,,,,,,2026-08-09T15:58:12.658Z,C99S394L,2026-08-09,2026-08-09,12:58:12,2026-08-09 12:58:12,,,,,,,,69eb8f1f108d9b87368ef89d,69eb8f1f108d9b87368ef89d,,,,
6416,hover_association,2,2,int,10,2,2,3,24, above ,1159,184,,69eb8f1f108d9b87368ef89d,69eb8f1f108d9b87368ef89d,intermediate,2,69eb8f1f108d9b87368ef89d,69eb8f1f108d9b87368ef89d,spotlight_PROLIFIC,,42,brazil,Portuguese,"portuguese, english, spanish ",spanish,Portuguese:50|English:40|spanish:10,100,Portuguese:40|English:50|spanish:10,100,Portuguese:75|English:20|spanish:5,100,17,4,Bachelor's,10,10,10,6,7,9,4,20,7,17,Duolingo,150,,,,,22,25,C1,intermediate|advanced,intermediate|advanced,cambridge_22_25_intermediate_advanced,4,20,random,,153.26666259765625,1153.550033569336,193.26666259765625,1209.2333908081055,2,12,hover,233,233,0.9419325455855556,0.6933334350585938,98,,,,,,2026-08-09T15:58:12.658Z,C99S394L,2026-08-09,2026-08-09,12:58:12,2026-08-09 12:58:12,,,,,,,,69eb8f1f108d9b87368ef89d,69eb8f1f108d9b87368ef89d,,,,
6419,raw_position_sample,2,2,int,10,2,2,3,25, the ,1212,181,713863,69eb8f1f108d9b87368ef89d,69eb8f1f108d9b87368ef89d,intermediate,2,69eb8f1f108d9b87368ef89d,69eb8f1f108d9b87368ef89d,spotlight_PROLIFIC,,42,brazil,Portuguese,"portuguese, english, spanish ",spanish,Portuguese:50|English:40|spanish:10,100,Portuguese:40|English:50|spanish:10,100,Portuguese:75|English:20|spanish:5,100,17,4,Bachelor's,10,10,10,6,7,9,4,20,7,17,Duolingo,150,,,,,22,25,C1,intermediate|advanced,intermediate|advanced,cambridge_22_25_intermediate_advanced,4,20,random,,161.26666259765625,1209.2333984375,185.26666259765625,1237.0000610351562,2,13,,,,,,,,,,,,2026-08-09T15:58:12.658Z,C99S394L,2026-08-09,2026-08-09,12:58:12,2026-08-09 12:58:12,,,,,,,,69eb8f1f108d9b87368ef89d,69eb8f1f108d9b87368ef89d,,,,
6470,raw_position_sample,2,2,int,10,2,2,3,25, the ,1231,181,713913,69eb8f1f108d9b87368ef89d,69eb8f1f108d9b87368ef89d,intermediate,2,69eb8f1f108d9b87368ef89d,69eb8f1f108d9b87368ef89d,spotlight_PROLIFIC,,42,brazil,Portuguese,"portuguese, english, spanish ",spanish,Portuguese:50|English:40|spanish:10,100,Portuguese:40|English:50|spanish:10,100,Portuguese:75|English:20|spanish:5,100,17,4,Bachelor's,10,10,10,6,7,9,4,20,7,17,Duolingo,150,,,,,22,25,C1,intermediate|advanced,intermediate|advanced,cambridge_22_25_intermediate_advanced,4,20,random,,161.26666259765625,1209.2333984375,185.26666259765625,1237.0000610351562,2,13,,,,,,,,,,,,2026-08-09T15:58:12.658Z,C99S394L,2026-08-09,2026-08-09,12:58:12,2026-08-09 12:58:12,,,,,,,,69eb8f1f108d9b87368ef89d,69eb8f1f108d9b87368ef89d,,,,
6520,raw_position_sample,2,2,int,10,2,2,3,25, the ,1240,181,713964,69eb8f1f108d9b87368ef89d,69eb8f1f108d9b87368ef89d,intermediate,2,69eb8f1f108d9b87368ef89d,69eb8f1f108d9b87368ef89d,spotlight_PROLIFIC,,42,brazil,Portuguese,"portuguese, english, spanish ",spanish,Portuguese:50|English:40|spanish:10,100,Portuguese:40|English:50|spanish:10,100,Portuguese:75|English:20|spanish:5,100,17,4,Bachelor's,10,10,10,6,7,9,4,20,7,17,Duolingo,150,,,,,22,25,C1,intermediate|advanced,intermediate|advanced,cambridge_22_25_intermediate_advanced,4,20,random,,161.26666259765625,1209.2333984375,185.26666259765625,1237.0000610351562,2,13,,,,,,,,,,,,2026-08-09T15:58:12.658Z,C99S394L,2026-08-09,2026-08-09,12:58:12,2026-08-09 12:58:12,,,,,,,,69eb8f1f108d9b87368ef89d,69eb8f1f108d9b87368ef89d,,,,
6533,hover_association,2,2,int,10,2,2,3,25, the ,1212,181,,69eb8f1f108d9b87368ef89d,69eb8f1f108d9b87368ef89d,intermediate,2,69eb8f1f108d9b87368ef89d,69eb8f1f108d9b87368ef89d,spotlight_PROLIFIC,,42,brazil,Portuguese,"portuguese, english, spanish ",spanish,Portuguese:50|English:40|spanish:10,100,Portuguese:40|English:50|spanish:10,100,Portuguese:75|English:20|spanish:5,100,17,4,Bachelor's,10,10,10,6,7,9,4,20,7,17,Duolingo,150,,,,,22,25,C1,intermediate|advanced,intermediate|advanced,cambridge_22_25_intermediate_advanced,4,20,random,,153.26666259765625,1209.2333908081055,193.26666259765625,1240.5950607299806,2,13,hover,117,117,0.981025859545652,0.6933334350585938,98,,,,,,2026-08-09T15:58:12.658Z,C99S394L,2026-08-09,2026-08-09,12:58:12,2026-08-09 12:58:12,,,,,,,,69eb8f1f108d9b87368ef89d,69eb8f1f108d9b87368ef89d,,,,
6570,raw_position_sample,2,2,int,10,2,2,3,-1,999,1248,180,714014,69eb8f1f108d9b87368ef89d,69eb8f1f108d9b87368ef89d,intermediate,2,69eb8f1f108d9b87368ef89d,69eb8f1f108d9b87368ef89d,spotlight_PROLIFIC,,42,brazil,Portuguese,"portuguese, english, spanish ",spanish,Portuguese:50|English:40|spanish:10,100,Portuguese:40|English:50|spanish:10,100,Portuguese:75|English:20|spanish:5,100,17,4,Bachelor's,10,10,10,6,7,9,4,20,7,17,Duolingo,150,,,,,22,25,C1,intermediate|advanced,intermediate|advanced,cambridge_22_25_intermediate_advanced,4,20,random,,,,,,,,,,,,,,,,,,,2026-08-09T15:58:12.658Z,C99S394L,2026-08-09,2026-08-09,12:58:12,2026-08-09 12:58:12,,,,,,,,69eb8f1f108d9b87368ef89d,69eb8f1f108d9b87368ef89d,,,,
6620,raw_position_sample,2,2,int,10,2,2,3,-1,999,1248,180,714064,69eb8f1f108d9b87368ef89d,69eb8f1f108d9b87368ef89d,intermediate,2,69eb8f1f108d9b87368ef89d,69eb8f1f108d9b87368ef89d,spotlight_PROLIFIC,,42,brazil,Portuguese,"portuguese, english, spanish ",spanish,Portuguese:50|English:40|spanish:10,100,Portuguese:40|English:50|spanish:10,100,Portuguese:75|English:20|spanish:5,100,17,4,Bachelor's,10,10,10,6,7,9,4,20,7,17,Duolingo,150,,,,,22,25,C1,intermediate|advanced,intermediate|advanced,cambridge_22_25_intermediate_advanced,4,20,random,,,,,,,,,,,,,,,,,,,2026-08-09T15:58:12.658Z,C99S394L,2026-08-09,2026-08-09,12:58:12,2026-08-09 12:58:12,,,,,,,,69eb8f1f108d9b87368ef89d,69eb8f1f108d9b87368ef89d,,,,
6671,raw_position_sample,2,2,int,10,2,2,3,25, the ,1234,178,714114,69eb8f1f108d9b87368ef89d,69eb8f1f108d9b87368ef89d,intermediate,2,69eb8f1f108d9b87368ef89d,69eb8f1f108d9b87368ef89d,spotlight_PROLIFIC,,42,brazil,Portuguese,"portuguese, english, spanish ",spanish,Portuguese:50|English:40|spanish:10,100,Portuguese:40|English:50|spanish:10,100,Portuguese:75|English:20|spanish:5,100,17,4,Bachelor's,10,10,10,6,7,9,4,20,7,17,Duolingo,150,,,,,22,25,C1,intermediate|advanced,intermediate|advanced,cambridge_22_25_intermediate_advanced,4,20,random,,161.26666259765625,1209.2333984375,185.26666259765625,1237.0000610351562,2,13,,,,,,,,,,,,2026-08-09T15:58:12.658Z,C99S394L,2026-08-09,2026-08-09,12:58:12,2026-08-09 12:58:12,,,,,,,,69eb8f1f108d9b87368ef89d,69eb8f1f108d9b87368ef89d,,,,
6700,hover_association,2,2,int,10,2,2,3,25, the ,1234,178,,69eb8f1f108d9b87368ef89d,69eb8f1f108d9b87368ef89d,intermediate,2,69eb8f1f108d9b87368ef89d,69eb8f1f108d9b87368ef89d,spotlight_PROLIFIC,,42,brazil,Portuguese,"portuguese, english, spanish ",spanish,Portuguese:50|English:40|spanish:10,100,Portuguese:40|English:50|spanish:10,100,Portuguese:75|English:20|spanish:5,100,17,4,Bachelor's,10,10,10,6,7,9,4,20,7,17,Duolingo,150,,,,,22,25,C1,intermediate|advanced,intermediate|advanced,cambridge_22_25_intermediate_advanced,4,20,random,,153.26666259765625,1209.2333908081055,193.26666259765625,1240.5950607299806,2,13,hover,34,34,0.4070768305290302,0.6183334350585937,98,,,,,,2026-08-09T15:58:12.658Z,C99S394L,2026-08-09,2026-08-09,12:58:12,2026-08-09 12:58:12,,,,,,,,69eb8f1f108d9b87368ef89d,69eb8f1f108d9b87368ef89d,,,,
6721,raw_position_sample,2,2,int,10,2,2,3,24, above ,1183,178,714164,69eb8f1f108d9b87368ef89d,69eb8f1f108d9b87368ef89d,intermediate,2,69eb8f1f108d9b87368ef89d,69eb8f1f108d9b87368ef89d,spotlight_PROLIFIC,,42,brazil,Portuguese,"portuguese, english, spanish ",spanish,Portuguese:50|English:40|spanish:10,100,Portuguese:40|English:50|spanish:10,100,Portuguese:75|English:20|spanish:5,100,17,4,Bachelor's,10,10,10,6,7,9,4,20,7,17,Duolingo,150,,,,,22,25,C1,intermediate|advanced,intermediate|advanced,cambridge_22_25_intermediate_advanced,4,20,random,,161.26666259765625,1153.550048828125,185.26666259765625,1209.233383178711,2,12,,,,,,,,,,,,2026-08-09T15:58:12.658Z,C99S394L,2026-08-09,2026-08-09,12:58:12,2026-08-09 12:58:12,,,,,,,,69eb8f1f108d9b87368ef89d,69eb8f1f108d9b87368ef89d,,,,
6733,hover_association,2,2,int,10,2,2,3,24, above ,1203,178,,69eb8f1f108d9b87368ef89d,69eb8f1f108d9b87368ef89d,intermediate,2,69eb8f1f108d9b87368ef89d,69eb8f1f108d9b87368ef89d,spotlight_PROLIFIC,,42,brazil,Portuguese,"portuguese, english, spanish ",spanish,Portuguese:50|English:40|spanish:10,100,Portuguese:40|English:50|spanish:10,100,Portuguese:75|English:20|spanish:5,100,17,4,Bachelor's,10,10,10,6,7,9,4,20,7,17,Duolingo,150,,,,,22,25,C1,intermediate|advanced,intermediate|advanced,cambridge_22_25_intermediate_advanced,4,20,random,,153.26666259765625,1153.550033569336,193.26666259765625,1209.2333908081055,2,12,hover,33,33,0.5288827378777285,0.6183334350585937,98,,,,,,2026-08-09T15:58:12.658Z,C99S394L,2026-08-09,2026-08-09,12:58:12,2026-08-09 12:58:12,,,,,,,,69eb8f1f108d9b87368ef89d,69eb8f1f108d9b87368ef89d,,,,
6766,hover_association,2,2,int,10,2,2,3,23, miles ,1152,178,,69eb8f1f108d9b87368ef89d,69eb8f1f108d9b87368ef89d,intermediate,2,69eb8f1f108d9b87368ef89d,69eb8f1f108d9b87368ef89d,spotlight_PROLIFIC,,42,brazil,Portuguese,"portuguese, english, spanish ",spanish,Portuguese:50|English:40|spanish:10,100,Portuguese:40|English:50|spanish:10,100,Portuguese:75|English:20|spanish:5,100,17,4,Bachelor's,10,10,10,6,7,9,4,20,7,17,Duolingo,150,,,,,22,25,C1,intermediate|advanced,intermediate|advanced,cambridge_22_25_intermediate_advanced,4,20,random,,153.26666259765625,1103.9666748046875,193.26666259765625,1153.550033569336,2,11,hover,33,33,0.08134433196542848,0.6183334350585937,98,,,,,,2026-08-09T15:58:12.658Z,C99S394L,2026-08-09,2026-08-09,12:58:12,2026-08-09 12:58:12,,,,,,,,69eb8f1f108d9b87368ef89d,69eb8f1f108d9b87368ef89d,,,,
6771,raw_position_sample,2,2,int,10,2,2,3,21, and ,1056,178,714214,69eb8f1f108d9b87368ef89d,69eb8f1f108d9b87368ef89d,intermediate,2,69eb8f1f108d9b87368ef89d,69eb8f1f108d9b87368ef89d,spotlight_PROLIFIC,,42,brazil,Portuguese,"portuguese, english, spanish ",spanish,Portuguese:50|English:40|spanish:10,100,Portuguese:40|English:50|spanish:10,100,Portuguese:75|English:20|spanish:5,100,17,4,Bachelor's,10,10,10,6,7,9,4,20,7,17,Duolingo,150,,,,,22,25,C1,intermediate|advanced,intermediate|advanced,cambridge_22_25_intermediate_advanced,4,20,random,,161.26666259765625,1041.7166748046875,185.26666259765625,1078.683349609375,2,9,,,,,,,,,,,,2026-08-09T15:58:12.658Z,C99S394L,2026-08-09,2026-08-09,12:58:12,2026-08-09 12:58:12,,,,,,,,69eb8f1f108d9b87368ef89d,69eb8f1f108d9b87368ef89d,,,,
6782,hover_association,2,2,int,10,2,2,3,21, and ,1056,178,,69eb8f1f108d9b87368ef89d,69eb8f1f108d9b87368ef89d,intermediate,2,69eb8f1f108d9b87368ef89d,69eb8f1f108d9b87368ef89d,spotlight_PROLIFIC,,42,brazil,Portuguese,"portuguese, english, spanish ",spanish,Portuguese:50|English:40|spanish:10,100,Portuguese:40|English:50|spanish:10,100,Portuguese:75|English:20|spanish:5,100,17,4,Bachelor's,10,10,10,6,7,9,4,20,7,17,Duolingo,150,,,,,22,25,C1,intermediate|advanced,intermediate|advanced,cambridge_22_25_intermediate_advanced,4,20,random,,153.26666259765625,1041.7166748046875,193.26666259765625,1078.683349609375,2,9,hover,17,17,0.3863838246414667,0.6183334350585937,98,,,,,,2026-08-09T15:58:12.658Z,C99S394L,2026-08-09,2026-08-09,12:58:12,2026-08-09 12:58:12,,,,,,,,69eb8f1f108d9b87368ef89d,69eb8f1f108d9b87368ef89d,,,,
6821,raw_position_sample,2,2,int,10,2,2,3,19, between ,940,185,714264,69eb8f1f108d9b87368ef89d,69eb8f1f108d9b87368ef89d,intermediate,2,69eb8f1f108d9b87368ef89d,69eb8f1f108d9b87368ef89d,spotlight_PROLIFIC,,42,brazil,Portuguese,"portuguese, english, spanish ",spanish,Portuguese:50|English:40|spanish:10,100,Portuguese:40|English:50|spanish:10,100,Portuguese:75|English:20|spanish:5,100,17,4,Bachelor's,10,10,10,6,7,9,4,20,7,17,Duolingo,150,,,,,22,25,C1,intermediate|advanced,intermediate|advanced,cambridge_22_25_intermediate_advanced,4,20,random,,161.26666259765625,938.4666748046875,185.26666259765625,1016.433349609375,2,7,,,,,,,,,,,,2026-08-09T15:58:12.658Z,C99S394L,2026-08-09,2026-08-09,12:58:12,2026-08-09 12:58:12,,,,,,,,69eb8f1f108d9b87368ef89d,69eb8f1f108d9b87368ef89d,,,,
6833,hover_association,2,2,int,10,2,2,3,19, between ,1009,179,,69eb8f1f108d9b87368ef89d,69eb8f1f108d9b87368ef89d,intermediate,2,69eb8f1f108d9b87368ef89d,69eb8f1f108d9b87368ef89d,spotlight_PROLIFIC,,42,brazil,Portuguese,"portuguese, english, spanish ",spanish,Portuguese:50|English:40|spanish:10,100,Portuguese:40|English:50|spanish:10,100,Portuguese:75|English:20|spanish:5,100,17,4,Bachelor's,10,10,10,6,7,9,4,20,7,17,Duolingo,150,,,,,22,25,C1,intermediate|advanced,intermediate|advanced,cambridge_22_25_intermediate_advanced,4,20,random,,153.26666259765625,938.466667175293,193.26666259765625,1016.433349609375,2,7,hover,50,50,0.019666513654770523,0.7933334350585938,98,,,,,,2026-08-09T15:58:12.658Z,C99S394L,2026-08-09,2026-08-09,12:58:12,2026-08-09 12:58:12,,,,,,,,69eb8f1f108d9b87368ef89d,69eb8f1f108d9b87368ef89d,,,,
6872,raw_position_sample,2,2,int,10,2,2,3,18, pieces ,881,190,714315,69eb8f1f108d9b87368ef89d,69eb8f1f108d9b87368ef89d,intermediate,2,69eb8f1f108d9b87368ef89d,69eb8f1f108d9b87368ef89d,spotlight_PROLIFIC,,42,brazil,Portuguese,"portuguese, english, spanish ",spanish,Portuguese:50|English:40|spanish:10,100,Portuguese:40|English:50|spanish:10,100,Portuguese:75|English:20|spanish:5,100,17,4,Bachelor's,10,10,10,6,7,9,4,20,7,17,Duolingo,150,,,,,22,25,C1,intermediate|advanced,intermediate|advanced,cambridge_22_25_intermediate_advanced,4,20,random,,161.26666259765625,880.5166625976562,185.26666259765625,938.4666595458984,2,6,,,,,,,,,,,,2026-08-09T15:58:12.658Z,C99S394L,2026-08-09,2026-08-09,12:58:12,2026-08-09 12:58:12,,,,,,,,69eb8f1f108d9b87368ef89d,69eb8f1f108d9b87368ef89d,,,,
6883,hover_association,2,2,int,10,2,2,3,18, pieces ,909,187,,69eb8f1f108d9b87368ef89d,69eb8f1f108d9b87368ef89d,intermediate,2,69eb8f1f108d9b87368ef89d,69eb8f1f108d9b87368ef89d,spotlight_PROLIFIC,,42,brazil,Portuguese,"portuguese, english, spanish ",spanish,Portuguese:50|English:40|spanish:10,100,Portuguese:40|English:50|spanish:10,100,Portuguese:75|English:20|spanish:5,100,17,4,Bachelor's,10,10,10,6,7,9,4,20,7,17,Duolingo,150,,,,,22,25,C1,intermediate|advanced,intermediate|advanced,cambridge_22_25_intermediate_advanced,4,20,random,,153.26666259765625,880.5166702270508,193.26666259765625,938.466667175293,2,6,hover,50,50,0.008340462440074033,0.9183334350585938,98,,,,,,2026-08-09T15:58:12.658Z,C99S394L,2026-08-09,2026-08-09,12:58:12,2026-08-09 12:58:12,,,,,,,,69eb8f1f108d9b87368ef89d,69eb8f1f108d9b87368ef89d,,,,
6899,hover_association,2,2,int,10,2,2,3,17, into ,859,192,,69eb8f1f108d9b87368ef89d,69eb8f1f108d9b87368ef89d,intermediate,2,69eb8f1f108d9b87368ef89d,69eb8f1f108d9b87368ef89d,spotlight_PROLIFIC,,42,brazil,Portuguese,"portuguese, english, spanish ",spanish,Portuguese:50|English:40|spanish:10,100,Portuguese:40|English:50|spanish:10,100,Portuguese:75|English:20|spanish:5,100,17,4,Bachelor's,10,10,10,6,7,9,4,20,7,17,Duolingo,150,,,,,22,25,C1,intermediate|advanced,intermediate|advanced,cambridge_22_25_intermediate_advanced,4,20,random,,153.26666259765625,842.6833343505859,193.26666259765625,880.5166702270508,2,5,hover,17,17,0.4312774771617283,0.9683334350585937,98,,,,,,2026-08-09T15:58:12.658Z,C99S394L,2026-08-09,2026-08-09,12:58:12,2026-08-09 12:58:12,,,,,,,,69eb8f1f108d9b87368ef89d,69eb8f1f108d9b87368ef89d,,,,
6916,hover_association,2,2,int,10,2,2,3,30, statement ,827,195,,69eb8f1f108d9b87368ef89d,69eb8f1f108d9b87368ef89d,intermediate,2,69eb8f1f108d9b87368ef89d,69eb8f1f108d9b87368ef89d,spotlight_PROLIFIC,,42,brazil,Portuguese,"portuguese, english, spanish ",spanish,Portuguese:50|English:40|spanish:10,100,Portuguese:40|English:50|spanish:10,100,Portuguese:75|English:20|spanish:5,100,17,4,Bachelor's,10,10,10,6,7,9,4,20,7,17,Duolingo,150,,,,,22,25,C1,intermediate|advanced,intermediate|advanced,cambridge_22_25_intermediate_advanced,4,20,random,,193.26666259765625,821.9333572387695,233.26666259765625,913.0833282470703,3,5,hover,16,16,0.05558578576804005,0.04333343505859375,98,,,,,,2026-08-09T15:58:12.658Z,C99S394L,2026-08-09,2026-08-09,12:58:12,2026-08-09 12:58:12,,,,,,,,69eb8f1f108d9b87368ef89d,69eb8f1f108d9b87368ef89d,,,,
6922,raw_position_sample,2,2,int,10,2,2,3,28, to ,792,195,714365,69eb8f1f108d9b87368ef89d,69eb8f1f108d9b87368ef89d,intermediate,2,69eb8f1f108d9b87368ef89d,69eb8f1f108d9b87368ef89d,spotlight_PROLIFIC,,42,brazil,Portuguese,"portuguese, english, spanish ",spanish,Portuguese:50|English:40|spanish:10,100,Portuguese:40|English:50|spanish:10,100,Portuguese:75|English:20|spanish:5,100,17,4,Bachelor's,10,10,10,6,7,9,4,20,7,17,Duolingo,150,,,,,22,25,C1,intermediate|advanced,intermediate|advanced,cambridge_22_25_intermediate_advanced,4,20,random,,201.26666259765625,785.0833129882812,225.26666259765625,807.1499786376953,3,3,,,,,,,,,,,,2026-08-09T15:58:12.658Z,C99S394L,2026-08-09,2026-08-09,12:58:12,2026-08-09 12:58:12,,,,,,,,69eb8f1f108d9b87368ef89d,69eb8f1f108d9b87368ef89d,,,,
6933,hover_association,2,2,int,10,2,2,3,28, to ,792,195,,69eb8f1f108d9b87368ef89d,69eb8f1f108d9b87368ef89d,intermediate,2,69eb8f1f108d9b87368ef89d,69eb8f1f108d9b87368ef89d,spotlight_PROLIFIC,,42,brazil,Portuguese,"portuguese, english, spanish ",spanish,Portuguese:50|English:40|spanish:10,100,Portuguese:40|English:50|spanish:10,100,Portuguese:75|English:20|spanish:5,100,17,4,Bachelor's,10,10,10,6,7,9,4,20,7,17,Duolingo,150,,,,,22,25,C1,intermediate|advanced,intermediate|advanced,cambridge_22_25_intermediate_advanced,4,20,random,,193.26666259765625,785.0833282470703,233.26666259765625,807.1500015258789,3,3,hover,17,17,0.31344424533497817,0.04333343505859375,98,,,,,,2026-08-09T15:58:12.658Z,C99S394L,2026-08-09,2026-08-09,12:58:12,2026-08-09 12:58:12,,,,,,,,69eb8f1f108d9b87368ef89d,69eb8f1f108d9b87368ef89d,,,,
6972,raw_position_sample,2,2,int,10,2,2,3,27, according ,724,195,714416,69eb8f1f108d9b87368ef89d,69eb8f1f108d9b87368ef89d,intermediate,2,69eb8f1f108d9b87368ef89d,69eb8f1f108d9b87368ef89d,spotlight_PROLIFIC,,42,brazil,Portuguese,"portuguese, english, spanish ",spanish,Portuguese:50|English:40|spanish:10,100,Portuguese:40|English:50|spanish:10,100,Portuguese:75|English:20|spanish:5,100,17,4,Bachelor's,10,10,10,6,7,9,4,20,7,17,Duolingo,150,,,,,22,25,C1,intermediate|advanced,intermediate|advanced,cambridge_22_25_intermediate_advanced,4,20,random,,201.26666259765625,697.183349609375,225.26666259765625,785.0833435058594,3,2,,,,,,,,,,,,2026-08-09T15:58:12.658Z,C99S394L,2026-08-09,2026-08-09,12:58:12,2026-08-09 12:58:12,,,,,,,,69eb8f1f108d9b87368ef89d,69eb8f1f108d9b87368ef89d,,,,
7023,raw_position_sample,2,2,int,10,2,2,3,27, according ,714,195,714466,69eb8f1f108d9b87368ef89d,69eb8f1f108d9b87368ef89d,intermediate,2,69eb8f1f108d9b87368ef89d,69eb8f1f108d9b87368ef89d,spotlight_PROLIFIC,,42,brazil,Portuguese,"portuguese, english, spanish ",spanish,Portuguese:50|English:40|spanish:10,100,Portuguese:40|English:50|spanish:10,100,Portuguese:75|English:20|spanish:5,100,17,4,Bachelor's,10,10,10,6,7,9,4,20,7,17,Duolingo,150,,,,,22,25,C1,intermediate|advanced,intermediate|advanced,cambridge_22_25_intermediate_advanced,4,20,random,,201.26666259765625,697.183349609375,225.26666259765625,785.0833435058594,3,2,,,,,,,,,,,,2026-08-09T15:58:12.658Z,C99S394L,2026-08-09,2026-08-09,12:58:12,2026-08-09 12:58:12,,,,,,,,69eb8f1f108d9b87368ef89d,69eb8f1f108d9b87368ef89d,,,,
7073,raw_position_sample,2,2,int,10,2,2,3,27, according ,709,196,714516,69eb8f1f108d9b87368ef89d,69eb8f1f108d9b87368ef89d,intermediate,2,69eb8f1f108d9b87368ef89d,69eb8f1f108d9b87368ef89d,spotlight_PROLIFIC,,42,brazil,Portuguese,"portuguese, english, spanish ",spanish,Portuguese:50|English:40|spanish:10,100,Portuguese:40|English:50|spanish:10,100,Portuguese:75|English:20|spanish:5,100,17,4,Bachelor's,10,10,10,6,7,9,4,20,7,17,Duolingo,150,,,,,22,25,C1,intermediate|advanced,intermediate|advanced,cambridge_22_25_intermediate_advanced,4,20,random,,201.26666259765625,697.183349609375,225.26666259765625,785.0833435058594,3,2,,,,,,,,,,,,2026-08-09T15:58:12.658Z,C99S394L,2026-08-09,2026-08-09,12:58:12,2026-08-09 12:58:12,,,,,,,,69eb8f1f108d9b87368ef89d,69eb8f1f108d9b87368ef89d,,,,
7116,hover_association,2,2,int,10,2,2,3,27, according ,767,195,,69eb8f1f108d9b87368ef89d,69eb8f1f108d9b87368ef89d,intermediate,2,69eb8f1f108d9b87368ef89d,69eb8f1f108d9b87368ef89d,spotlight_PROLIFIC,,42,brazil,Portuguese,"portuguese, english, spanish ",spanish,Portuguese:50|English:40|spanish:10,100,Portuguese:40|English:50|spanish:10,100,Portuguese:75|English:20|spanish:5,100,17,4,Bachelor's,10,10,10,6,7,9,4,20,7,17,Duolingo,150,,,,,22,25,C1,intermediate|advanced,intermediate|advanced,cambridge_22_25_intermediate_advanced,4,20,random,,193.26666259765625,697.1833572387695,233.26666259765625,785.0833282470703,3,2,hover,183,183,0.02066715995911893,0.19333343505859374,98,,,,,,2026-08-09T15:58:12.658Z,C99S394L,2026-08-09,2026-08-09,12:58:12,2026-08-09 12:58:12,,,,,,,,69eb8f1f108d9b87368ef89d,69eb8f1f108d9b87368ef89d,,,,
7123,raw_position_sample,2,2,int,10,2,2,3,26," ground, ",695,203,714567,69eb8f1f108d9b87368ef89d,69eb8f1f108d9b87368ef89d,intermediate,2,69eb8f1f108d9b87368ef89d,69eb8f1f108d9b87368ef89d,spotlight_PROLIFIC,,42,brazil,Portuguese,"portuguese, english, spanish ",spanish,Portuguese:50|English:40|spanish:10,100,Portuguese:40|English:50|spanish:10,100,Portuguese:75|English:20|spanish:5,100,17,4,Bachelor's,10,10,10,6,7,9,4,20,7,17,Duolingo,150,,,,,22,25,C1,intermediate|advanced,intermediate|advanced,cambridge_22_25_intermediate_advanced,4,20,random,,201.26666259765625,625.36669921875,225.26666259765625,697.1833648681641,3,1,,,,,,,,,,,,2026-08-09T15:58:12.658Z,C99S394L,2026-08-09,2026-08-09,12:58:12,2026-08-09 12:58:12,,,,,,,,69eb8f1f108d9b87368ef89d,69eb8f1f108d9b87368ef89d,,,,
7174,raw_position_sample,2,2,int,10,2,2,3,26," ground, ",688,209,714617,69eb8f1f108d9b87368ef89d,69eb8f1f108d9b87368ef89d,intermediate,2,69eb8f1f108d9b87368ef89d,69eb8f1f108d9b87368ef89d,spotlight_PROLIFIC,,42,brazil,Portuguese,"portuguese, english, spanish ",spanish,Portuguese:50|English:40|spanish:10,100,Portuguese:40|English:50|spanish:10,100,Portuguese:75|English:20|spanish:5,100,17,4,Bachelor's,10,10,10,6,7,9,4,20,7,17,Duolingo,150,,,,,22,25,C1,intermediate|advanced,intermediate|advanced,cambridge_22_25_intermediate_advanced,4,20,random,,201.26666259765625,625.36669921875,225.26666259765625,697.1833648681641,3,1,,,,,,,,,,,,2026-08-09T15:58:12.658Z,C99S394L,2026-08-09,2026-08-09,12:58:12,2026-08-09 12:58:12,,,,,,,,69eb8f1f108d9b87368ef89d,69eb8f1f108d9b87368ef89d,,,,
7224,raw_position_sample,2,2,int,10,2,2,3,26," ground, ",680,211,714667,69eb8f1f108d9b87368ef89d,69eb8f1f108d9b87368ef89d,intermediate,2,69eb8f1f108d9b87368ef89d,69eb8f1f108d9b87368ef89d,spotlight_PROLIFIC,,42,brazil,Portuguese,"portuguese, english, spanish ",spanish,Portuguese:50|English:40|spanish:10,100,Portuguese:40|English:50|spanish:10,100,Portuguese:75|English:20|spanish:5,100,17,4,Bachelor's,10,10,10,6,7,9,4,20,7,17,Duolingo,150,,,,,22,25,C1,intermediate|advanced,intermediate|advanced,cambridge_22_25_intermediate_advanced,4,20,random,,201.26666259765625,625.36669921875,225.26666259765625,697.1833648681641,3,1,,,,,,,,,,,,2026-08-09T15:58:12.658Z,C99S394L,2026-08-09,2026-08-09,12:58:12,2026-08-09 12:58:12,,,,,,,,69eb8f1f108d9b87368ef89d,69eb8f1f108d9b87368ef89d,,,,
7274,raw_position_sample,2,2,int,10,2,2,3,26," ground, ",674,214,714718,69eb8f1f108d9b87368ef89d,69eb8f1f108d9b87368ef89d,intermediate,2,69eb8f1f108d9b87368ef89d,69eb8f1f108d9b87368ef89d,spotlight_PROLIFIC,,42,brazil,Portuguese,"portuguese, english, spanish ",spanish,Portuguese:50|English:40|spanish:10,100,Portuguese:40|English:50|spanish:10,100,Portuguese:75|English:20|spanish:5,100,17,4,Bachelor's,10,10,10,6,7,9,4,20,7,17,Duolingo,150,,,,,22,25,C1,intermediate|advanced,intermediate|advanced,cambridge_22_25_intermediate_advanced,4,20,random,,201.26666259765625,625.36669921875,225.26666259765625,697.1833648681641,3,1,,,,,,,,,,,,2026-08-09T15:58:12.658Z,C99S394L,2026-08-09,2026-08-09,12:58:12,2026-08-09 12:58:12,,,,,,,,69eb8f1f108d9b87368ef89d,69eb8f1f108d9b87368ef89d,,,,
7325,raw_position_sample,2,2,int,10,2,2,3,26," ground, ",668,216,714768,69eb8f1f108d9b87368ef89d,69eb8f1f108d9b87368ef89d,intermediate,2,69eb8f1f108d9b87368ef89d,69eb8f1f108d9b87368ef89d,spotlight_PROLIFIC,,42,brazil,Portuguese,"portuguese, english, spanish ",spanish,Portuguese:50|English:40|spanish:10,100,Portuguese:40|English:50|spanish:10,100,Portuguese:75|English:20|spanish:5,100,17,4,Bachelor's,10,10,10,6,7,9,4,20,7,17,Duolingo,150,,,,,22,25,C1,intermediate|advanced,intermediate|advanced,cambridge_22_25_intermediate_advanced,4,20,random,,201.26666259765625,625.36669921875,225.26666259765625,697.1833648681641,3,1,,,,,,,,,,,,2026-08-09T15:58:12.658Z,C99S394L,2026-08-09,2026-08-09,12:58:12,2026-08-09 12:58:12,,,,,,,,69eb8f1f108d9b87368ef89d,69eb8f1f108d9b87368ef89d,,,,
7375,raw_position_sample,2,2,int,10,2,2,3,26," ground, ",668,216,714818,69eb8f1f108d9b87368ef89d,69eb8f1f108d9b87368ef89d,intermediate,2,69eb8f1f108d9b87368ef89d,69eb8f1f108d9b87368ef89d,spotlight_PROLIFIC,,42,brazil,Portuguese,"portuguese, english, spanish ",spanish,Portuguese:50|English:40|spanish:10,100,Portuguese:40|English:50|spanish:10,100,Portuguese:75|English:20|spanish:5,100,17,4,Bachelor's,10,10,10,6,7,9,4,20,7,17,Duolingo,150,,,,,22,25,C1,intermediate|advanced,intermediate|advanced,cambridge_22_25_intermediate_advanced,4,20,random,,201.26666259765625,625.36669921875,225.26666259765625,697.1833648681641,3,1,,,,,,,,,,,,2026-08-09T15:58:12.658Z,C99S394L,2026-08-09,2026-08-09,12:58:12,2026-08-09 12:58:12,,,,,,,,69eb8f1f108d9b87368ef89d,69eb8f1f108d9b87368ef89d,,,,
7425,raw_position_sample,2,2,int,10,2,2,3,26," ground, ",668,216,714868,69eb8f1f108d9b87368ef89d,69eb8f1f108d9b87368ef89d,intermediate,2,69eb8f1f108d9b87368ef89d,69eb8f1f108d9b87368ef89d,spotlight_PROLIFIC,,42,brazil,Portuguese,"portuguese, english, spanish ",spanish,Portuguese:50|English:40|spanish:10,100,Portuguese:40|English:50|spanish:10,100,Portuguese:75|English:20|spanish:5,100,17,4,Bachelor's,10,10,10,6,7,9,4,20,7,17,Duolingo,150,,,,,22,25,C1,intermediate|advanced,intermediate|advanced,cambridge_22_25_intermediate_advanced,4,20,random,,201.26666259765625,625.36669921875,225.26666259765625,697.1833648681641,3,1,,,,,,,,,,,,2026-08-09T15:58:12.658Z,C99S394L,2026-08-09,2026-08-09,12:58:12,2026-08-09 12:58:12,,,,,,,,69eb8f1f108d9b87368ef89d,69eb8f1f108d9b87368ef89d,,,,
7475,raw_position_sample,2,2,int,10,2,2,3,26," ground, ",670,216,714918,69eb8f1f108d9b87368ef89d,69eb8f1f108d9b87368ef89d,intermediate,2,69eb8f1f108d9b87368ef89d,69eb8f1f108d9b87368ef89d,spotlight_PROLIFIC,,42,brazil,Portuguese,"portuguese, english, spanish ",spanish,Portuguese:50|English:40|spanish:10,100,Portuguese:40|English:50|spanish:10,100,Portuguese:75|English:20|spanish:5,100,17,4,Bachelor's,10,10,10,6,7,9,4,20,7,17,Duolingo,150,,,,,22,25,C1,intermediate|advanced,intermediate|advanced,cambridge_22_25_intermediate_advanced,4,20,random,,201.26666259765625,625.36669921875,225.26666259765625,697.1833648681641,3,1,,,,,,,,,,,,2026-08-09T15:58:12.658Z,C99S394L,2026-08-09,2026-08-09,12:58:12,2026-08-09 12:58:12,,,,,,,,69eb8f1f108d9b87368ef89d,69eb8f1f108d9b87368ef89d,,,,
7525,raw_position_sample,2,2,int,10,2,2,3,26," ground, ",681,218,714969,69eb8f1f108d9b87368ef89d,69eb8f1f108d9b87368ef89d,intermediate,2,69eb8f1f108d9b87368ef89d,69eb8f1f108d9b87368ef89d,spotlight_PROLIFIC,,42,brazil,Portuguese,"portuguese, english, spanish ",spanish,Portuguese:50|English:40|spanish:10,100,Portuguese:40|English:50|spanish:10,100,Portuguese:75|English:20|spanish:5,100,17,4,Bachelor's,10,10,10,6,7,9,4,20,7,17,Duolingo,150,,,,,22,25,C1,intermediate|advanced,intermediate|advanced,cambridge_22_25_intermediate_advanced,4,20,random,,201.26666259765625,625.36669921875,225.26666259765625,697.1833648681641,3,1,,,,,,,,,,,,2026-08-09T15:58:12.658Z,C99S394L,2026-08-09,2026-08-09,12:58:12,2026-08-09 12:58:12,,,,,,,,69eb8f1f108d9b87368ef89d,69eb8f1f108d9b87368ef89d,,,,
7549,hover_association,2,2,int,10,2,2,3,26," ground, ",695,203,,69eb8f1f108d9b87368ef89d,69eb8f1f108d9b87368ef89d,intermediate,2,69eb8f1f108d9b87368ef89d,69eb8f1f108d9b87368ef89d,spotlight_PROLIFIC,,42,brazil,Portuguese,"portuguese, english, spanish ",spanish,Portuguese:50|English:40|spanish:10,100,Portuguese:40|English:50|spanish:10,100,Portuguese:75|English:20|spanish:5,100,17,4,Bachelor's,10,10,10,6,7,9,4,20,7,17,Duolingo,150,,,,,22,25,C1,intermediate|advanced,intermediate|advanced,cambridge_22_25_intermediate_advanced,4,20,random,,193.26666259765625,621.7716995239258,233.26666259765625,697.1833572387695,3,1,hover,433,433,0.9180052868993964,0.7183334350585937,98,,,,,,2026-08-09T15:58:12.658Z,C99S394L,2026-08-09,2026-08-09,12:58:12,2026-08-09 12:58:12,,,,,,,,69eb8f1f108d9b87368ef89d,69eb8f1f108d9b87368ef89d,,,,
7576,raw_position_sample,2,2,int,10,2,2,3,27, according ,722,225,715019,69eb8f1f108d9b87368ef89d,69eb8f1f108d9b87368ef89d,intermediate,2,69eb8f1f108d9b87368ef89d,69eb8f1f108d9b87368ef89d,spotlight_PROLIFIC,,42,brazil,Portuguese,"portuguese, english, spanish ",spanish,Portuguese:50|English:40|spanish:10,100,Portuguese:40|English:50|spanish:10,100,Portuguese:75|English:20|spanish:5,100,17,4,Bachelor's,10,10,10,6,7,9,4,20,7,17,Duolingo,150,,,,,22,25,C1,intermediate|advanced,intermediate|advanced,cambridge_22_25_intermediate_advanced,4,20,random,,201.26666259765625,697.183349609375,225.26666259765625,785.0833435058594,3,2,,,,,,,,,,,,2026-08-09T15:58:12.658Z,C99S394L,2026-08-09,2026-08-09,12:58:12,2026-08-09 12:58:12,,,,,,,,69eb8f1f108d9b87368ef89d,69eb8f1f108d9b87368ef89d,,,,
7616,hover_association,2,2,int,10,2,2,3,27, according ,704,224,,69eb8f1f108d9b87368ef89d,69eb8f1f108d9b87368ef89d,intermediate,2,69eb8f1f108d9b87368ef89d,69eb8f1f108d9b87368ef89d,spotlight_PROLIFIC,,42,brazil,Portuguese,"portuguese, english, spanish ",spanish,Portuguese:50|English:40|spanish:10,100,Portuguese:40|English:50|spanish:10,100,Portuguese:75|English:20|spanish:5,100,17,4,Bachelor's,10,10,10,6,7,9,4,20,7,17,Duolingo,150,,,,,22,25,C1,intermediate|advanced,intermediate|advanced,cambridge_22_25_intermediate_advanced,4,20,random,,193.26666259765625,697.1833572387695,233.26666259765625,785.0833282470703,3,2,hover,67,67,0.8511566261400155,0.8683334350585937,98,,,,,,2026-08-09T15:58:12.658Z,C99S394L,2026-08-09,2026-08-09,12:58:12,2026-08-09 12:58:12,,,,,,,,69eb8f1f108d9b87368ef89d,69eb8f1f108d9b87368ef89d,,,,
7626,raw_position_sample,2,2,int,10,2,2,3,28, to ,792,228,715069,69eb8f1f108d9b87368ef89d,69eb8f1f108d9b87368ef89d,intermediate,2,69eb8f1f108d9b87368ef89d,69eb8f1f108d9b87368ef89d,spotlight_PROLIFIC,,42,brazil,Portuguese,"portuguese, english, spanish ",spanish,Portuguese:50|English:40|spanish:10,100,Portuguese:40|English:50|spanish:10,100,Portuguese:75|English:20|spanish:5,100,17,4,Bachelor's,10,10,10,6,7,9,4,20,7,17,Duolingo,150,,,,,22,25,C1,intermediate|advanced,intermediate|advanced,cambridge_22_25_intermediate_advanced,4,20,random,,201.26666259765625,785.0833129882812,225.26666259765625,807.1499786376953,3,3,,,,,,,,,,,,2026-08-09T15:58:12.658Z,C99S394L,2026-08-09,2026-08-09,12:58:12,2026-08-09 12:58:12,,,,,,,,69eb8f1f108d9b87368ef89d,69eb8f1f108d9b87368ef89d,,,,
7632,hover_association,2,2,int,10,2,2,3,28, to ,792,228,,69eb8f1f108d9b87368ef89d,69eb8f1f108d9b87368ef89d,intermediate,2,69eb8f1f108d9b87368ef89d,69eb8f1f108d9b87368ef89d,spotlight_PROLIFIC,,42,brazil,Portuguese,"portuguese, english, spanish ",spanish,Portuguese:50|English:40|spanish:10,100,Portuguese:40|English:50|spanish:10,100,Portuguese:75|English:20|spanish:5,100,17,4,Bachelor's,10,10,10,6,7,9,4,20,7,17,Duolingo,150,,,,,22,25,C1,intermediate|advanced,intermediate|advanced,cambridge_22_25_intermediate_advanced,4,20,random,,193.26666259765625,785.0833282470703,233.26666259765625,807.1500015258789,3,3,hover,17,17,0.31344424533497817,0.8683334350585937,98,,,,,,2026-08-09T15:58:12.658Z,C99S394L,2026-08-09,2026-08-09,12:58:12,2026-08-09 12:58:12,,,,,,,,69eb8f1f108d9b87368ef89d,69eb8f1f108d9b87368ef89d,,,,
7677,raw_position_sample,2,2,int,10,2,2,3,30, statement ,854,228,715119,69eb8f1f108d9b87368ef89d,69eb8f1f108d9b87368ef89d,intermediate,2,69eb8f1f108d9b87368ef89d,69eb8f1f108d9b87368ef89d,spotlight_PROLIFIC,,42,brazil,Portuguese,"portuguese, english, spanish ",spanish,Portuguese:50|English:40|spanish:10,100,Portuguese:40|English:50|spanish:10,100,Portuguese:75|English:20|spanish:5,100,17,4,Bachelor's,10,10,10,6,7,9,4,20,7,17,Duolingo,150,,,,,22,25,C1,intermediate|advanced,intermediate|advanced,cambridge_22_25_intermediate_advanced,4,20,random,,201.26666259765625,821.933349609375,225.26666259765625,913.0833435058594,3,5,,,,,,,,,,,,2026-08-09T15:58:12.658Z,C99S394L,2026-08-09,2026-08-09,12:58:12,2026-08-09 12:58:12,,,,,,,,69eb8f1f108d9b87368ef89d,69eb8f1f108d9b87368ef89d,,,,
7726,raw_position_sample,2,2,int,10,2,2,3,30, statement ,859,228,715170,69eb8f1f108d9b87368ef89d,69eb8f1f108d9b87368ef89d,intermediate,2,69eb8f1f108d9b87368ef89d,69eb8f1f108d9b87368ef89d,spotlight_PROLIFIC,,42,brazil,Portuguese,"portuguese, english, spanish ",spanish,Portuguese:50|English:40|spanish:10,100,Portuguese:40|English:50|spanish:10,100,Portuguese:75|English:20|spanish:5,100,17,4,Bachelor's,10,10,10,6,7,9,4,20,7,17,Duolingo,150,,,,,22,25,C1,intermediate|advanced,intermediate|advanced,cambridge_22_25_intermediate_advanced,4,20,random,,201.26666259765625,821.933349609375,225.26666259765625,913.0833435058594,3,5,,,,,,,,,,,,2026-08-09T15:58:12.658Z,C99S394L,2026-08-09,2026-08-09,12:58:12,2026-08-09 12:58:12,,,,,,,,69eb8f1f108d9b87368ef89d,69eb8f1f108d9b87368ef89d,,,,
7777,raw_position_sample,2,2,int,10,2,2,3,30, statement ,859,228,715220,69eb8f1f108d9b87368ef89d,69eb8f1f108d9b87368ef89d,intermediate,2,69eb8f1f108d9b87368ef89d,69eb8f1f108d9b87368ef89d,spotlight_PROLIFIC,,42,brazil,Portuguese,"portuguese, english, spanish ",spanish,Portuguese:50|English:40|spanish:10,100,Portuguese:40|English:50|spanish:10,100,Portuguese:75|English:20|spanish:5,100,17,4,Bachelor's,10,10,10,6,7,9,4,20,7,17,Duolingo,150,,,,,22,25,C1,intermediate|advanced,intermediate|advanced,cambridge_22_25_intermediate_advanced,4,20,random,,201.26666259765625,821.933349609375,225.26666259765625,913.0833435058594,3,5,,,,,,,,,,,,2026-08-09T15:58:12.658Z,C99S394L,2026-08-09,2026-08-09,12:58:12,2026-08-09 12:58:12,,,,,,,,69eb8f1f108d9b87368ef89d,69eb8f1f108d9b87368ef89d,,,,
7827,raw_position_sample,2,2,int,10,2,2,3,30, statement ,859,228,715271,69eb8f1f108d9b87368ef89d,69eb8f1f108d9b87368ef89d,intermediate,2,69eb8f1f108d9b87368ef89d,69eb8f1f108d9b87368ef89d,spotlight_PROLIFIC,,42,brazil,Portuguese,"portuguese, english, spanish ",spanish,Portuguese:50|English:40|spanish:10,100,Portuguese:40|English:50|spanish:10,100,Portuguese:75|English:20|spanish:5,100,17,4,Bachelor's,10,10,10,6,7,9,4,20,7,17,Duolingo,150,,,,,22,25,C1,intermediate|advanced,intermediate|advanced,cambridge_22_25_intermediate_advanced,4,20,random,,201.26666259765625,821.933349609375,225.26666259765625,913.0833435058594,3,5,,,,,,,,,,,,2026-08-09T15:58:12.658Z,C99S394L,2026-08-09,2026-08-09,12:58:12,2026-08-09 12:58:12,,,,,,,,69eb8f1f108d9b87368ef89d,69eb8f1f108d9b87368ef89d,,,,
7877,raw_position_sample,2,2,int,10,2,2,3,30, statement ,859,228,715321,69eb8f1f108d9b87368ef89d,69eb8f1f108d9b87368ef89d,intermediate,2,69eb8f1f108d9b87368ef89d,69eb8f1f108d9b87368ef89d,spotlight_PROLIFIC,,42,brazil,Portuguese,"portuguese, english, spanish ",spanish,Portuguese:50|English:40|spanish:10,100,Portuguese:40|English:50|spanish:10,100,Portuguese:75|English:20|spanish:5,100,17,4,Bachelor's,10,10,10,6,7,9,4,20,7,17,Duolingo,150,,,,,22,25,C1,intermediate|advanced,intermediate|advanced,cambridge_22_25_intermediate_advanced,4,20,random,,201.26666259765625,821.933349609375,225.26666259765625,913.0833435058594,3,5,,,,,,,,,,,,2026-08-09T15:58:12.658Z,C99S394L,2026-08-09,2026-08-09,12:58:12,2026-08-09 12:58:12,,,,,,,,69eb8f1f108d9b87368ef89d,69eb8f1f108d9b87368ef89d,,,,
7928,raw_position_sample,2,2,int,10,2,2,3,30, statement ,866,228,715371,69eb8f1f108d9b87368ef89d,69eb8f1f108d9b87368ef89d,intermediate,2,69eb8f1f108d9b87368ef89d,69eb8f1f108d9b87368ef89d,spotlight_PROLIFIC,,42,brazil,Portuguese,"portuguese, english, spanish ",spanish,Portuguese:50|English:40|spanish:10,100,Portuguese:40|English:50|spanish:10,100,Portuguese:75|English:20|spanish:5,100,17,4,Bachelor's,10,10,10,6,7,9,4,20,7,17,Duolingo,150,,,,,22,25,C1,intermediate|advanced,intermediate|advanced,cambridge_22_25_intermediate_advanced,4,20,random,,201.26666259765625,821.933349609375,225.26666259765625,913.0833435058594,3,5,,,,,,,,,,,,2026-08-09T15:58:12.658Z,C99S394L,2026-08-09,2026-08-09,12:58:12,2026-08-09 12:58:12,,,,,,,,69eb8f1f108d9b87368ef89d,69eb8f1f108d9b87368ef89d,,,,
7978,raw_position_sample,2,2,int,10,2,2,3,30, statement ,905,228,715422,69eb8f1f108d9b87368ef89d,69eb8f1f108d9b87368ef89d,intermediate,2,69eb8f1f108d9b87368ef89d,69eb8f1f108d9b87368ef89d,spotlight_PROLIFIC,,42,brazil,Portuguese,"portuguese, english, spanish ",spanish,Portuguese:50|English:40|spanish:10,100,Portuguese:40|English:50|spanish:10,100,Portuguese:75|English:20|spanish:5,100,17,4,Bachelor's,10,10,10,6,7,9,4,20,7,17,Duolingo,150,,,,,22,25,C1,intermediate|advanced,intermediate|advanced,cambridge_22_25_intermediate_advanced,4,20,random,,201.26666259765625,821.933349609375,225.26666259765625,913.0833435058594,3,5,,,,,,,,,,,,2026-08-09T15:58:12.658Z,C99S394L,2026-08-09,2026-08-09,12:58:12,2026-08-09 12:58:12,,,,,,,,69eb8f1f108d9b87368ef89d,69eb8f1f108d9b87368ef89d,,,,
7983,hover_association,2,2,int,10,2,2,3,30, statement ,824,228,,69eb8f1f108d9b87368ef89d,69eb8f1f108d9b87368ef89d,intermediate,2,69eb8f1f108d9b87368ef89d,69eb8f1f108d9b87368ef89d,spotlight_PROLIFIC,,42,brazil,Portuguese,"portuguese, english, spanish ",spanish,Portuguese:50|English:40|spanish:10,100,Portuguese:40|English:50|spanish:10,100,Portuguese:75|English:20|spanish:5,100,17,4,Bachelor's,10,10,10,6,7,9,4,20,7,17,Duolingo,150,,,,,22,25,C1,intermediate|advanced,intermediate|advanced,cambridge_22_25_intermediate_advanced,4,20,random,,193.26666259765625,821.9333572387695,233.26666259765625,913.0833282470703,3,5,hover,350,350,0.9113183673274654,0.8683334350585937,98,,,,,,2026-08-09T15:58:12.658Z,C99S394L,2026-08-09,2026-08-09,12:58:12,2026-08-09 12:58:12,,,,,,,,69eb8f1f108d9b87368ef89d,69eb8f1f108d9b87368ef89d,,,,
8029,raw_position_sample,2,2,int,10,2,2,3,31, from ,936,228,715472,69eb8f1f108d9b87368ef89d,69eb8f1f108d9b87368ef89d,intermediate,2,69eb8f1f108d9b87368ef89d,69eb8f1f108d9b87368ef89d,spotlight_PROLIFIC,,42,brazil,Portuguese,"portuguese, english, spanish ",spanish,Portuguese:50|English:40|spanish:10,100,Portuguese:40|English:50|spanish:10,100,Portuguese:75|English:20|spanish:5,100,17,4,Bachelor's,10,10,10,6,7,9,4,20,7,17,Duolingo,150,,,,,22,25,C1,intermediate|advanced,intermediate|advanced,cambridge_22_25_intermediate_advanced,4,20,random,,201.26666259765625,913.0833129882812,225.26666259765625,958.7499847412109,3,6,,,,,,,,,,,,2026-08-09T15:58:12.658Z,C99S394L,2026-08-09,2026-08-09,12:58:12,2026-08-09 12:58:12,,,,,,,,69eb8f1f108d9b87368ef89d,69eb8f1f108d9b87368ef89d,,,,
8079,raw_position_sample,2,2,int,10,2,2,3,31, from ,936,228,715523,69eb8f1f108d9b87368ef89d,69eb8f1f108d9b87368ef89d,intermediate,2,69eb8f1f108d9b87368ef89d,69eb8f1f108d9b87368ef89d,spotlight_PROLIFIC,,42,brazil,Portuguese,"portuguese, english, spanish ",spanish,Portuguese:50|English:40|spanish:10,100,Portuguese:40|English:50|spanish:10,100,Portuguese:75|English:20|spanish:5,100,17,4,Bachelor's,10,10,10,6,7,9,4,20,7,17,Duolingo,150,,,,,22,25,C1,intermediate|advanced,intermediate|advanced,cambridge_22_25_intermediate_advanced,4,20,random,,201.26666259765625,913.0833129882812,225.26666259765625,958.7499847412109,3,6,,,,,,,,,,,,2026-08-09T15:58:12.658Z,C99S394L,2026-08-09,2026-08-09,12:58:12,2026-08-09 12:58:12,,,,,,,,69eb8f1f108d9b87368ef89d,69eb8f1f108d9b87368ef89d,,,,
8129,raw_position_sample,2,2,int,10,2,2,3,31, from ,936,228,715572,69eb8f1f108d9b87368ef89d,69eb8f1f108d9b87368ef89d,intermediate,2,69eb8f1f108d9b87368ef89d,69eb8f1f108d9b87368ef89d,spotlight_PROLIFIC,,42,brazil,Portuguese,"portuguese, english, spanish ",spanish,Portuguese:50|English:40|spanish:10,100,Portuguese:40|English:50|spanish:10,100,Portuguese:75|English:20|spanish:5,100,17,4,Bachelor's,10,10,10,6,7,9,4,20,7,17,Duolingo,150,,,,,22,25,C1,intermediate|advanced,intermediate|advanced,cambridge_22_25_intermediate_advanced,4,20,random,,201.26666259765625,913.0833129882812,225.26666259765625,958.7499847412109,3,6,,,,,,,,,,,,2026-08-09T15:58:12.658Z,C99S394L,2026-08-09,2026-08-09,12:58:12,2026-08-09 12:58:12,,,,,,,,69eb8f1f108d9b87368ef89d,69eb8f1f108d9b87368ef89d,,,,
8179,raw_position_sample,2,2,int,10,2,2,3,31, from ,931,228,715623,69eb8f1f108d9b87368ef89d,69eb8f1f108d9b87368ef89d,intermediate,2,69eb8f1f108d9b87368ef89d,69eb8f1f108d9b87368ef89d,spotlight_PROLIFIC,,42,brazil,Portuguese,"portuguese, english, spanish ",spanish,Portuguese:50|English:40|spanish:10,100,Portuguese:40|English:50|spanish:10,100,Portuguese:75|English:20|spanish:5,100,17,4,Bachelor's,10,10,10,6,7,9,4,20,7,17,Duolingo,150,,,,,22,25,C1,intermediate|advanced,intermediate|advanced,cambridge_22_25_intermediate_advanced,4,20,random,,201.26666259765625,913.0833129882812,225.26666259765625,958.7499847412109,3,6,,,,,,,,,,,,2026-08-09T15:58:12.658Z,C99S394L,2026-08-09,2026-08-09,12:58:12,2026-08-09 12:58:12,,,,,,,,69eb8f1f108d9b87368ef89d,69eb8f1f108d9b87368ef89d,,,,
8229,raw_position_sample,2,2,int,10,2,2,3,31, from ,920,228,715672,69eb8f1f108d9b87368ef89d,69eb8f1f108d9b87368ef89d,intermediate,2,69eb8f1f108d9b87368ef89d,69eb8f1f108d9b87368ef89d,spotlight_PROLIFIC,,42,brazil,Portuguese,"portuguese, english, spanish ",spanish,Portuguese:50|English:40|spanish:10,100,Portuguese:40|English:50|spanish:10,100,Portuguese:75|English:20|spanish:5,100,17,4,Bachelor's,10,10,10,6,7,9,4,20,7,17,Duolingo,150,,,,,22,25,C1,intermediate|advanced,intermediate|advanced,cambridge_22_25_intermediate_advanced,4,20,random,,201.26666259765625,913.0833129882812,225.26666259765625,958.7499847412109,3,6,,,,,,,,,,,,2026-08-09T15:58:12.658Z,C99S394L,2026-08-09,2026-08-09,12:58:12,2026-08-09 12:58:12,,,,,,,,69eb8f1f108d9b87368ef89d,69eb8f1f108d9b87368ef89d,,,,
8280,raw_position_sample,2,2,int,10,2,2,3,31, from ,920,228,715723,69eb8f1f108d9b87368ef89d,69eb8f1f108d9b87368ef89d,intermediate,2,69eb8f1f108d9b87368ef89d,69eb8f1f108d9b87368ef89d,spotlight_PROLIFIC,,42,brazil,Portuguese,"portuguese, english, spanish ",spanish,Portuguese:50|English:40|spanish:10,100,Portuguese:40|English:50|spanish:10,100,Portuguese:75|English:20|spanish:5,100,17,4,Bachelor's,10,10,10,6,7,9,4,20,7,17,Duolingo,150,,,,,22,25,C1,intermediate|advanced,intermediate|advanced,cambridge_22_25_intermediate_advanced,4,20,random,,201.26666259765625,913.0833129882812,225.26666259765625,958.7499847412109,3,6,,,,,,,,,,,,2026-08-09T15:58:12.658Z,C99S394L,2026-08-09,2026-08-09,12:58:12,2026-08-09 12:58:12,,,,,,,,69eb8f1f108d9b87368ef89d,69eb8f1f108d9b87368ef89d,,,,
8330,raw_position_sample,2,2,int,10,2,2,3,31, from ,920,228,715773,69eb8f1f108d9b87368ef89d,69eb8f1f108d9b87368ef89d,intermediate,2,69eb8f1f108d9b87368ef89d,69eb8f1f108d9b87368ef89d,spotlight_PROLIFIC,,42,brazil,Portuguese,"portuguese, english, spanish ",spanish,Portuguese:50|English:40|spanish:10,100,Portuguese:40|English:50|spanish:10,100,Portuguese:75|English:20|spanish:5,100,17,4,Bachelor's,10,10,10,6,7,9,4,20,7,17,Duolingo,150,,,,,22,25,C1,intermediate|advanced,intermediate|advanced,cambridge_22_25_intermediate_advanced,4,20,random,,201.26666259765625,913.0833129882812,225.26666259765625,958.7499847412109,3,6,,,,,,,,,,,,2026-08-09T15:58:12.658Z,C99S394L,2026-08-09,2026-08-09,12:58:12,2026-08-09 12:58:12,,,,,,,,69eb8f1f108d9b87368ef89d,69eb8f1f108d9b87368ef89d,,,,
8380,raw_position_sample,2,2,int,10,2,2,3,31, from ,920,228,715823,69eb8f1f108d9b87368ef89d,69eb8f1f108d9b87368ef89d,intermediate,2,69eb8f1f108d9b87368ef89d,69eb8f1f108d9b87368ef89d,spotlight_PROLIFIC,,42,brazil,Portuguese,"portuguese, english, spanish ",spanish,Portuguese:50|English:40|spanish:10,100,Portuguese:40|English:50|spanish:10,100,Portuguese:75|English:20|spanish:5,100,17,4,Bachelor's,10,10,10,6,7,9,4,20,7,17,Duolingo,150,,,,,22,25,C1,intermediate|advanced,intermediate|advanced,cambridge_22_25_intermediate_advanced,4,20,random,,201.26666259765625,913.0833129882812,225.26666259765625,958.7499847412109,3,6,,,,,,,,,,,,2026-08-09T15:58:12.658Z,C99S394L,2026-08-09,2026-08-09,12:58:12,2026-08-09 12:58:12,,,,,,,,69eb8f1f108d9b87368ef89d,69eb8f1f108d9b87368ef89d,,,,
8431,raw_position_sample,2,2,int,10,2,2,3,31, from ,920,228,715874,69eb8f1f108d9b87368ef89d,69eb8f1f108d9b87368ef89d,intermediate,2,69eb8f1f108d9b87368ef89d,69eb8f1f108d9b87368ef89d,spotlight_PROLIFIC,,42,brazil,Portuguese,"portuguese, english, spanish ",spanish,Portuguese:50|English:40|spanish:10,100,Portuguese:40|English:50|spanish:10,100,Portuguese:75|English:20|spanish:5,100,17,4,Bachelor's,10,10,10,6,7,9,4,20,7,17,Duolingo,150,,,,,22,25,C1,intermediate|advanced,intermediate|advanced,cambridge_22_25_intermediate_advanced,4,20,random,,201.26666259765625,913.0833129882812,225.26666259765625,958.7499847412109,3,6,,,,,,,,,,,,2026-08-09T15:58:12.658Z,C99S394L,2026-08-09,2026-08-09,12:58:12,2026-08-09 12:58:12,,,,,,,,69eb8f1f108d9b87368ef89d,69eb8f1f108d9b87368ef89d,,,,
8480,raw_position_sample,2,2,int,10,2,2,3,31, from ,919,228,715924,69eb8f1f108d9b87368ef89d,69eb8f1f108d9b87368ef89d,intermediate,2,69eb8f1f108d9b87368ef89d,69eb8f1f108d9b87368ef89d,spotlight_PROLIFIC,,42,brazil,Portuguese,"portuguese, english, spanish ",spanish,Portuguese:50|English:40|spanish:10,100,Portuguese:40|English:50|spanish:10,100,Portuguese:75|English:20|spanish:5,100,17,4,Bachelor's,10,10,10,6,7,9,4,20,7,17,Duolingo,150,,,,,22,25,C1,intermediate|advanced,intermediate|advanced,cambridge_22_25_intermediate_advanced,4,20,random,,201.26666259765625,913.0833129882812,225.26666259765625,958.7499847412109,3,6,,,,,,,,,,,,2026-08-09T15:58:12.658Z,C99S394L,2026-08-09,2026-08-09,12:58:12,2026-08-09 12:58:12,,,,,,,,69eb8f1f108d9b87368ef89d,69eb8f1f108d9b87368ef89d,,,,
8531,raw_position_sample,2,2,int,10,2,2,3,31, from ,925,228,715975,69eb8f1f108d9b87368ef89d,69eb8f1f108d9b87368ef89d,intermediate,2,69eb8f1f108d9b87368ef89d,69eb8f1f108d9b87368ef89d,spotlight_PROLIFIC,,42,brazil,Portuguese,"portuguese, english, spanish ",spanish,Portuguese:50|English:40|spanish:10,100,Portuguese:40|English:50|spanish:10,100,Portuguese:75|English:20|spanish:5,100,17,4,Bachelor's,10,10,10,6,7,9,4,20,7,17,Duolingo,150,,,,,22,25,C1,intermediate|advanced,intermediate|advanced,cambridge_22_25_intermediate_advanced,4,20,random,,201.26666259765625,913.0833129882812,225.26666259765625,958.7499847412109,3,6,,,,,,,,,,,,2026-08-09T15:58:12.658Z,C99S394L,2026-08-09,2026-08-09,12:58:12,2026-08-09 12:58:12,,,,,,,,69eb8f1f108d9b87368ef89d,69eb8f1f108d9b87368ef89d,,,,
8581,raw_position_sample,2,2,int,10,2,2,3,31, from ,954,225,716025,69eb8f1f108d9b87368ef89d,69eb8f1f108d9b87368ef89d,intermediate,2,69eb8f1f108d9b87368ef89d,69eb8f1f108d9b87368ef89d,spotlight_PROLIFIC,,42,brazil,Portuguese,"portuguese, english, spanish ",spanish,Portuguese:50|English:40|spanish:10,100,Portuguese:40|English:50|spanish:10,100,Portuguese:75|English:20|spanish:5,100,17,4,Bachelor's,10,10,10,6,7,9,4,20,7,17,Duolingo,150,,,,,22,25,C1,intermediate|advanced,intermediate|advanced,cambridge_22_25_intermediate_advanced,4,20,random,,201.26666259765625,913.0833129882812,225.26666259765625,958.7499847412109,3,6,,,,,,,,,,,,2026-08-09T15:58:12.658Z,C99S394L,2026-08-09,2026-08-09,12:58:12,2026-08-09 12:58:12,,,,,,,,69eb8f1f108d9b87368ef89d,69eb8f1f108d9b87368ef89d,,,,
8583,hover_association,2,2,int,10,2,2,3,31, from ,920,228,,69eb8f1f108d9b87368ef89d,69eb8f1f108d9b87368ef89d,intermediate,2,69eb8f1f108d9b87368ef89d,69eb8f1f108d9b87368ef89d,spotlight_PROLIFIC,,42,brazil,Portuguese,"portuguese, english, spanish ",spanish,Portuguese:50|English:40|spanish:10,100,Portuguese:40|English:50|spanish:10,100,Portuguese:75|English:20|spanish:5,100,17,4,Bachelor's,10,10,10,6,7,9,4,20,7,17,Duolingo,150,,,,,22,25,C1,intermediate|advanced,intermediate|advanced,cambridge_22_25_intermediate_advanced,4,20,random,,193.26666259765625,913.0833282470703,233.26666259765625,958.7499923706055,3,6,hover,600,600,0.8959855627344264,0.7933334350585938,98,,,,,,2026-08-09T15:58:12.658Z,C99S394L,2026-08-09,2026-08-09,12:58:12,2026-08-09 12:58:12,,,,,,,,69eb8f1f108d9b87368ef89d,69eb8f1f108d9b87368ef89d,,,,
8631,raw_position_sample,2,2,int,10,2,2,3,32, the ,980,222,716075,69eb8f1f108d9b87368ef89d,69eb8f1f108d9b87368ef89d,intermediate,2,69eb8f1f108d9b87368ef89d,69eb8f1f108d9b87368ef89d,spotlight_PROLIFIC,,42,brazil,Portuguese,"portuguese, english, spanish ",spanish,Portuguese:50|English:40|spanish:10,100,Portuguese:40|English:50|spanish:10,100,Portuguese:75|English:20|spanish:5,100,17,4,Bachelor's,10,10,10,6,7,9,4,20,7,17,Duolingo,150,,,,,22,25,C1,intermediate|advanced,intermediate|advanced,cambridge_22_25_intermediate_advanced,4,20,random,,201.26666259765625,958.75,225.26666259765625,991.1999969482422,3,7,,,,,,,,,,,,2026-08-09T15:58:12.658Z,C99S394L,2026-08-09,2026-08-09,12:58:12,2026-08-09 12:58:12,,,,,,,,69eb8f1f108d9b87368ef89d,69eb8f1f108d9b87368ef89d,,,,
8650,hover_association,2,2,int,10,2,2,3,32, the ,968,223,,69eb8f1f108d9b87368ef89d,69eb8f1f108d9b87368ef89d,intermediate,2,69eb8f1f108d9b87368ef89d,69eb8f1f108d9b87368ef89d,spotlight_PROLIFIC,,42,brazil,Portuguese,"portuguese, english, spanish ",spanish,Portuguese:50|English:40|spanish:10,100,Portuguese:40|English:50|spanish:10,100,Portuguese:75|English:20|spanish:5,100,17,4,Bachelor's,10,10,10,6,7,9,4,20,7,17,Duolingo,150,,,,,22,25,C1,intermediate|advanced,intermediate|advanced,cambridge_22_25_intermediate_advanced,4,20,random,,193.26666259765625,958.7499923706055,233.26666259765625,991.2000045776367,3,7,hover,67,67,0.901386644873331,0.7183334350585937,98,,,,,,2026-08-09T15:58:12.658Z,C99S394L,2026-08-09,2026-08-09,12:58:12,2026-08-09 12:58:12,,,,,,,,69eb8f1f108d9b87368ef89d,69eb8f1f108d9b87368ef89d,,,,
8682,raw_position_sample,2,2,int,10,2,2,3,33, Russian ,1010,223,716126,69eb8f1f108d9b87368ef89d,69eb8f1f108d9b87368ef89d,intermediate,2,69eb8f1f108d9b87368ef89d,69eb8f1f108d9b87368ef89d,spotlight_PROLIFIC,,42,brazil,Portuguese,"portuguese, english, spanish ",spanish,Portuguese:50|English:40|spanish:10,100,Portuguese:40|English:50|spanish:10,100,Portuguese:75|English:20|spanish:5,100,17,4,Bachelor's,10,10,10,6,7,9,4,20,7,17,Duolingo,150,,,,,22,25,C1,intermediate|advanced,intermediate|advanced,cambridge_22_25_intermediate_advanced,4,20,random,,201.26666259765625,991.2000122070312,225.26666259765625,1061.3000183105469,3,8,,,,,,,,,,,,2026-08-09T15:58:12.658Z,C99S394L,2026-08-09,2026-08-09,12:58:12,2026-08-09 12:58:12,,,,,,,,69eb8f1f108d9b87368ef89d,69eb8f1f108d9b87368ef89d,,,,
8732,raw_position_sample,2,2,int,10,2,2,3,33, Russian ,1036,224,716176,69eb8f1f108d9b87368ef89d,69eb8f1f108d9b87368ef89d,intermediate,2,69eb8f1f108d9b87368ef89d,69eb8f1f108d9b87368ef89d,spotlight_PROLIFIC,,42,brazil,Portuguese,"portuguese, english, spanish ",spanish,Portuguese:50|English:40|spanish:10,100,Portuguese:40|English:50|spanish:10,100,Portuguese:75|English:20|spanish:5,100,17,4,Bachelor's,10,10,10,6,7,9,4,20,7,17,Duolingo,150,,,,,22,25,C1,intermediate|advanced,intermediate|advanced,cambridge_22_25_intermediate_advanced,4,20,random,,201.26666259765625,991.2000122070312,225.26666259765625,1061.3000183105469,3,8,,,,,,,,,,,,2026-08-09T15:58:12.658Z,C99S394L,2026-08-09,2026-08-09,12:58:12,2026-08-09 12:58:12,,,,,,,,69eb8f1f108d9b87368ef89d,69eb8f1f108d9b87368ef89d,,,,
8782,raw_position_sample,2,2,int,10,2,2,3,33, Russian ,1036,224,716226,69eb8f1f108d9b87368ef89d,69eb8f1f108d9b87368ef89d,intermediate,2,69eb8f1f108d9b87368ef89d,69eb8f1f108d9b87368ef89d,spotlight_PROLIFIC,,42,brazil,Portuguese,"portuguese, english, spanish ",spanish,Portuguese:50|English:40|spanish:10,100,Portuguese:40|English:50|spanish:10,100,Portuguese:75|English:20|spanish:5,100,17,4,Bachelor's,10,10,10,6,7,9,4,20,7,17,Duolingo,150,,,,,22,25,C1,intermediate|advanced,intermediate|advanced,cambridge_22_25_intermediate_advanced,4,20,random,,201.26666259765625,991.2000122070312,225.26666259765625,1061.3000183105469,3,8,,,,,,,,,,,,2026-08-09T15:58:12.658Z,C99S394L,2026-08-09,2026-08-09,12:58:12,2026-08-09 12:58:12,,,,,,,,69eb8f1f108d9b87368ef89d,69eb8f1f108d9b87368ef89d,,,,
8832,raw_position_sample,2,2,int,10,2,2,3,33, Russian ,1036,224,716276,69eb8f1f108d9b87368ef89d,69eb8f1f108d9b87368ef89d,intermediate,2,69eb8f1f108d9b87368ef89d,69eb8f1f108d9b87368ef89d,spotlight_PROLIFIC,,42,brazil,Portuguese,"portuguese, english, spanish ",spanish,Portuguese:50|English:40|spanish:10,100,Portuguese:40|English:50|spanish:10,100,Portuguese:75|English:20|spanish:5,100,17,4,Bachelor's,10,10,10,6,7,9,4,20,7,17,Duolingo,150,,,,,22,25,C1,intermediate|advanced,intermediate|advanced,cambridge_22_25_intermediate_advanced,4,20,random,,201.26666259765625,991.2000122070312,225.26666259765625,1061.3000183105469,3,8,,,,,,,,,,,,2026-08-09T15:58:12.658Z,C99S394L,2026-08-09,2026-08-09,12:58:12,2026-08-09 12:58:12,,,,,,,,69eb8f1f108d9b87368ef89d,69eb8f1f108d9b87368ef89d,,,,
8882,raw_position_sample,2,2,int,10,2,2,3,33, Russian ,1039,224,716326,69eb8f1f108d9b87368ef89d,69eb8f1f108d9b87368ef89d,intermediate,2,69eb8f1f108d9b87368ef89d,69eb8f1f108d9b87368ef89d,spotlight_PROLIFIC,,42,brazil,Portuguese,"portuguese, english, spanish ",spanish,Portuguese:50|English:40|spanish:10,100,Portuguese:40|English:50|spanish:10,100,Portuguese:75|English:20|spanish:5,100,17,4,Bachelor's,10,10,10,6,7,9,4,20,7,17,Duolingo,150,,,,,22,25,C1,intermediate|advanced,intermediate|advanced,cambridge_22_25_intermediate_advanced,4,20,random,,201.26666259765625,991.2000122070312,225.26666259765625,1061.3000183105469,3,8,,,,,,,,,,,,2026-08-09T15:58:12.658Z,C99S394L,2026-08-09,2026-08-09,12:58:12,2026-08-09 12:58:12,,,,,,,,69eb8f1f108d9b87368ef89d,69eb8f1f108d9b87368ef89d,,,,
8933,hover_association,2,2,int,10,2,2,3,33, Russian ,996,222,,69eb8f1f108d9b87368ef89d,69eb8f1f108d9b87368ef89d,intermediate,2,69eb8f1f108d9b87368ef89d,69eb8f1f108d9b87368ef89d,spotlight_PROLIFIC,,42,brazil,Portuguese,"portuguese, english, spanish ",spanish,Portuguese:50|English:40|spanish:10,100,Portuguese:40|English:50|spanish:10,100,Portuguese:75|English:20|spanish:5,100,17,4,Bachelor's,10,10,10,6,7,9,4,20,7,17,Duolingo,150,,,,,22,25,C1,intermediate|advanced,intermediate|advanced,cambridge_22_25_intermediate_advanced,4,20,random,,193.26666259765625,991.2000045776367,233.26666259765625,1061.300033569336,3,8,hover,283,283,0.8815972876370882,0.7683334350585938,98,,,,,,2026-08-09T15:58:12.658Z,C99S394L,2026-08-09,2026-08-09,12:58:12,2026-08-09 12:58:12,,,,,,,,69eb8f1f108d9b87368ef89d,69eb8f1f108d9b87368ef89d,,,,
8934,raw_position_sample,2,2,int,10,2,2,3,34, Academy ,1066,222,716377,69eb8f1f108d9b87368ef89d,69eb8f1f108d9b87368ef89d,intermediate,2,69eb8f1f108d9b87368ef89d,69eb8f1f108d9b87368ef89d,spotlight_PROLIFIC,,42,brazil,Portuguese,"portuguese, english, spanish ",spanish,Portuguese:50|English:40|spanish:10,100,Portuguese:40|English:50|spanish:10,100,Portuguese:75|English:20|spanish:5,100,17,4,Bachelor's,10,10,10,6,7,9,4,20,7,17,Duolingo,150,,,,,22,25,C1,intermediate|advanced,intermediate|advanced,cambridge_22_25_intermediate_advanced,4,20,random,,201.26666259765625,1061.300048828125,225.26666259765625,1143.4500427246094,3,9,,,,,,,,,,,,2026-08-09T15:58:12.658Z,C99S394L,2026-08-09,2026-08-09,12:58:12,2026-08-09 12:58:12,,,,,,,,69eb8f1f108d9b87368ef89d,69eb8f1f108d9b87368ef89d,,,,
8983,raw_position_sample,2,2,int,10,2,2,3,34, Academy ,1105,220,716427,69eb8f1f108d9b87368ef89d,69eb8f1f108d9b87368ef89d,intermediate,2,69eb8f1f108d9b87368ef89d,69eb8f1f108d9b87368ef89d,spotlight_PROLIFIC,,42,brazil,Portuguese,"portuguese, english, spanish ",spanish,Portuguese:50|English:40|spanish:10,100,Portuguese:40|English:50|spanish:10,100,Portuguese:75|English:20|spanish:5,100,17,4,Bachelor's,10,10,10,6,7,9,4,20,7,17,Duolingo,150,,,,,22,25,C1,intermediate|advanced,intermediate|advanced,cambridge_22_25_intermediate_advanced,4,20,random,,201.26666259765625,1061.300048828125,225.26666259765625,1143.4500427246094,3,9,,,,,,,,,,,,2026-08-09T15:58:12.658Z,C99S394L,2026-08-09,2026-08-09,12:58:12,2026-08-09 12:58:12,,,,,,,,69eb8f1f108d9b87368ef89d,69eb8f1f108d9b87368ef89d,,,,
9034,raw_position_sample,2,2,int,10,2,2,3,34, Academy ,1143,220,716477,69eb8f1f108d9b87368ef89d,69eb8f1f108d9b87368ef89d,intermediate,2,69eb8f1f108d9b87368ef89d,69eb8f1f108d9b87368ef89d,spotlight_PROLIFIC,,42,brazil,Portuguese,"portuguese, english, spanish ",spanish,Portuguese:50|English:40|spanish:10,100,Portuguese:40|English:50|spanish:10,100,Portuguese:75|English:20|spanish:5,100,17,4,Bachelor's,10,10,10,6,7,9,4,20,7,17,Duolingo,150,,,,,22,25,C1,intermediate|advanced,intermediate|advanced,cambridge_22_25_intermediate_advanced,4,20,random,,201.26666259765625,1061.300048828125,225.26666259765625,1143.4500427246094,3,9,,,,,,,,,,,,2026-08-09T15:58:12.658Z,C99S394L,2026-08-09,2026-08-09,12:58:12,2026-08-09 12:58:12,,,,,,,,69eb8f1f108d9b87368ef89d,69eb8f1f108d9b87368ef89d,,,,
9049,hover_association,2,2,int,10,2,2,3,34, Academy ,1066,222,,69eb8f1f108d9b87368ef89d,69eb8f1f108d9b87368ef89d,intermediate,2,69eb8f1f108d9b87368ef89d,69eb8f1f108d9b87368ef89d,spotlight_PROLIFIC,,42,brazil,Portuguese,"portuguese, english, spanish ",spanish,Portuguese:50|English:40|spanish:10,100,Portuguese:40|English:50|spanish:10,100,Portuguese:75|English:20|spanish:5,100,17,4,Bachelor's,10,10,10,6,7,9,4,20,7,17,Duolingo,150,,,,,22,25,C1,intermediate|advanced,intermediate|advanced,cambridge_22_25_intermediate_advanced,4,20,random,,193.26666259765625,1061.300033569336,233.26666259765625,1143.4499969482422,3,9,hover,117,117,0.9945222501662401,0.6683334350585938,98,,,,,,2026-08-09T15:58:12.658Z,C99S394L,2026-08-09,2026-08-09,12:58:12,2026-08-09 12:58:12,,,,,,,,69eb8f1f108d9b87368ef89d,69eb8f1f108d9b87368ef89d,,,,
9066,hover_association,2,2,int,10,2,2,3,35, of ,1155,220,,69eb8f1f108d9b87368ef89d,69eb8f1f108d9b87368ef89d,intermediate,2,69eb8f1f108d9b87368ef89d,69eb8f1f108d9b87368ef89d,spotlight_PROLIFIC,,42,brazil,Portuguese,"portuguese, english, spanish ",spanish,Portuguese:50|English:40|spanish:10,100,Portuguese:40|English:50|spanish:10,100,Portuguese:75|English:20|spanish:5,100,17,4,Bachelor's,10,10,10,6,7,9,4,20,7,17,Duolingo,150,,,,,22,25,C1,intermediate|advanced,intermediate|advanced,cambridge_22_25_intermediate_advanced,4,20,random,,193.26666259765625,1143.4499969482422,233.26666259765625,1165.2166442871094,3,10,hover,16,16,0.5306284827399108,0.6683334350585938,98,,,,,,2026-08-09T15:58:12.658Z,C99S394L,2026-08-09,2026-08-09,12:58:12,2026-08-09 12:58:12,,,,,,,,69eb8f1f108d9b87368ef89d,69eb8f1f108d9b87368ef89d,,,,
9084,raw_position_sample,2,2,int,10,2,2,3,36, Sciences. ,1178,220,716527,69eb8f1f108d9b87368ef89d,69eb8f1f108d9b87368ef89d,intermediate,2,69eb8f1f108d9b87368ef89d,69eb8f1f108d9b87368ef89d,spotlight_PROLIFIC,,42,brazil,Portuguese,"portuguese, english, spanish ",spanish,Portuguese:50|English:40|spanish:10,100,Portuguese:40|English:50|spanish:10,100,Portuguese:75|English:20|spanish:5,100,17,4,Bachelor's,10,10,10,6,7,9,4,20,7,17,Duolingo,150,,,,,22,25,C1,intermediate|advanced,intermediate|advanced,cambridge_22_25_intermediate_advanced,4,20,random,,201.26666259765625,1165.2166748046875,225.26666259765625,1246.5500183105469,3,11,,,,,,,,,,,,2026-08-09T15:58:12.658Z,C99S394L,2026-08-09,2026-08-09,12:58:12,2026-08-09 12:58:12,,,,,,,,69eb8f1f108d9b87368ef89d,69eb8f1f108d9b87368ef89d,,,,
9134,raw_position_sample,2,2,int,10,2,2,3,36, Sciences. ,1190,218,716578,69eb8f1f108d9b87368ef89d,69eb8f1f108d9b87368ef89d,intermediate,2,69eb8f1f108d9b87368ef89d,69eb8f1f108d9b87368ef89d,spotlight_PROLIFIC,,42,brazil,Portuguese,"portuguese, english, spanish ",spanish,Portuguese:50|English:40|spanish:10,100,Portuguese:40|English:50|spanish:10,100,Portuguese:75|English:20|spanish:5,100,17,4,Bachelor's,10,10,10,6,7,9,4,20,7,17,Duolingo,150,,,,,22,25,C1,intermediate|advanced,intermediate|advanced,cambridge_22_25_intermediate_advanced,4,20,random,,201.26666259765625,1165.2166748046875,225.26666259765625,1246.5500183105469,3,11,,,,,,,,,,,,2026-08-09T15:58:12.658Z,C99S394L,2026-08-09,2026-08-09,12:58:12,2026-08-09 12:58:12,,,,,,,,69eb8f1f108d9b87368ef89d,69eb8f1f108d9b87368ef89d,,,,
9184,raw_position_sample,2,2,int,10,2,2,3,36, Sciences. ,1190,218,716628,69eb8f1f108d9b87368ef89d,69eb8f1f108d9b87368ef89d,intermediate,2,69eb8f1f108d9b87368ef89d,69eb8f1f108d9b87368ef89d,spotlight_PROLIFIC,,42,brazil,Portuguese,"portuguese, english, spanish ",spanish,Portuguese:50|English:40|spanish:10,100,Portuguese:40|English:50|spanish:10,100,Portuguese:75|English:20|spanish:5,100,17,4,Bachelor's,10,10,10,6,7,9,4,20,7,17,Duolingo,150,,,,,22,25,C1,intermediate|advanced,intermediate|advanced,cambridge_22_25_intermediate_advanced,4,20,random,,201.26666259765625,1165.2166748046875,225.26666259765625,1246.5500183105469,3,11,,,,,,,,,,,,2026-08-09T15:58:12.658Z,C99S394L,2026-08-09,2026-08-09,12:58:12,2026-08-09 12:58:12,,,,,,,,69eb8f1f108d9b87368ef89d,69eb8f1f108d9b87368ef89d,,,,
9234,raw_position_sample,2,2,int,10,2,2,3,36, Sciences. ,1195,218,716678,69eb8f1f108d9b87368ef89d,69eb8f1f108d9b87368ef89d,intermediate,2,69eb8f1f108d9b87368ef89d,69eb8f1f108d9b87368ef89d,spotlight_PROLIFIC,,42,brazil,Portuguese,"portuguese, english, spanish ",spanish,Portuguese:50|English:40|spanish:10,100,Portuguese:40|English:50|spanish:10,100,Portuguese:75|English:20|spanish:5,100,17,4,Bachelor's,10,10,10,6,7,9,4,20,7,17,Duolingo,150,,,,,22,25,C1,intermediate|advanced,intermediate|advanced,cambridge_22_25_intermediate_advanced,4,20,random,,201.26666259765625,1165.2166748046875,225.26666259765625,1246.5500183105469,3,11,,,,,,,,,,,,2026-08-09T15:58:12.658Z,C99S394L,2026-08-09,2026-08-09,12:58:12,2026-08-09 12:58:12,,,,,,,,69eb8f1f108d9b87368ef89d,69eb8f1f108d9b87368ef89d,,,,
9285,raw_position_sample,2,2,int,10,2,2,3,36, Sciences. ,1206,218,716728,69eb8f1f108d9b87368ef89d,69eb8f1f108d9b87368ef89d,intermediate,2,69eb8f1f108d9b87368ef89d,69eb8f1f108d9b87368ef89d,spotlight_PROLIFIC,,42,brazil,Portuguese,"portuguese, english, spanish ",spanish,Portuguese:50|English:40|spanish:10,100,Portuguese:40|English:50|spanish:10,100,Portuguese:75|English:20|spanish:5,100,17,4,Bachelor's,10,10,10,6,7,9,4,20,7,17,Duolingo,150,,,,,22,25,C1,intermediate|advanced,intermediate|advanced,cambridge_22_25_intermediate_advanced,4,20,random,,201.26666259765625,1165.2166748046875,225.26666259765625,1246.5500183105469,3,11,,,,,,,,,,,,2026-08-09T15:58:12.658Z,C99S394L,2026-08-09,2026-08-09,12:58:12,2026-08-09 12:58:12,,,,,,,,69eb8f1f108d9b87368ef89d,69eb8f1f108d9b87368ef89d,,,,
9335,raw_position_sample,2,2,int,10,2,2,3,36, Sciences. ,1217,218,716778,69eb8f1f108d9b87368ef89d,69eb8f1f108d9b87368ef89d,intermediate,2,69eb8f1f108d9b87368ef89d,69eb8f1f108d9b87368ef89d,spotlight_PROLIFIC,,42,brazil,Portuguese,"portuguese, english, spanish ",spanish,Portuguese:50|English:40|spanish:10,100,Portuguese:40|English:50|spanish:10,100,Portuguese:75|English:20|spanish:5,100,17,4,Bachelor's,10,10,10,6,7,9,4,20,7,17,Duolingo,150,,,,,22,25,C1,intermediate|advanced,intermediate|advanced,cambridge_22_25_intermediate_advanced,4,20,random,,201.26666259765625,1165.2166748046875,225.26666259765625,1246.5500183105469,3,11,,,,,,,,,,,,2026-08-09T15:58:12.658Z,C99S394L,2026-08-09,2026-08-09,12:58:12,2026-08-09 12:58:12,,,,,,,,69eb8f1f108d9b87368ef89d,69eb8f1f108d9b87368ef89d,,,,
9385,raw_position_sample,2,2,int,10,2,2,3,36, Sciences. ,1223,218,716829,69eb8f1f108d9b87368ef89d,69eb8f1f108d9b87368ef89d,intermediate,2,69eb8f1f108d9b87368ef89d,69eb8f1f108d9b87368ef89d,spotlight_PROLIFIC,,42,brazil,Portuguese,"portuguese, english, spanish ",spanish,Portuguese:50|English:40|spanish:10,100,Portuguese:40|English:50|spanish:10,100,Portuguese:75|English:20|spanish:5,100,17,4,Bachelor's,10,10,10,6,7,9,4,20,7,17,Duolingo,150,,,,,22,25,C1,intermediate|advanced,intermediate|advanced,cambridge_22_25_intermediate_advanced,4,20,random,,201.26666259765625,1165.2166748046875,225.26666259765625,1246.5500183105469,3,11,,,,,,,,,,,,2026-08-09T15:58:12.658Z,C99S394L,2026-08-09,2026-08-09,12:58:12,2026-08-09 12:58:12,,,,,,,,69eb8f1f108d9b87368ef89d,69eb8f1f108d9b87368ef89d,,,,
9436,raw_position_sample,2,2,int,10,2,2,3,36, Sciences. ,1227,218,716879,69eb8f1f108d9b87368ef89d,69eb8f1f108d9b87368ef89d,intermediate,2,69eb8f1f108d9b87368ef89d,69eb8f1f108d9b87368ef89d,spotlight_PROLIFIC,,42,brazil,Portuguese,"portuguese, english, spanish ",spanish,Portuguese:50|English:40|spanish:10,100,Portuguese:40|English:50|spanish:10,100,Portuguese:75|English:20|spanish:5,100,17,4,Bachelor's,10,10,10,6,7,9,4,20,7,17,Duolingo,150,,,,,22,25,C1,intermediate|advanced,intermediate|advanced,cambridge_22_25_intermediate_advanced,4,20,random,,201.26666259765625,1165.2166748046875,225.26666259765625,1246.5500183105469,3,11,,,,,,,,,,,,2026-08-09T15:58:12.658Z,C99S394L,2026-08-09,2026-08-09,12:58:12,2026-08-09 12:58:12,,,,,,,,69eb8f1f108d9b87368ef89d,69eb8f1f108d9b87368ef89d,,,,
9486,raw_position_sample,2,2,int,10,2,2,3,36, Sciences. ,1227,218,716930,69eb8f1f108d9b87368ef89d,69eb8f1f108d9b87368ef89d,intermediate,2,69eb8f1f108d9b87368ef89d,69eb8f1f108d9b87368ef89d,spotlight_PROLIFIC,,42,brazil,Portuguese,"portuguese, english, spanish ",spanish,Portuguese:50|English:40|spanish:10,100,Portuguese:40|English:50|spanish:10,100,Portuguese:75|English:20|spanish:5,100,17,4,Bachelor's,10,10,10,6,7,9,4,20,7,17,Duolingo,150,,,,,22,25,C1,intermediate|advanced,intermediate|advanced,cambridge_22_25_intermediate_advanced,4,20,random,,201.26666259765625,1165.2166748046875,225.26666259765625,1246.5500183105469,3,11,,,,,,,,,,,,2026-08-09T15:58:12.658Z,C99S394L,2026-08-09,2026-08-09,12:58:12,2026-08-09 12:58:12,,,,,,,,69eb8f1f108d9b87368ef89d,69eb8f1f108d9b87368ef89d,,,,
9536,raw_position_sample,2,2,int,10,2,2,3,36, Sciences. ,1228,218,716980,69eb8f1f108d9b87368ef89d,69eb8f1f108d9b87368ef89d,intermediate,2,69eb8f1f108d9b87368ef89d,69eb8f1f108d9b87368ef89d,spotlight_PROLIFIC,,42,brazil,Portuguese,"portuguese, english, spanish ",spanish,Portuguese:50|English:40|spanish:10,100,Portuguese:40|English:50|spanish:10,100,Portuguese:75|English:20|spanish:5,100,17,4,Bachelor's,10,10,10,6,7,9,4,20,7,17,Duolingo,150,,,,,22,25,C1,intermediate|advanced,intermediate|advanced,cambridge_22_25_intermediate_advanced,4,20,random,,201.26666259765625,1165.2166748046875,225.26666259765625,1246.5500183105469,3,11,,,,,,,,,,,,2026-08-09T15:58:12.658Z,C99S394L,2026-08-09,2026-08-09,12:58:12,2026-08-09 12:58:12,,,,,,,,69eb8f1f108d9b87368ef89d,69eb8f1f108d9b87368ef89d,,,,
9586,raw_position_sample,2,2,int,10,2,2,3,36, Sciences. ,1212,217,717030,69eb8f1f108d9b87368ef89d,69eb8f1f108d9b87368ef89d,intermediate,2,69eb8f1f108d9b87368ef89d,69eb8f1f108d9b87368ef89d,spotlight_PROLIFIC,,42,brazil,Portuguese,"portuguese, english, spanish ",spanish,Portuguese:50|English:40|spanish:10,100,Portuguese:40|English:50|spanish:10,100,Portuguese:75|English:20|spanish:5,100,17,4,Bachelor's,10,10,10,6,7,9,4,20,7,17,Duolingo,150,,,,,22,25,C1,intermediate|advanced,intermediate|advanced,cambridge_22_25_intermediate_advanced,4,20,random,,201.26666259765625,1165.2166748046875,225.26666259765625,1246.5500183105469,3,11,,,,,,,,,,,,2026-08-09T15:58:12.658Z,C99S394L,2026-08-09,2026-08-09,12:58:12,2026-08-09 12:58:12,,,,,,,,69eb8f1f108d9b87368ef89d,69eb8f1f108d9b87368ef89d,,,,
9633,hover_association,2,2,int,10,2,2,3,36, Sciences. ,1167,220,,69eb8f1f108d9b87368ef89d,69eb8f1f108d9b87368ef89d,intermediate,2,69eb8f1f108d9b87368ef89d,69eb8f1f108d9b87368ef89d,spotlight_PROLIFIC,,42,brazil,Portuguese,"portuguese, english, spanish ",spanish,Portuguese:50|English:40|spanish:10,100,Portuguese:40|English:50|spanish:10,100,Portuguese:75|English:20|spanish:5,100,17,4,Bachelor's,10,10,10,6,7,9,4,20,7,17,Duolingo,150,,,,,22,25,C1,intermediate|advanced,intermediate|advanced,cambridge_22_25_intermediate_advanced,4,20,random,,193.26666259765625,1165.2166442871094,233.26666259765625,1246.550033569336,3,11,hover,567,567,0.02192648958353853,0.5933334350585937,98,,,,,,2026-08-09T15:58:12.658Z,C99S394L,2026-08-09,2026-08-09,12:58:12,2026-08-09 12:58:12,,,,,,,,69eb8f1f108d9b87368ef89d,69eb8f1f108d9b87368ef89d,,,,
9636,raw_position_sample,2,2,int,10,2,2,3,34, Academy ,1131,217,717080,69eb8f1f108d9b87368ef89d,69eb8f1f108d9b87368ef89d,intermediate,2,69eb8f1f108d9b87368ef89d,69eb8f1f108d9b87368ef89d,spotlight_PROLIFIC,,42,brazil,Portuguese,"portuguese, english, spanish ",spanish,Portuguese:50|English:40|spanish:10,100,Portuguese:40|English:50|spanish:10,100,Portuguese:75|English:20|spanish:5,100,17,4,Bachelor's,10,10,10,6,7,9,4,20,7,17,Duolingo,150,,,,,22,25,C1,intermediate|advanced,intermediate|advanced,cambridge_22_25_intermediate_advanced,4,20,random,,201.26666259765625,1061.300048828125,225.26666259765625,1143.4500427246094,3,9,,,,,,,,,,,,2026-08-09T15:58:12.658Z,C99S394L,2026-08-09,2026-08-09,12:58:12,2026-08-09 12:58:12,,,,,,,,69eb8f1f108d9b87368ef89d,69eb8f1f108d9b87368ef89d,,,,
9686,raw_position_sample,2,2,int,10,2,2,3,34, Academy ,1105,219,717130,69eb8f1f108d9b87368ef89d,69eb8f1f108d9b87368ef89d,intermediate,2,69eb8f1f108d9b87368ef89d,69eb8f1f108d9b87368ef89d,spotlight_PROLIFIC,,42,brazil,Portuguese,"portuguese, english, spanish ",spanish,Portuguese:50|English:40|spanish:10,100,Portuguese:40|English:50|spanish:10,100,Portuguese:75|English:20|spanish:5,100,17,4,Bachelor's,10,10,10,6,7,9,4,20,7,17,Duolingo,150,,,,,22,25,C1,intermediate|advanced,intermediate|advanced,cambridge_22_25_intermediate_advanced,4,20,random,,201.26666259765625,1061.300048828125,225.26666259765625,1143.4500427246094,3,9,,,,,,,,,,,,2026-08-09T15:58:12.658Z,C99S394L,2026-08-09,2026-08-09,12:58:12,2026-08-09 12:58:12,,,,,,,,69eb8f1f108d9b87368ef89d,69eb8f1f108d9b87368ef89d,,,,
9733,hover_association,2,2,int,10,2,2,3,34, Academy ,1131,217,,69eb8f1f108d9b87368ef89d,69eb8f1f108d9b87368ef89d,intermediate,2,69eb8f1f108d9b87368ef89d,69eb8f1f108d9b87368ef89d,spotlight_PROLIFIC,,42,brazil,Portuguese,"portuguese, english, spanish ",spanish,Portuguese:50|English:40|spanish:10,100,Portuguese:40|English:50|spanish:10,100,Portuguese:75|English:20|spanish:5,100,17,4,Bachelor's,10,10,10,6,7,9,4,20,7,17,Duolingo,150,,,,,22,25,C1,intermediate|advanced,intermediate|advanced,cambridge_22_25_intermediate_advanced,4,20,random,,193.26666259765625,1061.300033569336,233.26666259765625,1143.4499969482422,3,9,hover,100,100,0.17894063278960134,0.6933334350585938,98,,,,,,2026-08-09T15:58:12.658Z,C99S394L,2026-08-09,2026-08-09,12:58:12,2026-08-09 12:58:12,,,,,,,,69eb8f1f108d9b87368ef89d,69eb8f1f108d9b87368ef89d,,,,
9737,raw_position_sample,2,2,int,10,2,2,3,33, Russian ,1050,222,717180,69eb8f1f108d9b87368ef89d,69eb8f1f108d9b87368ef89d,intermediate,2,69eb8f1f108d9b87368ef89d,69eb8f1f108d9b87368ef89d,spotlight_PROLIFIC,,42,brazil,Portuguese,"portuguese, english, spanish ",spanish,Portuguese:50|English:40|spanish:10,100,Portuguese:40|English:50|spanish:10,100,Portuguese:75|English:20|spanish:5,100,17,4,Bachelor's,10,10,10,6,7,9,4,20,7,17,Duolingo,150,,,,,22,25,C1,intermediate|advanced,intermediate|advanced,cambridge_22_25_intermediate_advanced,4,20,random,,201.26666259765625,991.2000122070312,225.26666259765625,1061.3000183105469,3,8,,,,,,,,,,,,2026-08-09T15:58:12.658Z,C99S394L,2026-08-09,2026-08-09,12:58:12,2026-08-09 12:58:12,,,,,,,,69eb8f1f108d9b87368ef89d,69eb8f1f108d9b87368ef89d,,,,
9783,hover_association,2,2,int,10,2,2,3,33, Russian ,1050,222,,69eb8f1f108d9b87368ef89d,69eb8f1f108d9b87368ef89d,intermediate,2,69eb8f1f108d9b87368ef89d,69eb8f1f108d9b87368ef89d,spotlight_PROLIFIC,,42,brazil,Portuguese,"portuguese, english, spanish ",spanish,Portuguese:50|English:40|spanish:10,100,Portuguese:40|English:50|spanish:10,100,Portuguese:75|English:20|spanish:5,100,17,4,Bachelor's,10,10,10,6,7,9,4,20,7,17,Duolingo,150,,,,,22,25,C1,intermediate|advanced,intermediate|advanced,cambridge_22_25_intermediate_advanced,4,20,random,,193.26666259765625,991.2000045776367,233.26666259765625,1061.300033569336,3,8,hover,49,49,0.05420818617369262,0.7683334350585938,98,,,,,,2026-08-09T15:58:12.658Z,C99S394L,2026-08-09,2026-08-09,12:58:12,2026-08-09 12:58:12,,,,,,,,69eb8f1f108d9b87368ef89d,69eb8f1f108d9b87368ef89d,,,,
9786,raw_position_sample,2,2,int,10,2,2,3,32, the ,979,224,717230,69eb8f1f108d9b87368ef89d,69eb8f1f108d9b87368ef89d,intermediate,2,69eb8f1f108d9b87368ef89d,69eb8f1f108d9b87368ef89d,spotlight_PROLIFIC,,42,brazil,Portuguese,"portuguese, english, spanish ",spanish,Portuguese:50|English:40|spanish:10,100,Portuguese:40|English:50|spanish:10,100,Portuguese:75|English:20|spanish:5,100,17,4,Bachelor's,10,10,10,6,7,9,4,20,7,17,Duolingo,150,,,,,22,25,C1,intermediate|advanced,intermediate|advanced,cambridge_22_25_intermediate_advanced,4,20,random,,201.26666259765625,958.75,225.26666259765625,991.1999969482422,3,7,,,,,,,,,,,,2026-08-09T15:58:12.658Z,C99S394L,2026-08-09,2026-08-09,12:58:12,2026-08-09 12:58:12,,,,,,,,69eb8f1f108d9b87368ef89d,69eb8f1f108d9b87368ef89d,,,,
9816,hover_association,2,2,int,10,2,2,3,32, the ,979,224,,69eb8f1f108d9b87368ef89d,69eb8f1f108d9b87368ef89d,intermediate,2,69eb8f1f108d9b87368ef89d,69eb8f1f108d9b87368ef89d,spotlight_PROLIFIC,,42,brazil,Portuguese,"portuguese, english, spanish ",spanish,Portuguese:50|English:40|spanish:10,100,Portuguese:40|English:50|spanish:10,100,Portuguese:75|English:20|spanish:5,100,17,4,Bachelor's,10,10,10,6,7,9,4,20,7,17,Duolingo,150,,,,,22,25,C1,intermediate|advanced,intermediate|advanced,cambridge_22_25_intermediate_advanced,4,20,random,,193.26666259765625,958.7499923706055,233.26666259765625,991.2000045776367,3,7,hover,34,34,0.16178753942831992,0.7683334350585938,98,,,,,,2026-08-09T15:58:12.658Z,C99S394L,2026-08-09,2026-08-09,12:58:12,2026-08-09 12:58:12,,,,,,,,69eb8f1f108d9b87368ef89d,69eb8f1f108d9b87368ef89d,,,,
9833,hover_association,2,2,int,10,2,2,3,31, from ,945,224,,69eb8f1f108d9b87368ef89d,69eb8f1f108d9b87368ef89d,intermediate,2,69eb8f1f108d9b87368ef89d,69eb8f1f108d9b87368ef89d,spotlight_PROLIFIC,,42,brazil,Portuguese,"portuguese, english, spanish ",spanish,Portuguese:50|English:40|spanish:10,100,Portuguese:40|English:50|spanish:10,100,Portuguese:75|English:20|spanish:5,100,17,4,Bachelor's,10,10,10,6,7,9,4,20,7,17,Duolingo,150,,,,,22,25,C1,intermediate|advanced,intermediate|advanced,cambridge_22_25_intermediate_advanced,4,20,random,,193.26666259765625,913.0833282470703,233.26666259765625,958.7499923706055,3,6,hover,17,17,0.6989052597884162,0.7683334350585938,98,,,,,,2026-08-09T15:58:12.658Z,C99S394L,2026-08-09,2026-08-09,12:58:12,2026-08-09 12:58:12,,,,,,,,69eb8f1f108d9b87368ef89d,69eb8f1f108d9b87368ef89d,,,,
9837,raw_position_sample,2,2,int,10,2,2,3,30, statement ,913,226,717281,69eb8f1f108d9b87368ef89d,69eb8f1f108d9b87368ef89d,intermediate,2,69eb8f1f108d9b87368ef89d,69eb8f1f108d9b87368ef89d,spotlight_PROLIFIC,,42,brazil,Portuguese,"portuguese, english, spanish ",spanish,Portuguese:50|English:40|spanish:10,100,Portuguese:40|English:50|spanish:10,100,Portuguese:75|English:20|spanish:5,100,17,4,Bachelor's,10,10,10,6,7,9,4,20,7,17,Duolingo,150,,,,,22,25,C1,intermediate|advanced,intermediate|advanced,cambridge_22_25_intermediate_advanced,4,20,random,,201.26666259765625,821.933349609375,225.26666259765625,913.0833435058594,3,5,,,,,,,,,,,,2026-08-09T15:58:12.658Z,C99S394L,2026-08-09,2026-08-09,12:58:12,2026-08-09 12:58:12,,,,,,,,69eb8f1f108d9b87368ef89d,69eb8f1f108d9b87368ef89d,,,,
9887,raw_position_sample,2,2,int,10,2,2,3,30, statement ,840,226,717330,69eb8f1f108d9b87368ef89d,69eb8f1f108d9b87368ef89d,intermediate,2,69eb8f1f108d9b87368ef89d,69eb8f1f108d9b87368ef89d,spotlight_PROLIFIC,,42,brazil,Portuguese,"portuguese, english, spanish ",spanish,Portuguese:50|English:40|spanish:10,100,Portuguese:40|English:50|spanish:10,100,Portuguese:75|English:20|spanish:5,100,17,4,Bachelor's,10,10,10,6,7,9,4,20,7,17,Duolingo,150,,,,,22,25,C1,intermediate|advanced,intermediate|advanced,cambridge_22_25_intermediate_advanced,4,20,random,,201.26666259765625,821.933349609375,225.26666259765625,913.0833435058594,3,5,,,,,,,,,,,,2026-08-09T15:58:12.658Z,C99S394L,2026-08-09,2026-08-09,12:58:12,2026-08-09 12:58:12,,,,,,,,69eb8f1f108d9b87368ef89d,69eb8f1f108d9b87368ef89d,,,,
9899,hover_association,2,2,int,10,2,2,3,30, statement ,913,226,,69eb8f1f108d9b87368ef89d,69eb8f1f108d9b87368ef89d,intermediate,2,69eb8f1f108d9b87368ef89d,69eb8f1f108d9b87368ef89d,spotlight_PROLIFIC,,42,brazil,Portuguese,"portuguese, english, spanish ",spanish,Portuguese:50|English:40|spanish:10,100,Portuguese:40|English:50|spanish:10,100,Portuguese:75|English:20|spanish:5,100,17,4,Bachelor's,10,10,10,6,7,9,4,20,7,17,Duolingo,150,,,,,22,25,C1,intermediate|advanced,intermediate|advanced,cambridge_22_25_intermediate_advanced,4,20,random,,193.26666259765625,821.9333572387695,233.26666259765625,913.0833282470703,3,5,hover,66,66,0.19820788269461093,0.8183334350585938,98,,,,,,2026-08-09T15:58:12.658Z,C99S394L,2026-08-09,2026-08-09,12:58:12,2026-08-09 12:58:12,,,,,,,,69eb8f1f108d9b87368ef89d,69eb8f1f108d9b87368ef89d,,,,
9915,hover_association,2,2,int,10,2,2,3,29, a ,819,227,,69eb8f1f108d9b87368ef89d,69eb8f1f108d9b87368ef89d,intermediate,2,69eb8f1f108d9b87368ef89d,69eb8f1f108d9b87368ef89d,spotlight_PROLIFIC,,42,brazil,Portuguese,"portuguese, english, spanish ",spanish,Portuguese:50|English:40|spanish:10,100,Portuguese:40|English:50|spanish:10,100,Portuguese:75|English:20|spanish:5,100,17,4,Bachelor's,10,10,10,6,7,9,4,20,7,17,Duolingo,150,,,,,22,25,C1,intermediate|advanced,intermediate|advanced,cambridge_22_25_intermediate_advanced,4,20,random,,193.26666259765625,807.1500015258789,233.26666259765625,821.9333572387695,3,4,hover,17,17,0.8015770373291001,0.8433334350585937,98,,,,,,2026-08-09T15:58:12.658Z,C99S394L,2026-08-09,2026-08-09,12:58:12,2026-08-09 12:58:12,,,,,,,,69eb8f1f108d9b87368ef89d,69eb8f1f108d9b87368ef89d,,,,
9938,raw_position_sample,2,2,int,10,2,2,3,28, to ,794,230,717380,69eb8f1f108d9b87368ef89d,69eb8f1f108d9b87368ef89d,intermediate,2,69eb8f1f108d9b87368ef89d,69eb8f1f108d9b87368ef89d,spotlight_PROLIFIC,,42,brazil,Portuguese,"portuguese, english, spanish ",spanish,Portuguese:50|English:40|spanish:10,100,Portuguese:40|English:50|spanish:10,100,Portuguese:75|English:20|spanish:5,100,17,4,Bachelor's,10,10,10,6,7,9,4,20,7,17,Duolingo,150,,,,,22,25,C1,intermediate|advanced,intermediate|advanced,cambridge_22_25_intermediate_advanced,4,20,random,,201.26666259765625,785.0833129882812,225.26666259765625,807.1499786376953,3,3,,,,,,,,,,,,2026-08-09T15:58:12.658Z,C99S394L,2026-08-09,2026-08-09,12:58:12,2026-08-09 12:58:12,,,,,,,,69eb8f1f108d9b87368ef89d,69eb8f1f108d9b87368ef89d,,,,
9949,hover_association,2,2,int,10,2,2,3,28, to ,805,228,,69eb8f1f108d9b87368ef89d,69eb8f1f108d9b87368ef89d,intermediate,2,69eb8f1f108d9b87368ef89d,69eb8f1f108d9b87368ef89d,spotlight_PROLIFIC,,42,brazil,Portuguese,"portuguese, english, spanish ",spanish,Portuguese:50|English:40|spanish:10,100,Portuguese:40|English:50|spanish:10,100,Portuguese:75|English:20|spanish:5,100,17,4,Bachelor's,10,10,10,6,7,9,4,20,7,17,Duolingo,150,,,,,22,25,C1,intermediate|advanced,intermediate|advanced,cambridge_22_25_intermediate_advanced,4,20,random,,193.26666259765625,785.0833282470703,233.26666259765625,807.1500015258789,3,3,hover,33,33,0.40407865926454273,0.9183334350585938,98,,,,,,2026-08-09T15:58:12.658Z,C99S394L,2026-08-09,2026-08-09,12:58:12,2026-08-09 12:58:12,,,,,,,,69eb8f1f108d9b87368ef89d,69eb8f1f108d9b87368ef89d,,,,
9966,hover_association,2,2,int,10,2,2,3,27, according ,783,233,,69eb8f1f108d9b87368ef89d,69eb8f1f108d9b87368ef89d,intermediate,2,69eb8f1f108d9b87368ef89d,69eb8f1f108d9b87368ef89d,spotlight_PROLIFIC,,42,brazil,Portuguese,"portuguese, english, spanish ",spanish,Portuguese:50|English:40|spanish:10,100,Portuguese:40|English:50|spanish:10,100,Portuguese:75|English:20|spanish:5,100,17,4,Bachelor's,10,10,10,6,7,9,4,20,7,17,Duolingo,150,,,,,22,25,C1,intermediate|advanced,intermediate|advanced,cambridge_22_25_intermediate_advanced,4,20,random,,193.26666259765625,697.1833572387695,233.26666259765625,785.0833282470703,3,2,hover,17,17,0.9762988744686437,0.9933334350585937,98,,,,,,2026-08-09T15:58:12.658Z,C99S394L,2026-08-09,2026-08-09,12:58:12,2026-08-09 12:58:12,,,,,,,,69eb8f1f108d9b87368ef89d,69eb8f1f108d9b87368ef89d,,,,
9987,raw_position_sample,2,2,int,10,2,2,3,40, panic ,752,235,717431,69eb8f1f108d9b87368ef89d,69eb8f1f108d9b87368ef89d,intermediate,2,69eb8f1f108d9b87368ef89d,69eb8f1f108d9b87368ef89d,spotlight_PROLIFIC,,42,brazil,Portuguese,"portuguese, english, spanish ",spanish,Portuguese:50|English:40|spanish:10,100,Portuguese:40|English:50|spanish:10,100,Portuguese:75|English:20|spanish:5,100,17,4,Bachelor's,10,10,10,6,7,9,4,20,7,17,Duolingo,150,,,,,22,25,C1,intermediate|advanced,intermediate|advanced,cambridge_22_25_intermediate_advanced,4,20,random,,241.26666259765625,741.13330078125,265.26666259765625,791.38330078125,4,3,,,,,,,,,,,,2026-08-09T15:58:12.658Z,C99S394L,2026-08-09,2026-08-09,12:58:12,2026-08-09 12:58:12,,,,,,,,69eb8f1f108d9b87368ef89d,69eb8f1f108d9b87368ef89d,,,,
10000,hover_association,2,2,int,10,2,2,3,40, panic ,767,234,,69eb8f1f108d9b87368ef89d,69eb8f1f108d9b87368ef89d,intermediate,2,69eb8f1f108d9b87368ef89d,69eb8f1f108d9b87368ef89d,spotlight_PROLIFIC,,42,brazil,Portuguese,"portuguese, english, spanish ",spanish,Portuguese:50|English:40|spanish:10,100,Portuguese:40|English:50|spanish:10,100,Portuguese:75|English:20|spanish:5,100,17,4,Bachelor's,10,10,10,6,7,9,4,20,7,17,Duolingo,150,,,,,22,25,C1,intermediate|advanced,intermediate|advanced,cambridge_22_25_intermediate_advanced,4,20,random,,233.26666259765625,741.1333160400391,273.26666259765625,791.38330078125,4,3,hover,33,33,0.21625248278033743,0.04333343505859375,98,,,,,,2026-08-09T15:58:12.658Z,C99S394L,2026-08-09,2026-08-09,12:58:12,2026-08-09 12:58:12,,,,,,,,69eb8f1f108d9b87368ef89d,69eb8f1f108d9b87368ef89d,,,,
10037,raw_position_sample,2,2,int,10,2,2,3,39, caused ,700,240,717481,69eb8f1f108d9b87368ef89d,69eb8f1f108d9b87368ef89d,intermediate,2,69eb8f1f108d9b87368ef89d,69eb8f1f108d9b87368ef89d,spotlight_PROLIFIC,,42,brazil,Portuguese,"portuguese, english, spanish ",spanish,Portuguese:50|English:40|spanish:10,100,Portuguese:40|English:50|spanish:10,100,Portuguese:75|English:20|spanish:5,100,17,4,Bachelor's,10,10,10,6,7,9,4,20,7,17,Duolingo,150,,,,,22,25,C1,intermediate|advanced,intermediate|advanced,cambridge_22_25_intermediate_advanced,4,20,random,,241.26666259765625,676.7666625976562,265.26666259765625,741.1333312988281,4,2,,,,,,,,,,,,2026-08-09T15:58:12.658Z,C99S394L,2026-08-09,2026-08-09,12:58:12,2026-08-09 12:58:12,,,,,,,,69eb8f1f108d9b87368ef89d,69eb8f1f108d9b87368ef89d,,,,
10089,raw_position_sample,2,2,int,10,2,2,3,39, caused ,689,241,717531,69eb8f1f108d9b87368ef89d,69eb8f1f108d9b87368ef89d,intermediate,2,69eb8f1f108d9b87368ef89d,69eb8f1f108d9b87368ef89d,spotlight_PROLIFIC,,42,brazil,Portuguese,"portuguese, english, spanish ",spanish,Portuguese:50|English:40|spanish:10,100,Portuguese:40|English:50|spanish:10,100,Portuguese:75|English:20|spanish:5,100,17,4,Bachelor's,10,10,10,6,7,9,4,20,7,17,Duolingo,150,,,,,22,25,C1,intermediate|advanced,intermediate|advanced,cambridge_22_25_intermediate_advanced,4,20,random,,241.26666259765625,676.7666625976562,265.26666259765625,741.1333312988281,4,2,,,,,,,,,,,,2026-08-09T15:58:12.658Z,C99S394L,2026-08-09,2026-08-09,12:58:12,2026-08-09 12:58:12,,,,,,,,69eb8f1f108d9b87368ef89d,69eb8f1f108d9b87368ef89d,,,,
10138,raw_position_sample,2,2,int,10,2,2,3,39, caused ,679,243,717581,69eb8f1f108d9b87368ef89d,69eb8f1f108d9b87368ef89d,intermediate,2,69eb8f1f108d9b87368ef89d,69eb8f1f108d9b87368ef89d,spotlight_PROLIFIC,,42,brazil,Portuguese,"portuguese, english, spanish ",spanish,Portuguese:50|English:40|spanish:10,100,Portuguese:40|English:50|spanish:10,100,Portuguese:75|English:20|spanish:5,100,17,4,Bachelor's,10,10,10,6,7,9,4,20,7,17,Duolingo,150,,,,,22,25,C1,intermediate|advanced,intermediate|advanced,cambridge_22_25_intermediate_advanced,4,20,random,,241.26666259765625,676.7666625976562,265.26666259765625,741.1333312988281,4,2,,,,,,,,,,,,2026-08-09T15:58:12.658Z,C99S394L,2026-08-09,2026-08-09,12:58:12,2026-08-09 12:58:12,,,,,,,,69eb8f1f108d9b87368ef89d,69eb8f1f108d9b87368ef89d,,,,
10166,hover_association,2,2,int,10,2,2,3,39, caused ,735,237,,69eb8f1f108d9b87368ef89d,69eb8f1f108d9b87368ef89d,intermediate,2,69eb8f1f108d9b87368ef89d,69eb8f1f108d9b87368ef89d,spotlight_PROLIFIC,,42,brazil,Portuguese,"portuguese, english, spanish ",spanish,Portuguese:50|English:40|spanish:10,100,Portuguese:40|English:50|spanish:10,100,Portuguese:75|English:20|spanish:5,100,17,4,Bachelor's,10,10,10,6,7,9,4,20,7,17,Duolingo,150,,,,,22,25,C1,intermediate|advanced,intermediate|advanced,cambridge_22_25_intermediate_advanced,4,20,random,,233.26666259765625,676.7666778564453,273.26666259765625,741.1333160400391,4,2,hover,167,167,0.003624892493051756,0.24333343505859376,98,,,,,,2026-08-09T15:58:12.658Z,C99S394L,2026-08-09,2026-08-09,12:58:12,2026-08-09 12:58:12,,,,,,,,69eb8f1f108d9b87368ef89d,69eb8f1f108d9b87368ef89d,,,,
10194,raw_position_sample,2,2,int,10,2,2,3,38, event ,669,246,717637,69eb8f1f108d9b87368ef89d,69eb8f1f108d9b87368ef89d,intermediate,2,69eb8f1f108d9b87368ef89d,69eb8f1f108d9b87368ef89d,spotlight_PROLIFIC,,42,brazil,Portuguese,"portuguese, english, spanish ",spanish,Portuguese:50|English:40|spanish:10,100,Portuguese:40|English:50|spanish:10,100,Portuguese:75|English:20|spanish:5,100,17,4,Bachelor's,10,10,10,6,7,9,4,20,7,17,Duolingo,150,,,,,22,25,C1,intermediate|advanced,intermediate|advanced,cambridge_22_25_intermediate_advanced,4,20,random,,241.26666259765625,625.36669921875,265.26666259765625,676.7666931152344,4,1,,,,,,,,,,,,2026-08-09T15:58:12.658Z,C99S394L,2026-08-09,2026-08-09,12:58:12,2026-08-09 12:58:12,,,,,,,,69eb8f1f108d9b87368ef89d,69eb8f1f108d9b87368ef89d,,,,
10244,raw_position_sample,2,2,int,10,2,2,3,38, event ,649,251,717688,69eb8f1f108d9b87368ef89d,69eb8f1f108d9b87368ef89d,intermediate,2,69eb8f1f108d9b87368ef89d,69eb8f1f108d9b87368ef89d,spotlight_PROLIFIC,,42,brazil,Portuguese,"portuguese, english, spanish ",spanish,Portuguese:50|English:40|spanish:10,100,Portuguese:40|English:50|spanish:10,100,Portuguese:75|English:20|spanish:5,100,17,4,Bachelor's,10,10,10,6,7,9,4,20,7,17,Duolingo,150,,,,,22,25,C1,intermediate|advanced,intermediate|advanced,cambridge_22_25_intermediate_advanced,4,20,random,,241.26666259765625,625.36669921875,265.26666259765625,676.7666931152344,4,1,,,,,,,,,,,,2026-08-09T15:58:12.658Z,C99S394L,2026-08-09,2026-08-09,12:58:12,2026-08-09 12:58:12,,,,,,,,69eb8f1f108d9b87368ef89d,69eb8f1f108d9b87368ef89d,,,,
10295,raw_position_sample,2,2,int,10,2,2,3,38, event ,636,255,717738,69eb8f1f108d9b87368ef89d,69eb8f1f108d9b87368ef89d,intermediate,2,69eb8f1f108d9b87368ef89d,69eb8f1f108d9b87368ef89d,spotlight_PROLIFIC,,42,brazil,Portuguese,"portuguese, english, spanish ",spanish,Portuguese:50|English:40|spanish:10,100,Portuguese:40|English:50|spanish:10,100,Portuguese:75|English:20|spanish:5,100,17,4,Bachelor's,10,10,10,6,7,9,4,20,7,17,Duolingo,150,,,,,22,25,C1,intermediate|advanced,intermediate|advanced,cambridge_22_25_intermediate_advanced,4,20,random,,241.26666259765625,625.36669921875,265.26666259765625,676.7666931152344,4,1,,,,,,,,,,,,2026-08-09T15:58:12.658Z,C99S394L,2026-08-09,2026-08-09,12:58:12,2026-08-09 12:58:12,,,,,,,,69eb8f1f108d9b87368ef89d,69eb8f1f108d9b87368ef89d,,,,
10345,raw_position_sample,2,2,int,10,2,2,3,38, event ,631,257,717788,69eb8f1f108d9b87368ef89d,69eb8f1f108d9b87368ef89d,intermediate,2,69eb8f1f108d9b87368ef89d,69eb8f1f108d9b87368ef89d,spotlight_PROLIFIC,,42,brazil,Portuguese,"portuguese, english, spanish ",spanish,Portuguese:50|English:40|spanish:10,100,Portuguese:40|English:50|spanish:10,100,Portuguese:75|English:20|spanish:5,100,17,4,Bachelor's,10,10,10,6,7,9,4,20,7,17,Duolingo,150,,,,,22,25,C1,intermediate|advanced,intermediate|advanced,cambridge_22_25_intermediate_advanced,4,20,random,,241.26666259765625,625.36669921875,265.26666259765625,676.7666931152344,4,1,,,,,,,,,,,,2026-08-09T15:58:12.658Z,C99S394L,2026-08-09,2026-08-09,12:58:12,2026-08-09 12:58:12,,,,,,,,69eb8f1f108d9b87368ef89d,69eb8f1f108d9b87368ef89d,,,,
10397,raw_position_sample,2,2,int,10,2,2,3,38, event ,631,257,717840,69eb8f1f108d9b87368ef89d,69eb8f1f108d9b87368ef89d,intermediate,2,69eb8f1f108d9b87368ef89d,69eb8f1f108d9b87368ef89d,spotlight_PROLIFIC,,42,brazil,Portuguese,"portuguese, english, spanish ",spanish,Portuguese:50|English:40|spanish:10,100,Portuguese:40|English:50|spanish:10,100,Portuguese:75|English:20|spanish:5,100,17,4,Bachelor's,10,10,10,6,7,9,4,20,7,17,Duolingo,150,,,,,22,25,C1,intermediate|advanced,intermediate|advanced,cambridge_22_25_intermediate_advanced,4,20,random,,241.26666259765625,625.36669921875,265.26666259765625,676.7666931152344,4,1,,,,,,,,,,,,2026-08-09T15:58:12.658Z,C99S394L,2026-08-09,2026-08-09,12:58:12,2026-08-09 12:58:12,,,,,,,,69eb8f1f108d9b87368ef89d,69eb8f1f108d9b87368ef89d,,,,
10447,raw_position_sample,2,2,int,10,2,2,3,38, event ,635,257,717891,69eb8f1f108d9b87368ef89d,69eb8f1f108d9b87368ef89d,intermediate,2,69eb8f1f108d9b87368ef89d,69eb8f1f108d9b87368ef89d,spotlight_PROLIFIC,,42,brazil,Portuguese,"portuguese, english, spanish ",spanish,Portuguese:50|English:40|spanish:10,100,Portuguese:40|English:50|spanish:10,100,Portuguese:75|English:20|spanish:5,100,17,4,Bachelor's,10,10,10,6,7,9,4,20,7,17,Duolingo,150,,,,,22,25,C1,intermediate|advanced,intermediate|advanced,cambridge_22_25_intermediate_advanced,4,20,random,,241.26666259765625,625.36669921875,265.26666259765625,676.7666931152344,4,1,,,,,,,,,,,,2026-08-09T15:58:12.658Z,C99S394L,2026-08-09,2026-08-09,12:58:12,2026-08-09 12:58:12,,,,,,,,69eb8f1f108d9b87368ef89d,69eb8f1f108d9b87368ef89d,,,,
10497,raw_position_sample,2,2,int,10,2,2,3,38, event ,651,260,717941,69eb8f1f108d9b87368ef89d,69eb8f1f108d9b87368ef89d,intermediate,2,69eb8f1f108d9b87368ef89d,69eb8f1f108d9b87368ef89d,spotlight_PROLIFIC,,42,brazil,Portuguese,"portuguese, english, spanish ",spanish,Portuguese:50|English:40|spanish:10,100,Portuguese:40|English:50|spanish:10,100,Portuguese:75|English:20|spanish:5,100,17,4,Bachelor's,10,10,10,6,7,9,4,20,7,17,Duolingo,150,,,,,22,25,C1,intermediate|advanced,intermediate|advanced,cambridge_22_25_intermediate_advanced,4,20,random,,241.26666259765625,625.36669921875,265.26666259765625,676.7666931152344,4,1,,,,,,,,,,,,2026-08-09T15:58:12.658Z,C99S394L,2026-08-09,2026-08-09,12:58:12,2026-08-09 12:58:12,,,,,,,,69eb8f1f108d9b87368ef89d,69eb8f1f108d9b87368ef89d,,,,
10532,hover_association,2,2,int,10,2,2,3,38, event ,673,245,,69eb8f1f108d9b87368ef89d,69eb8f1f108d9b87368ef89d,intermediate,2,69eb8f1f108d9b87368ef89d,69eb8f1f108d9b87368ef89d,spotlight_PROLIFIC,,42,brazil,Portuguese,"portuguese, english, spanish ",spanish,Portuguese:50|English:40|spanish:10,100,Portuguese:40|English:50|spanish:10,100,Portuguese:75|English:20|spanish:5,100,17,4,Bachelor's,10,10,10,6,7,9,4,20,7,17,Duolingo,150,,,,,22,25,C1,intermediate|advanced,intermediate|advanced,cambridge_22_25_intermediate_advanced,4,20,random,,233.26666259765625,621.7716995239258,273.26666259765625,676.7666778564453,4,1,hover,366,366,0.9133252162111192,0.6933334350585938,98,,,,,,2026-08-09T15:58:12.658Z,C99S394L,2026-08-09,2026-08-09,12:58:12,2026-08-09 12:58:12,,,,,,,,69eb8f1f108d9b87368ef89d,69eb8f1f108d9b87368ef89d,,,,
10548,raw_position_sample,2,2,int,10,2,2,3,39, caused ,682,263,717991,69eb8f1f108d9b87368ef89d,69eb8f1f108d9b87368ef89d,intermediate,2,69eb8f1f108d9b87368ef89d,69eb8f1f108d9b87368ef89d,spotlight_PROLIFIC,,42,brazil,Portuguese,"portuguese, english, spanish ",spanish,Portuguese:50|English:40|spanish:10,100,Portuguese:40|English:50|spanish:10,100,Portuguese:75|English:20|spanish:5,100,17,4,Bachelor's,10,10,10,6,7,9,4,20,7,17,Duolingo,150,,,,,22,25,C1,intermediate|advanced,intermediate|advanced,cambridge_22_25_intermediate_advanced,4,20,random,,241.26666259765625,676.7666625976562,265.26666259765625,741.1333312988281,4,2,,,,,,,,,,,,2026-08-09T15:58:12.658Z,C99S394L,2026-08-09,2026-08-09,12:58:12,2026-08-09 12:58:12,,,,,,,,69eb8f1f108d9b87368ef89d,69eb8f1f108d9b87368ef89d,,,,
10599,raw_position_sample,2,2,int,10,2,2,3,39, caused ,702,263,718041,69eb8f1f108d9b87368ef89d,69eb8f1f108d9b87368ef89d,intermediate,2,69eb8f1f108d9b87368ef89d,69eb8f1f108d9b87368ef89d,spotlight_PROLIFIC,,42,brazil,Portuguese,"portuguese, english, spanish ",spanish,Portuguese:50|English:40|spanish:10,100,Portuguese:40|English:50|spanish:10,100,Portuguese:75|English:20|spanish:5,100,17,4,Bachelor's,10,10,10,6,7,9,4,20,7,17,Duolingo,150,,,,,22,25,C1,intermediate|advanced,intermediate|advanced,cambridge_22_25_intermediate_advanced,4,20,random,,241.26666259765625,676.7666625976562,265.26666259765625,741.1333312988281,4,2,,,,,,,,,,,,2026-08-09T15:58:12.658Z,C99S394L,2026-08-09,2026-08-09,12:58:12,2026-08-09 12:58:12,,,,,,,,69eb8f1f108d9b87368ef89d,69eb8f1f108d9b87368ef89d,,,,
10649,raw_position_sample,2,2,int,10,2,2,3,39, caused ,727,263,718091,69eb8f1f108d9b87368ef89d,69eb8f1f108d9b87368ef89d,intermediate,2,69eb8f1f108d9b87368ef89d,69eb8f1f108d9b87368ef89d,spotlight_PROLIFIC,,42,brazil,Portuguese,"portuguese, english, spanish ",spanish,Portuguese:50|English:40|spanish:10,100,Portuguese:40|English:50|spanish:10,100,Portuguese:75|English:20|spanish:5,100,17,4,Bachelor's,10,10,10,6,7,9,4,20,7,17,Duolingo,150,,,,,22,25,C1,intermediate|advanced,intermediate|advanced,cambridge_22_25_intermediate_advanced,4,20,random,,241.26666259765625,676.7666625976562,265.26666259765625,741.1333312988281,4,2,,,,,,,,,,,,2026-08-09T15:58:12.658Z,C99S394L,2026-08-09,2026-08-09,12:58:12,2026-08-09 12:58:12,,,,,,,,69eb8f1f108d9b87368ef89d,69eb8f1f108d9b87368ef89d,,,,
10666,hover_association,2,2,int,10,2,2,3,39, caused ,682,263,,69eb8f1f108d9b87368ef89d,69eb8f1f108d9b87368ef89d,intermediate,2,69eb8f1f108d9b87368ef89d,69eb8f1f108d9b87368ef89d,spotlight_PROLIFIC,,42,brazil,Portuguese,"portuguese, english, spanish ",spanish,Portuguese:50|English:40|spanish:10,100,Portuguese:40|English:50|spanish:10,100,Portuguese:75|English:20|spanish:5,100,17,4,Bachelor's,10,10,10,6,7,9,4,20,7,17,Duolingo,150,,,,,22,25,C1,intermediate|advanced,intermediate|advanced,cambridge_22_25_intermediate_advanced,4,20,random,,233.26666259765625,676.7666778564453,273.26666259765625,741.1333160400391,4,2,hover,134,134,0.9668568050120284,0.7433334350585937,98,,,,,,2026-08-09T15:58:12.658Z,C99S394L,2026-08-09,2026-08-09,12:58:12,2026-08-09 12:58:12,,,,,,,,69eb8f1f108d9b87368ef89d,69eb8f1f108d9b87368ef89d,,,,
10699,raw_position_sample,2,2,int,10,2,2,3,40, panic ,766,263,718142,69eb8f1f108d9b87368ef89d,69eb8f1f108d9b87368ef89d,intermediate,2,69eb8f1f108d9b87368ef89d,69eb8f1f108d9b87368ef89d,spotlight_PROLIFIC,,42,brazil,Portuguese,"portuguese, english, spanish ",spanish,Portuguese:50|English:40|spanish:10,100,Portuguese:40|English:50|spanish:10,100,Portuguese:75|English:20|spanish:5,100,17,4,Bachelor's,10,10,10,6,7,9,4,20,7,17,Duolingo,150,,,,,22,25,C1,intermediate|advanced,intermediate|advanced,cambridge_22_25_intermediate_advanced,4,20,random,,241.26666259765625,741.13330078125,265.26666259765625,791.38330078125,4,3,,,,,,,,,,,,2026-08-09T15:58:12.658Z,C99S394L,2026-08-09,2026-08-09,12:58:12,2026-08-09 12:58:12,,,,,,,,69eb8f1f108d9b87368ef89d,69eb8f1f108d9b87368ef89d,,,,
10749,raw_position_sample,2,2,int,10,2,2,3,40, panic ,791,264,718192,69eb8f1f108d9b87368ef89d,69eb8f1f108d9b87368ef89d,intermediate,2,69eb8f1f108d9b87368ef89d,69eb8f1f108d9b87368ef89d,spotlight_PROLIFIC,,42,brazil,Portuguese,"portuguese, english, spanish ",spanish,Portuguese:50|English:40|spanish:10,100,Portuguese:40|English:50|spanish:10,100,Portuguese:75|English:20|spanish:5,100,17,4,Bachelor's,10,10,10,6,7,9,4,20,7,17,Duolingo,150,,,,,22,25,C1,intermediate|advanced,intermediate|advanced,cambridge_22_25_intermediate_advanced,4,20,random,,241.26666259765625,741.13330078125,265.26666259765625,791.38330078125,4,3,,,,,,,,,,,,2026-08-09T15:58:12.658Z,C99S394L,2026-08-09,2026-08-09,12:58:12,2026-08-09 12:58:12,,,,,,,,69eb8f1f108d9b87368ef89d,69eb8f1f108d9b87368ef89d,,,,
10750,hover_association,2,2,int,10,2,2,3,40, panic ,751,263,,69eb8f1f108d9b87368ef89d,69eb8f1f108d9b87368ef89d,intermediate,2,69eb8f1f108d9b87368ef89d,69eb8f1f108d9b87368ef89d,spotlight_PROLIFIC,,42,brazil,Portuguese,"portuguese, english, spanish ",spanish,Portuguese:50|English:40|spanish:10,100,Portuguese:40|English:50|spanish:10,100,Portuguese:75|English:20|spanish:5,100,17,4,Bachelor's,10,10,10,6,7,9,4,20,7,17,Duolingo,150,,,,,22,25,C1,intermediate|advanced,intermediate|advanced,cambridge_22_25_intermediate_advanced,4,20,random,,233.26666259765625,741.1333160400391,273.26666259765625,791.38330078125,4,3,hover,83,83,0.9923721214399565,0.7683334350585938,98,,,,,,2026-08-09T15:58:12.658Z,C99S394L,2026-08-09,2026-08-09,12:58:12,2026-08-09 12:58:12,,,,,,,,69eb8f1f108d9b87368ef89d,69eb8f1f108d9b87368ef89d,,,,
10800,raw_position_sample,2,2,int,10,2,2,3,41, in ,804,266,718244,69eb8f1f108d9b87368ef89d,69eb8f1f108d9b87368ef89d,intermediate,2,69eb8f1f108d9b87368ef89d,69eb8f1f108d9b87368ef89d,spotlight_PROLIFIC,,42,brazil,Portuguese,"portuguese, english, spanish ",spanish,Portuguese:50|English:40|spanish:10,100,Portuguese:40|English:50|spanish:10,100,Portuguese:75|English:20|spanish:5,100,17,4,Bachelor's,10,10,10,6,7,9,4,20,7,17,Duolingo,150,,,,,22,25,C1,intermediate|advanced,intermediate|advanced,cambridge_22_25_intermediate_advanced,4,20,random,,241.26666259765625,791.38330078125,265.26666259765625,811.8332977294922,4,4,,,,,,,,,,,,2026-08-09T15:58:12.658Z,C99S394L,2026-08-09,2026-08-09,12:58:12,2026-08-09 12:58:12,,,,,,,,69eb8f1f108d9b87368ef89d,69eb8f1f108d9b87368ef89d,,,,
10832,hover_association,2,2,int,10,2,2,3,41, in ,795,264,,69eb8f1f108d9b87368ef89d,69eb8f1f108d9b87368ef89d,intermediate,2,69eb8f1f108d9b87368ef89d,69eb8f1f108d9b87368ef89d,spotlight_PROLIFIC,,42,brazil,Portuguese,"portuguese, english, spanish ",spanish,Portuguese:50|English:40|spanish:10,100,Portuguese:40|English:50|spanish:10,100,Portuguese:75|English:20|spanish:5,100,17,4,Bachelor's,10,10,10,6,7,9,4,20,7,17,Duolingo,150,,,,,22,25,C1,intermediate|advanced,intermediate|advanced,cambridge_22_25_intermediate_advanced,4,20,random,,233.26666259765625,791.38330078125,273.26666259765625,811.8333053588867,4,4,hover,83,83,0.8125523471481927,0.8183334350585938,98,,,,,,2026-08-09T15:58:12.658Z,C99S394L,2026-08-09,2026-08-09,12:58:12,2026-08-09 12:58:12,,,,,,,,69eb8f1f108d9b87368ef89d,69eb8f1f108d9b87368ef89d,,,,
10850,raw_position_sample,2,2,int,10,2,2,3,42," Chelyabinsk, ",815,266,718293,69eb8f1f108d9b87368ef89d,69eb8f1f108d9b87368ef89d,intermediate,2,69eb8f1f108d9b87368ef89d,69eb8f1f108d9b87368ef89d,spotlight_PROLIFIC,,42,brazil,Portuguese,"portuguese, english, spanish ",spanish,Portuguese:50|English:40|spanish:10,100,Portuguese:40|English:50|spanish:10,100,Portuguese:75|English:20|spanish:5,100,17,4,Bachelor's,10,10,10,6,7,9,4,20,7,17,Duolingo,150,,,,,22,25,C1,intermediate|advanced,intermediate|advanced,cambridge_22_25_intermediate_advanced,4,20,random,,241.26666259765625,811.8333129882812,265.26666259765625,922.9833221435547,4,5,,,,,,,,,,,,2026-08-09T15:58:12.658Z,C99S394L,2026-08-09,2026-08-09,12:58:12,2026-08-09 12:58:12,,,,,,,,69eb8f1f108d9b87368ef89d,69eb8f1f108d9b87368ef89d,,,,
10901,raw_position_sample,2,2,int,10,2,2,3,42," Chelyabinsk, ",826,266,718344,69eb8f1f108d9b87368ef89d,69eb8f1f108d9b87368ef89d,intermediate,2,69eb8f1f108d9b87368ef89d,69eb8f1f108d9b87368ef89d,spotlight_PROLIFIC,,42,brazil,Portuguese,"portuguese, english, spanish ",spanish,Portuguese:50|English:40|spanish:10,100,Portuguese:40|English:50|spanish:10,100,Portuguese:75|English:20|spanish:5,100,17,4,Bachelor's,10,10,10,6,7,9,4,20,7,17,Duolingo,150,,,,,22,25,C1,intermediate|advanced,intermediate|advanced,cambridge_22_25_intermediate_advanced,4,20,random,,241.26666259765625,811.8333129882812,265.26666259765625,922.9833221435547,4,5,,,,,,,,,,,,2026-08-09T15:58:12.658Z,C99S394L,2026-08-09,2026-08-09,12:58:12,2026-08-09 12:58:12,,,,,,,,69eb8f1f108d9b87368ef89d,69eb8f1f108d9b87368ef89d,,,,
10951,raw_position_sample,2,2,int,10,2,2,3,42," Chelyabinsk, ",851,266,718394,69eb8f1f108d9b87368ef89d,69eb8f1f108d9b87368ef89d,intermediate,2,69eb8f1f108d9b87368ef89d,69eb8f1f108d9b87368ef89d,spotlight_PROLIFIC,,42,brazil,Portuguese,"portuguese, english, spanish ",spanish,Portuguese:50|English:40|spanish:10,100,Portuguese:40|English:50|spanish:10,100,Portuguese:75|English:20|spanish:5,100,17,4,Bachelor's,10,10,10,6,7,9,4,20,7,17,Duolingo,150,,,,,22,25,C1,intermediate|advanced,intermediate|advanced,cambridge_22_25_intermediate_advanced,4,20,random,,241.26666259765625,811.8333129882812,265.26666259765625,922.9833221435547,4,5,,,,,,,,,,,,2026-08-09T15:58:12.658Z,C99S394L,2026-08-09,2026-08-09,12:58:12,2026-08-09 12:58:12,,,,,,,,69eb8f1f108d9b87368ef89d,69eb8f1f108d9b87368ef89d,,,,
11000,raw_position_sample,2,2,int,10,2,2,3,42," Chelyabinsk, ",869,266,718444,69eb8f1f108d9b87368ef89d,69eb8f1f108d9b87368ef89d,intermediate,2,69eb8f1f108d9b87368ef89d,69eb8f1f108d9b87368ef89d,spotlight_PROLIFIC,,42,brazil,Portuguese,"portuguese, english, spanish ",spanish,Portuguese:50|English:40|spanish:10,100,Portuguese:40|English:50|spanish:10,100,Portuguese:75|English:20|spanish:5,100,17,4,Bachelor's,10,10,10,6,7,9,4,20,7,17,Duolingo,150,,,,,22,25,C1,intermediate|advanced,intermediate|advanced,cambridge_22_25_intermediate_advanced,4,20,random,,241.26666259765625,811.8333129882812,265.26666259765625,922.9833221435547,4,5,,,,,,,,,,,,2026-08-09T15:58:12.658Z,C99S394L,2026-08-09,2026-08-09,12:58:12,2026-08-09 12:58:12,,,,,,,,69eb8f1f108d9b87368ef89d,69eb8f1f108d9b87368ef89d,,,,
11051,raw_position_sample,2,2,int,10,2,2,3,42," Chelyabinsk, ",879,266,718494,69eb8f1f108d9b87368ef89d,69eb8f1f108d9b87368ef89d,intermediate,2,69eb8f1f108d9b87368ef89d,69eb8f1f108d9b87368ef89d,spotlight_PROLIFIC,,42,brazil,Portuguese,"portuguese, english, spanish ",spanish,Portuguese:50|English:40|spanish:10,100,Portuguese:40|English:50|spanish:10,100,Portuguese:75|English:20|spanish:5,100,17,4,Bachelor's,10,10,10,6,7,9,4,20,7,17,Duolingo,150,,,,,22,25,C1,intermediate|advanced,intermediate|advanced,cambridge_22_25_intermediate_advanced,4,20,random,,241.26666259765625,811.8333129882812,265.26666259765625,922.9833221435547,4,5,,,,,,,,,,,,2026-08-09T15:58:12.658Z,C99S394L,2026-08-09,2026-08-09,12:58:12,2026-08-09 12:58:12,,,,,,,,69eb8f1f108d9b87368ef89d,69eb8f1f108d9b87368ef89d,,,,
11102,raw_position_sample,2,2,int,10,2,2,3,42," Chelyabinsk, ",882,266,718545,69eb8f1f108d9b87368ef89d,69eb8f1f108d9b87368ef89d,intermediate,2,69eb8f1f108d9b87368ef89d,69eb8f1f108d9b87368ef89d,spotlight_PROLIFIC,,42,brazil,Portuguese,"portuguese, english, spanish ",spanish,Portuguese:50|English:40|spanish:10,100,Portuguese:40|English:50|spanish:10,100,Portuguese:75|English:20|spanish:5,100,17,4,Bachelor's,10,10,10,6,7,9,4,20,7,17,Duolingo,150,,,,,22,25,C1,intermediate|advanced,intermediate|advanced,cambridge_22_25_intermediate_advanced,4,20,random,,241.26666259765625,811.8333129882812,265.26666259765625,922.9833221435547,4,5,,,,,,,,,,,,2026-08-09T15:58:12.658Z,C99S394L,2026-08-09,2026-08-09,12:58:12,2026-08-09 12:58:12,,,,,,,,69eb8f1f108d9b87368ef89d,69eb8f1f108d9b87368ef89d,,,,
11151,raw_position_sample,2,2,int,10,2,2,3,42," Chelyabinsk, ",882,266,718595,69eb8f1f108d9b87368ef89d,69eb8f1f108d9b87368ef89d,intermediate,2,69eb8f1f108d9b87368ef89d,69eb8f1f108d9b87368ef89d,spotlight_PROLIFIC,,42,brazil,Portuguese,"portuguese, english, spanish ",spanish,Portuguese:50|English:40|spanish:10,100,Portuguese:40|English:50|spanish:10,100,Portuguese:75|English:20|spanish:5,100,17,4,Bachelor's,10,10,10,6,7,9,4,20,7,17,Duolingo,150,,,,,22,25,C1,intermediate|advanced,intermediate|advanced,cambridge_22_25_intermediate_advanced,4,20,random,,241.26666259765625,811.8333129882812,265.26666259765625,922.9833221435547,4,5,,,,,,,,,,,,2026-08-09T15:58:12.658Z,C99S394L,2026-08-09,2026-08-09,12:58:12,2026-08-09 12:58:12,,,,,,,,69eb8f1f108d9b87368ef89d,69eb8f1f108d9b87368ef89d,,,,
11201,raw_position_sample,2,2,int,10,2,2,3,42," Chelyabinsk, ",882,266,718646,69eb8f1f108d9b87368ef89d,69eb8f1f108d9b87368ef89d,intermediate,2,69eb8f1f108d9b87368ef89d,69eb8f1f108d9b87368ef89d,spotlight_PROLIFIC,,42,brazil,Portuguese,"portuguese, english, spanish ",spanish,Portuguese:50|English:40|spanish:10,100,Portuguese:40|English:50|spanish:10,100,Portuguese:75|English:20|spanish:5,100,17,4,Bachelor's,10,10,10,6,7,9,4,20,7,17,Duolingo,150,,,,,22,25,C1,intermediate|advanced,intermediate|advanced,cambridge_22_25_intermediate_advanced,4,20,random,,241.26666259765625,811.8333129882812,265.26666259765625,922.9833221435547,4,5,,,,,,,,,,,,2026-08-09T15:58:12.658Z,C99S394L,2026-08-09,2026-08-09,12:58:12,2026-08-09 12:58:12,,,,,,,,69eb8f1f108d9b87368ef89d,69eb8f1f108d9b87368ef89d,,,,
11252,raw_position_sample,2,2,int,10,2,2,3,42," Chelyabinsk, ",883,266,718695,69eb8f1f108d9b87368ef89d,69eb8f1f108d9b87368ef89d,intermediate,2,69eb8f1f108d9b87368ef89d,69eb8f1f108d9b87368ef89d,spotlight_PROLIFIC,,42,brazil,Portuguese,"portuguese, english, spanish ",spanish,Portuguese:50|English:40|spanish:10,100,Portuguese:40|English:50|spanish:10,100,Portuguese:75|English:20|spanish:5,100,17,4,Bachelor's,10,10,10,6,7,9,4,20,7,17,Duolingo,150,,,,,22,25,C1,intermediate|advanced,intermediate|advanced,cambridge_22_25_intermediate_advanced,4,20,random,,241.26666259765625,811.8333129882812,265.26666259765625,922.9833221435547,4,5,,,,,,,,,,,,2026-08-09T15:58:12.658Z,C99S394L,2026-08-09,2026-08-09,12:58:12,2026-08-09 12:58:12,,,,,,,,69eb8f1f108d9b87368ef89d,69eb8f1f108d9b87368ef89d,,,,
11302,raw_position_sample,2,2,int,10,2,2,3,42," Chelyabinsk, ",883,266,718745,69eb8f1f108d9b87368ef89d,69eb8f1f108d9b87368ef89d,intermediate,2,69eb8f1f108d9b87368ef89d,69eb8f1f108d9b87368ef89d,spotlight_PROLIFIC,,42,brazil,Portuguese,"portuguese, english, spanish ",spanish,Portuguese:50|English:40|spanish:10,100,Portuguese:40|English:50|spanish:10,100,Portuguese:75|English:20|spanish:5,100,17,4,Bachelor's,10,10,10,6,7,9,4,20,7,17,Duolingo,150,,,,,22,25,C1,intermediate|advanced,intermediate|advanced,cambridge_22_25_intermediate_advanced,4,20,random,,241.26666259765625,811.8333129882812,265.26666259765625,922.9833221435547,4,5,,,,,,,,,,,,2026-08-09T15:58:12.658Z,C99S394L,2026-08-09,2026-08-09,12:58:12,2026-08-09 12:58:12,,,,,,,,69eb8f1f108d9b87368ef89d,69eb8f1f108d9b87368ef89d,,,,
11353,raw_position_sample,2,2,int,10,2,2,3,42," Chelyabinsk, ",882,265,718796,69eb8f1f108d9b87368ef89d,69eb8f1f108d9b87368ef89d,intermediate,2,69eb8f1f108d9b87368ef89d,69eb8f1f108d9b87368ef89d,spotlight_PROLIFIC,,42,brazil,Portuguese,"portuguese, english, spanish ",spanish,Portuguese:50|English:40|spanish:10,100,Portuguese:40|English:50|spanish:10,100,Portuguese:75|English:20|spanish:5,100,17,4,Bachelor's,10,10,10,6,7,9,4,20,7,17,Duolingo,150,,,,,22,25,C1,intermediate|advanced,intermediate|advanced,cambridge_22_25_intermediate_advanced,4,20,random,,241.26666259765625,811.8333129882812,265.26666259765625,922.9833221435547,4,5,,,,,,,,,,,,2026-08-09T15:58:12.658Z,C99S394L,2026-08-09,2026-08-09,12:58:12,2026-08-09 12:58:12,,,,,,,,69eb8f1f108d9b87368ef89d,69eb8f1f108d9b87368ef89d,,,,
11404,raw_position_sample,2,2,int,10,2,2,3,42," Chelyabinsk, ",873,264,718847,69eb8f1f108d9b87368ef89d,69eb8f1f108d9b87368ef89d,intermediate,2,69eb8f1f108d9b87368ef89d,69eb8f1f108d9b87368ef89d,spotlight_PROLIFIC,,42,brazil,Portuguese,"portuguese, english, spanish ",spanish,Portuguese:50|English:40|spanish:10,100,Portuguese:40|English:50|spanish:10,100,Portuguese:75|English:20|spanish:5,100,17,4,Bachelor's,10,10,10,6,7,9,4,20,7,17,Duolingo,150,,,,,22,25,C1,intermediate|advanced,intermediate|advanced,cambridge_22_25_intermediate_advanced,4,20,random,,241.26666259765625,811.8333129882812,265.26666259765625,922.9833221435547,4,5,,,,,,,,,,,,2026-08-09T15:58:12.658Z,C99S394L,2026-08-09,2026-08-09,12:58:12,2026-08-09 12:58:12,,,,,,,,69eb8f1f108d9b87368ef89d,69eb8f1f108d9b87368ef89d,,,,
11453,raw_position_sample,2,2,int,10,2,2,3,42," Chelyabinsk, ",814,258,718897,69eb8f1f108d9b87368ef89d,69eb8f1f108d9b87368ef89d,intermediate,2,69eb8f1f108d9b87368ef89d,69eb8f1f108d9b87368ef89d,spotlight_PROLIFIC,,42,brazil,Portuguese,"portuguese, english, spanish ",spanish,Portuguese:50|English:40|spanish:10,100,Portuguese:40|English:50|spanish:10,100,Portuguese:75|English:20|spanish:5,100,17,4,Bachelor's,10,10,10,6,7,9,4,20,7,17,Duolingo,150,,,,,22,25,C1,intermediate|advanced,intermediate|advanced,cambridge_22_25_intermediate_advanced,4,20,random,,241.26666259765625,811.8333129882812,265.26666259765625,922.9833221435547,4,5,,,,,,,,,,,,2026-08-09T15:58:12.658Z,C99S394L,2026-08-09,2026-08-09,12:58:12,2026-08-09 12:58:12,,,,,,,,69eb8f1f108d9b87368ef89d,69eb8f1f108d9b87368ef89d,,,,
11466,hover_association,2,2,int,10,2,2,3,42," Chelyabinsk, ",812,266,,69eb8f1f108d9b87368ef89d,69eb8f1f108d9b87368ef89d,intermediate,2,69eb8f1f108d9b87368ef89d,69eb8f1f108d9b87368ef89d,spotlight_PROLIFIC,,42,brazil,Portuguese,"portuguese, english, spanish ",spanish,Portuguese:50|English:40|spanish:10,100,Portuguese:40|English:50|spanish:10,100,Portuguese:75|English:20|spanish:5,100,17,4,Bachelor's,10,10,10,6,7,9,4,20,7,17,Duolingo,150,,,,,22,25,C1,intermediate|advanced,intermediate|advanced,cambridge_22_25_intermediate_advanced,4,20,random,,233.26666259765625,811.8333053588867,273.26666259765625,922.9833297729492,4,5,hover,634,634,0.01949342478812047,0.6183334350585937,98,,,,,,2026-08-09T15:58:12.658Z,C99S394L,2026-08-09,2026-08-09,12:58:12,2026-08-09 12:58:12,,,,,,,,69eb8f1f108d9b87368ef89d,69eb8f1f108d9b87368ef89d,,,,
11511,raw_position_sample,2,2,int,10,2,2,3,41, in ,798,258,718954,69eb8f1f108d9b87368ef89d,69eb8f1f108d9b87368ef89d,intermediate,2,69eb8f1f108d9b87368ef89d,69eb8f1f108d9b87368ef89d,spotlight_PROLIFIC,,42,brazil,Portuguese,"portuguese, english, spanish ",spanish,Portuguese:50|English:40|spanish:10,100,Portuguese:40|English:50|spanish:10,100,Portuguese:75|English:20|spanish:5,100,17,4,Bachelor's,10,10,10,6,7,9,4,20,7,17,Duolingo,150,,,,,22,25,C1,intermediate|advanced,intermediate|advanced,cambridge_22_25_intermediate_advanced,4,20,random,,241.26666259765625,791.38330078125,265.26666259765625,811.8332977294922,4,4,,,,,,,,,,,,2026-08-09T15:58:12.658Z,C99S394L,2026-08-09,2026-08-09,12:58:12,2026-08-09 12:58:12,,,,,,,,69eb8f1f108d9b87368ef89d,69eb8f1f108d9b87368ef89d,,,,
11561,raw_position_sample,2,2,int,10,2,2,3,41, in ,798,258,719004,69eb8f1f108d9b87368ef89d,69eb8f1f108d9b87368ef89d,intermediate,2,69eb8f1f108d9b87368ef89d,69eb8f1f108d9b87368ef89d,spotlight_PROLIFIC,,42,brazil,Portuguese,"portuguese, english, spanish ",spanish,Portuguese:50|English:40|spanish:10,100,Portuguese:40|English:50|spanish:10,100,Portuguese:75|English:20|spanish:5,100,17,4,Bachelor's,10,10,10,6,7,9,4,20,7,17,Duolingo,150,,,,,22,25,C1,intermediate|advanced,intermediate|advanced,cambridge_22_25_intermediate_advanced,4,20,random,,241.26666259765625,791.38330078125,265.26666259765625,811.8332977294922,4,4,,,,,,,,,,,,2026-08-09T15:58:12.658Z,C99S394L,2026-08-09,2026-08-09,12:58:12,2026-08-09 12:58:12,,,,,,,,69eb8f1f108d9b87368ef89d,69eb8f1f108d9b87368ef89d,,,,
11611,raw_position_sample,2,2,int,10,2,2,3,41, in ,798,258,719054,69eb8f1f108d9b87368ef89d,69eb8f1f108d9b87368ef89d,intermediate,2,69eb8f1f108d9b87368ef89d,69eb8f1f108d9b87368ef89d,spotlight_PROLIFIC,,42,brazil,Portuguese,"portuguese, english, spanish ",spanish,Portuguese:50|English:40|spanish:10,100,Portuguese:40|English:50|spanish:10,100,Portuguese:75|English:20|spanish:5,100,17,4,Bachelor's,10,10,10,6,7,9,4,20,7,17,Duolingo,150,,,,,22,25,C1,intermediate|advanced,intermediate|advanced,cambridge_22_25_intermediate_advanced,4,20,random,,241.26666259765625,791.38330078125,265.26666259765625,811.8332977294922,4,4,,,,,,,,,,,,2026-08-09T15:58:12.658Z,C99S394L,2026-08-09,2026-08-09,12:58:12,2026-08-09 12:58:12,,,,,,,,69eb8f1f108d9b87368ef89d,69eb8f1f108d9b87368ef89d,,,,
11662,raw_position_sample,2,2,int,10,2,2,3,41, in ,797,258,719105,69eb8f1f108d9b87368ef89d,69eb8f1f108d9b87368ef89d,intermediate,2,69eb8f1f108d9b87368ef89d,69eb8f1f108d9b87368ef89d,spotlight_PROLIFIC,,42,brazil,Portuguese,"portuguese, english, spanish ",spanish,Portuguese:50|English:40|spanish:10,100,Portuguese:40|English:50|spanish:10,100,Portuguese:75|English:20|spanish:5,100,17,4,Bachelor's,10,10,10,6,7,9,4,20,7,17,Duolingo,150,,,,,22,25,C1,intermediate|advanced,intermediate|advanced,cambridge_22_25_intermediate_advanced,4,20,random,,241.26666259765625,791.38330078125,265.26666259765625,811.8332977294922,4,4,,,,,,,,,,,,2026-08-09T15:58:12.658Z,C99S394L,2026-08-09,2026-08-09,12:58:12,2026-08-09 12:58:12,,,,,,,,69eb8f1f108d9b87368ef89d,69eb8f1f108d9b87368ef89d,,,,
11699,hover_association,2,2,int,10,2,2,3,41, in ,802,258,,69eb8f1f108d9b87368ef89d,69eb8f1f108d9b87368ef89d,intermediate,2,69eb8f1f108d9b87368ef89d,69eb8f1f108d9b87368ef89d,spotlight_PROLIFIC,,42,brazil,Portuguese,"portuguese, english, spanish ",spanish,Portuguese:50|English:40|spanish:10,100,Portuguese:40|English:50|spanish:10,100,Portuguese:75|English:20|spanish:5,100,17,4,Bachelor's,10,10,10,6,7,9,4,20,7,17,Duolingo,150,,,,,22,25,C1,intermediate|advanced,intermediate|advanced,cambridge_22_25_intermediate_advanced,4,20,random,,233.26666259765625,791.38330078125,273.26666259765625,811.8333053588867,4,4,hover,233,233,0.03015643426429336,0.6183334350585937,98,,,,,,2026-08-09T15:58:12.658Z,C99S394L,2026-08-09,2026-08-09,12:58:12,2026-08-09 12:58:12,,,,,,,,69eb8f1f108d9b87368ef89d,69eb8f1f108d9b87368ef89d,,,,
11712,raw_position_sample,2,2,int,10,2,2,3,40, panic ,789,258,719155,69eb8f1f108d9b87368ef89d,69eb8f1f108d9b87368ef89d,intermediate,2,69eb8f1f108d9b87368ef89d,69eb8f1f108d9b87368ef89d,spotlight_PROLIFIC,,42,brazil,Portuguese,"portuguese, english, spanish ",spanish,Portuguese:50|English:40|spanish:10,100,Portuguese:40|English:50|spanish:10,100,Portuguese:75|English:20|spanish:5,100,17,4,Bachelor's,10,10,10,6,7,9,4,20,7,17,Duolingo,150,,,,,22,25,C1,intermediate|advanced,intermediate|advanced,cambridge_22_25_intermediate_advanced,4,20,random,,241.26666259765625,741.13330078125,265.26666259765625,791.38330078125,4,3,,,,,,,,,,,,2026-08-09T15:58:12.658Z,C99S394L,2026-08-09,2026-08-09,12:58:12,2026-08-09 12:58:12,,,,,,,,69eb8f1f108d9b87368ef89d,69eb8f1f108d9b87368ef89d,,,,
11762,raw_position_sample,2,2,int,10,2,2,3,40, panic ,776,260,719205,69eb8f1f108d9b87368ef89d,69eb8f1f108d9b87368ef89d,intermediate,2,69eb8f1f108d9b87368ef89d,69eb8f1f108d9b87368ef89d,spotlight_PROLIFIC,,42,brazil,Portuguese,"portuguese, english, spanish ",spanish,Portuguese:50|English:40|spanish:10,100,Portuguese:40|English:50|spanish:10,100,Portuguese:75|English:20|spanish:5,100,17,4,Bachelor's,10,10,10,6,7,9,4,20,7,17,Duolingo,150,,,,,22,25,C1,intermediate|advanced,intermediate|advanced,cambridge_22_25_intermediate_advanced,4,20,random,,241.26666259765625,741.13330078125,265.26666259765625,791.38330078125,4,3,,,,,,,,,,,,2026-08-09T15:58:12.658Z,C99S394L,2026-08-09,2026-08-09,12:58:12,2026-08-09 12:58:12,,,,,,,,69eb8f1f108d9b87368ef89d,69eb8f1f108d9b87368ef89d,,,,
11813,raw_position_sample,2,2,int,10,2,2,3,40, panic ,776,260,719256,69eb8f1f108d9b87368ef89d,69eb8f1f108d9b87368ef89d,intermediate,2,69eb8f1f108d9b87368ef89d,69eb8f1f108d9b87368ef89d,spotlight_PROLIFIC,,42,brazil,Portuguese,"portuguese, english, spanish ",spanish,Portuguese:50|English:40|spanish:10,100,Portuguese:40|English:50|spanish:10,100,Portuguese:75|English:20|spanish:5,100,17,4,Bachelor's,10,10,10,6,7,9,4,20,7,17,Duolingo,150,,,,,22,25,C1,intermediate|advanced,intermediate|advanced,cambridge_22_25_intermediate_advanced,4,20,random,,241.26666259765625,741.13330078125,265.26666259765625,791.38330078125,4,3,,,,,,,,,,,,2026-08-09T15:58:12.658Z,C99S394L,2026-08-09,2026-08-09,12:58:12,2026-08-09 12:58:12,,,,,,,,69eb8f1f108d9b87368ef89d,69eb8f1f108d9b87368ef89d,,,,
11863,raw_position_sample,2,2,int,10,2,2,3,40, panic ,778,260,719306,69eb8f1f108d9b87368ef89d,69eb8f1f108d9b87368ef89d,intermediate,2,69eb8f1f108d9b87368ef89d,69eb8f1f108d9b87368ef89d,spotlight_PROLIFIC,,42,brazil,Portuguese,"portuguese, english, spanish ",spanish,Portuguese:50|English:40|spanish:10,100,Portuguese:40|English:50|spanish:10,100,Portuguese:75|English:20|spanish:5,100,17,4,Bachelor's,10,10,10,6,7,9,4,20,7,17,Duolingo,150,,,,,22,25,C1,intermediate|advanced,intermediate|advanced,cambridge_22_25_intermediate_advanced,4,20,random,,241.26666259765625,741.13330078125,265.26666259765625,791.38330078125,4,3,,,,,,,,,,,,2026-08-09T15:58:12.658Z,C99S394L,2026-08-09,2026-08-09,12:58:12,2026-08-09 12:58:12,,,,,,,,69eb8f1f108d9b87368ef89d,69eb8f1f108d9b87368ef89d,,,,
11913,raw_position_sample,2,2,int,10,2,2,3,40, panic ,785,260,719356,69eb8f1f108d9b87368ef89d,69eb8f1f108d9b87368ef89d,intermediate,2,69eb8f1f108d9b87368ef89d,69eb8f1f108d9b87368ef89d,spotlight_PROLIFIC,,42,brazil,Portuguese,"portuguese, english, spanish ",spanish,Portuguese:50|English:40|spanish:10,100,Portuguese:40|English:50|spanish:10,100,Portuguese:75|English:20|spanish:5,100,17,4,Bachelor's,10,10,10,6,7,9,4,20,7,17,Duolingo,150,,,,,22,25,C1,intermediate|advanced,intermediate|advanced,cambridge_22_25_intermediate_advanced,4,20,random,,241.26666259765625,741.13330078125,265.26666259765625,791.38330078125,4,3,,,,,,,,,,,,2026-08-09T15:58:12.658Z,C99S394L,2026-08-09,2026-08-09,12:58:12,2026-08-09 12:58:12,,,,,,,,69eb8f1f108d9b87368ef89d,69eb8f1f108d9b87368ef89d,,,,
11933,hover_association,2,2,int,10,2,2,3,40, panic ,789,258,,69eb8f1f108d9b87368ef89d,69eb8f1f108d9b87368ef89d,intermediate,2,69eb8f1f108d9b87368ef89d,69eb8f1f108d9b87368ef89d,spotlight_PROLIFIC,,42,brazil,Portuguese,"portuguese, english, spanish ",spanish,Portuguese:50|English:40|spanish:10,100,Portuguese:40|English:50|spanish:10,100,Portuguese:75|English:20|spanish:5,100,17,4,Bachelor's,10,10,10,6,7,9,4,20,7,17,Duolingo,150,,,,,22,25,C1,intermediate|advanced,intermediate|advanced,cambridge_22_25_intermediate_advanced,4,20,random,,233.26666259765625,741.1333160400391,273.26666259765625,791.38330078125,4,3,hover,234,234,0.9923721214399565,0.6683334350585938,98,,,,,,2026-08-09T15:58:12.658Z,C99S394L,2026-08-09,2026-08-09,12:58:12,2026-08-09 12:58:12,,,,,,,,69eb8f1f108d9b87368ef89d,69eb8f1f108d9b87368ef89d,,,,
11950,hover_association,2,2,int,10,2,2,3,41, in ,801,260,,69eb8f1f108d9b87368ef89d,69eb8f1f108d9b87368ef89d,intermediate,2,69eb8f1f108d9b87368ef89d,69eb8f1f108d9b87368ef89d,spotlight_PROLIFIC,,42,brazil,Portuguese,"portuguese, english, spanish ",spanish,Portuguese:50|English:40|spanish:10,100,Portuguese:40|English:50|spanish:10,100,Portuguese:75|English:20|spanish:5,100,17,4,Bachelor's,10,10,10,6,7,9,4,20,7,17,Duolingo,150,,,,,22,25,C1,intermediate|advanced,intermediate|advanced,cambridge_22_25_intermediate_advanced,4,20,random,,233.26666259765625,791.38330078125,273.26666259765625,811.8333053588867,4,4,hover,16,16,0.47025413526148674,0.6683334350585938,98,,,,,,2026-08-09T15:58:12.658Z,C99S394L,2026-08-09,2026-08-09,12:58:12,2026-08-09 12:58:12,,,,,,,,69eb8f1f108d9b87368ef89d,69eb8f1f108d9b87368ef89d,,,,
11963,raw_position_sample,2,2,int,10,2,2,3,42," Chelyabinsk, ",813,260,719406,69eb8f1f108d9b87368ef89d,69eb8f1f108d9b87368ef89d,intermediate,2,69eb8f1f108d9b87368ef89d,69eb8f1f108d9b87368ef89d,spotlight_PROLIFIC,,42,brazil,Portuguese,"portuguese, english, spanish ",spanish,Portuguese:50|English:40|spanish:10,100,Portuguese:40|English:50|spanish:10,100,Portuguese:75|English:20|spanish:5,100,17,4,Bachelor's,10,10,10,6,7,9,4,20,7,17,Duolingo,150,,,,,22,25,C1,intermediate|advanced,intermediate|advanced,cambridge_22_25_intermediate_advanced,4,20,random,,241.26666259765625,811.8333129882812,265.26666259765625,922.9833221435547,4,5,,,,,,,,,,,,2026-08-09T15:58:12.658Z,C99S394L,2026-08-09,2026-08-09,12:58:12,2026-08-09 12:58:12,,,,,,,,69eb8f1f108d9b87368ef89d,69eb8f1f108d9b87368ef89d,,,,
12013,raw_position_sample,2,2,int,10,2,2,3,42," Chelyabinsk, ",846,260,719456,69eb8f1f108d9b87368ef89d,69eb8f1f108d9b87368ef89d,intermediate,2,69eb8f1f108d9b87368ef89d,69eb8f1f108d9b87368ef89d,spotlight_PROLIFIC,,42,brazil,Portuguese,"portuguese, english, spanish ",spanish,Portuguese:50|English:40|spanish:10,100,Portuguese:40|English:50|spanish:10,100,Portuguese:75|English:20|spanish:5,100,17,4,Bachelor's,10,10,10,6,7,9,4,20,7,17,Duolingo,150,,,,,22,25,C1,intermediate|advanced,intermediate|advanced,cambridge_22_25_intermediate_advanced,4,20,random,,241.26666259765625,811.8333129882812,265.26666259765625,922.9833221435547,4,5,,,,,,,,,,,,2026-08-09T15:58:12.658Z,C99S394L,2026-08-09,2026-08-09,12:58:12,2026-08-09 12:58:12,,,,,,,,69eb8f1f108d9b87368ef89d,69eb8f1f108d9b87368ef89d,,,,
12063,raw_position_sample,2,2,int,10,2,2,3,42," Chelyabinsk, ",861,259,719507,69eb8f1f108d9b87368ef89d,69eb8f1f108d9b87368ef89d,intermediate,2,69eb8f1f108d9b87368ef89d,69eb8f1f108d9b87368ef89d,spotlight_PROLIFIC,,42,brazil,Portuguese,"portuguese, english, spanish ",spanish,Portuguese:50|English:40|spanish:10,100,Portuguese:40|English:50|spanish:10,100,Portuguese:75|English:20|spanish:5,100,17,4,Bachelor's,10,10,10,6,7,9,4,20,7,17,Duolingo,150,,,,,22,25,C1,intermediate|advanced,intermediate|advanced,cambridge_22_25_intermediate_advanced,4,20,random,,241.26666259765625,811.8333129882812,265.26666259765625,922.9833221435547,4,5,,,,,,,,,,,,2026-08-09T15:58:12.658Z,C99S394L,2026-08-09,2026-08-09,12:58:12,2026-08-09 12:58:12,,,,,,,,69eb8f1f108d9b87368ef89d,69eb8f1f108d9b87368ef89d,,,,
12114,raw_position_sample,2,2,int,10,2,2,3,42," Chelyabinsk, ",876,258,719557,69eb8f1f108d9b87368ef89d,69eb8f1f108d9b87368ef89d,intermediate,2,69eb8f1f108d9b87368ef89d,69eb8f1f108d9b87368ef89d,spotlight_PROLIFIC,,42,brazil,Portuguese,"portuguese, english, spanish ",spanish,Portuguese:50|English:40|spanish:10,100,Portuguese:40|English:50|spanish:10,100,Portuguese:75|English:20|spanish:5,100,17,4,Bachelor's,10,10,10,6,7,9,4,20,7,17,Duolingo,150,,,,,22,25,C1,intermediate|advanced,intermediate|advanced,cambridge_22_25_intermediate_advanced,4,20,random,,241.26666259765625,811.8333129882812,265.26666259765625,922.9833221435547,4,5,,,,,,,,,,,,2026-08-09T15:58:12.658Z,C99S394L,2026-08-09,2026-08-09,12:58:12,2026-08-09 12:58:12,,,,,,,,69eb8f1f108d9b87368ef89d,69eb8f1f108d9b87368ef89d,,,,
12164,raw_position_sample,2,2,int,10,2,2,3,42," Chelyabinsk, ",882,257,719608,69eb8f1f108d9b87368ef89d,69eb8f1f108d9b87368ef89d,intermediate,2,69eb8f1f108d9b87368ef89d,69eb8f1f108d9b87368ef89d,spotlight_PROLIFIC,,42,brazil,Portuguese,"portuguese, english, spanish ",spanish,Portuguese:50|English:40|spanish:10,100,Portuguese:40|English:50|spanish:10,100,Portuguese:75|English:20|spanish:5,100,17,4,Bachelor's,10,10,10,6,7,9,4,20,7,17,Duolingo,150,,,,,22,25,C1,intermediate|advanced,intermediate|advanced,cambridge_22_25_intermediate_advanced,4,20,random,,241.26666259765625,811.8333129882812,265.26666259765625,922.9833221435547,4,5,,,,,,,,,,,,2026-08-09T15:58:12.658Z,C99S394L,2026-08-09,2026-08-09,12:58:12,2026-08-09 12:58:12,,,,,,,,69eb8f1f108d9b87368ef89d,69eb8f1f108d9b87368ef89d,,,,
12215,raw_position_sample,2,2,int,10,2,2,3,42," Chelyabinsk, ",890,257,719658,69eb8f1f108d9b87368ef89d,69eb8f1f108d9b87368ef89d,intermediate,2,69eb8f1f108d9b87368ef89d,69eb8f1f108d9b87368ef89d,spotlight_PROLIFIC,,42,brazil,Portuguese,"portuguese, english, spanish ",spanish,Portuguese:50|English:40|spanish:10,100,Portuguese:40|English:50|spanish:10,100,Portuguese:75|English:20|spanish:5,100,17,4,Bachelor's,10,10,10,6,7,9,4,20,7,17,Duolingo,150,,,,,22,25,C1,intermediate|advanced,intermediate|advanced,cambridge_22_25_intermediate_advanced,4,20,random,,241.26666259765625,811.8333129882812,265.26666259765625,922.9833221435547,4,5,,,,,,,,,,,,2026-08-09T15:58:12.658Z,C99S394L,2026-08-09,2026-08-09,12:58:12,2026-08-09 12:58:12,,,,,,,,69eb8f1f108d9b87368ef89d,69eb8f1f108d9b87368ef89d,,,,
12250,hover_association,2,2,int,10,2,2,3,42," Chelyabinsk, ",813,260,,69eb8f1f108d9b87368ef89d,69eb8f1f108d9b87368ef89d,intermediate,2,69eb8f1f108d9b87368ef89d,69eb8f1f108d9b87368ef89d,spotlight_PROLIFIC,,42,brazil,Portuguese,"portuguese, english, spanish ",spanish,Portuguese:50|English:40|spanish:10,100,Portuguese:40|English:50|spanish:10,100,Portuguese:75|English:20|spanish:5,100,17,4,Bachelor's,10,10,10,6,7,9,4,20,7,17,Duolingo,150,,,,,22,25,C1,intermediate|advanced,intermediate|advanced,cambridge_22_25_intermediate_advanced,4,20,random,,233.26666259765625,811.8333053588867,273.26666259765625,922.9833297729492,4,5,hover,300,300,0.9641625830138346,0.6433334350585938,98,,,,,,2026-08-09T15:58:12.658Z,C99S394L,2026-08-09,2026-08-09,12:58:12,2026-08-09 12:58:12,,,,,,,,69eb8f1f108d9b87368ef89d,69eb8f1f108d9b87368ef89d,,,,
12265,raw_position_sample,2,2,int,10,2,2,3,43, a ,937,260,719707,69eb8f1f108d9b87368ef89d,69eb8f1f108d9b87368ef89d,intermediate,2,69eb8f1f108d9b87368ef89d,69eb8f1f108d9b87368ef89d,spotlight_PROLIFIC,,42,brazil,Portuguese,"portuguese, english, spanish ",spanish,Portuguese:50|English:40|spanish:10,100,Portuguese:40|English:50|spanish:10,100,Portuguese:75|English:20|spanish:5,100,17,4,Bachelor's,10,10,10,6,7,9,4,20,7,17,Duolingo,150,,,,,22,25,C1,intermediate|advanced,intermediate|advanced,cambridge_22_25_intermediate_advanced,4,20,random,,241.26666259765625,922.9833374023438,265.26666259765625,937.7666625976562,4,6,,,,,,,,,,,,2026-08-09T15:58:12.658Z,C99S394L,2026-08-09,2026-08-09,12:58:12,2026-08-09 12:58:12,,,,,,,,69eb8f1f108d9b87368ef89d,69eb8f1f108d9b87368ef89d,,,,
12266,hover_association,2,2,int,10,2,2,3,43, a ,937,260,,69eb8f1f108d9b87368ef89d,69eb8f1f108d9b87368ef89d,intermediate,2,69eb8f1f108d9b87368ef89d,69eb8f1f108d9b87368ef89d,spotlight_PROLIFIC,,42,brazil,Portuguese,"portuguese, english, spanish ",spanish,Portuguese:50|English:40|spanish:10,100,Portuguese:40|English:50|spanish:10,100,Portuguese:75|English:20|spanish:5,100,17,4,Bachelor's,10,10,10,6,7,9,4,20,7,17,Duolingo,150,,,,,22,25,C1,intermediate|advanced,intermediate|advanced,cambridge_22_25_intermediate_advanced,4,20,random,,233.26666259765625,922.9833297729492,273.26666259765625,937.7666625976562,4,6,hover,17,17,0.9481400705276049,0.6683334350585938,98,,,,,,2026-08-09T15:58:12.658Z,C99S394L,2026-08-09,2026-08-09,12:58:12,2026-08-09 12:58:12,,,,,,,,69eb8f1f108d9b87368ef89d,69eb8f1f108d9b87368ef89d,,,,
12315,raw_position_sample,2,2,int,10,2,2,3,44, Russian ,982,260,719757,69eb8f1f108d9b87368ef89d,69eb8f1f108d9b87368ef89d,intermediate,2,69eb8f1f108d9b87368ef89d,69eb8f1f108d9b87368ef89d,spotlight_PROLIFIC,,42,brazil,Portuguese,"portuguese, english, spanish ",spanish,Portuguese:50|English:40|spanish:10,100,Portuguese:40|English:50|spanish:10,100,Portuguese:75|English:20|spanish:5,100,17,4,Bachelor's,10,10,10,6,7,9,4,20,7,17,Duolingo,150,,,,,22,25,C1,intermediate|advanced,intermediate|advanced,cambridge_22_25_intermediate_advanced,4,20,random,,241.26666259765625,937.7666625976562,265.26666259765625,1007.8666687011719,4,7,,,,,,,,,,,,2026-08-09T15:58:12.658Z,C99S394L,2026-08-09,2026-08-09,12:58:12,2026-08-09 12:58:12,,,,,,,,69eb8f1f108d9b87368ef89d,69eb8f1f108d9b87368ef89d,,,,
12364,raw_position_sample,2,2,int,10,2,2,3,44, Russian ,1004,260,719808,69eb8f1f108d9b87368ef89d,69eb8f1f108d9b87368ef89d,intermediate,2,69eb8f1f108d9b87368ef89d,69eb8f1f108d9b87368ef89d,spotlight_PROLIFIC,,42,brazil,Portuguese,"portuguese, english, spanish ",spanish,Portuguese:50|English:40|spanish:10,100,Portuguese:40|English:50|spanish:10,100,Portuguese:75|English:20|spanish:5,100,17,4,Bachelor's,10,10,10,6,7,9,4,20,7,17,Duolingo,150,,,,,22,25,C1,intermediate|advanced,intermediate|advanced,cambridge_22_25_intermediate_advanced,4,20,random,,241.26666259765625,937.7666625976562,265.26666259765625,1007.8666687011719,4,7,,,,,,,,,,,,2026-08-09T15:58:12.658Z,C99S394L,2026-08-09,2026-08-09,12:58:12,2026-08-09 12:58:12,,,,,,,,69eb8f1f108d9b87368ef89d,69eb8f1f108d9b87368ef89d,,,,
12401,hover_association,2,2,int,10,2,2,3,44, Russian ,955,260,,69eb8f1f108d9b87368ef89d,69eb8f1f108d9b87368ef89d,intermediate,2,69eb8f1f108d9b87368ef89d,69eb8f1f108d9b87368ef89d,spotlight_PROLIFIC,,42,brazil,Portuguese,"portuguese, english, spanish ",spanish,Portuguese:50|English:40|spanish:10,100,Portuguese:40|English:50|spanish:10,100,Portuguese:75|English:20|spanish:5,100,17,4,Bachelor's,10,10,10,6,7,9,4,20,7,17,Duolingo,150,,,,,22,25,C1,intermediate|advanced,intermediate|advanced,cambridge_22_25_intermediate_advanced,4,20,random,,233.26666259765625,937.7666625976562,273.26666259765625,1007.8666839599609,4,7,hover,135,135,0.9876364665357009,0.6683334350585938,98,,,,,,2026-08-09T15:58:12.658Z,C99S394L,2026-08-09,2026-08-09,12:58:12,2026-08-09 12:58:12,,,,,,,,69eb8f1f108d9b87368ef89d,69eb8f1f108d9b87368ef89d,,,,
12415,raw_position_sample,2,2,int,10,2,2,3,45, city ,1009,260,719858,69eb8f1f108d9b87368ef89d,69eb8f1f108d9b87368ef89d,intermediate,2,69eb8f1f108d9b87368ef89d,69eb8f1f108d9b87368ef89d,spotlight_PROLIFIC,,42,brazil,Portuguese,"portuguese, english, spanish ",spanish,Portuguese:50|English:40|spanish:10,100,Portuguese:40|English:50|spanish:10,100,Portuguese:75|English:20|spanish:5,100,17,4,Bachelor's,10,10,10,6,7,9,4,20,7,17,Duolingo,150,,,,,22,25,C1,intermediate|advanced,intermediate|advanced,cambridge_22_25_intermediate_advanced,4,20,random,,241.26666259765625,1007.86669921875,265.26666259765625,1041.5166931152344,4,8,,,,,,,,,,,,2026-08-09T15:58:12.658Z,C99S394L,2026-08-09,2026-08-09,12:58:12,2026-08-09 12:58:12,,,,,,,,69eb8f1f108d9b87368ef89d,69eb8f1f108d9b87368ef89d,,,,
12465,raw_position_sample,2,2,int,10,2,2,3,45, city ,1016,260,719908,69eb8f1f108d9b87368ef89d,69eb8f1f108d9b87368ef89d,intermediate,2,69eb8f1f108d9b87368ef89d,69eb8f1f108d9b87368ef89d,spotlight_PROLIFIC,,42,brazil,Portuguese,"portuguese, english, spanish ",spanish,Portuguese:50|English:40|spanish:10,100,Portuguese:40|English:50|spanish:10,100,Portuguese:75|English:20|spanish:5,100,17,4,Bachelor's,10,10,10,6,7,9,4,20,7,17,Duolingo,150,,,,,22,25,C1,intermediate|advanced,intermediate|advanced,cambridge_22_25_intermediate_advanced,4,20,random,,241.26666259765625,1007.86669921875,265.26666259765625,1041.5166931152344,4,8,,,,,,,,,,,,2026-08-09T15:58:12.658Z,C99S394L,2026-08-09,2026-08-09,12:58:12,2026-08-09 12:58:12,,,,,,,,69eb8f1f108d9b87368ef89d,69eb8f1f108d9b87368ef89d,,,,
12515,raw_position_sample,2,2,int,10,2,2,3,45, city ,1023,260,719959,69eb8f1f108d9b87368ef89d,69eb8f1f108d9b87368ef89d,intermediate,2,69eb8f1f108d9b87368ef89d,69eb8f1f108d9b87368ef89d,spotlight_PROLIFIC,,42,brazil,Portuguese,"portuguese, english, spanish ",spanish,Portuguese:50|English:40|spanish:10,100,Portuguese:40|English:50|spanish:10,100,Portuguese:75|English:20|spanish:5,100,17,4,Bachelor's,10,10,10,6,7,9,4,20,7,17,Duolingo,150,,,,,22,25,C1,intermediate|advanced,intermediate|advanced,cambridge_22_25_intermediate_advanced,4,20,random,,241.26666259765625,1007.86669921875,265.26666259765625,1041.5166931152344,4,8,,,,,,,,,,,,2026-08-09T15:58:12.658Z,C99S394L,2026-08-09,2026-08-09,12:58:12,2026-08-09 12:58:12,,,,,,,,69eb8f1f108d9b87368ef89d,69eb8f1f108d9b87368ef89d,,,,
12566,raw_position_sample,2,2,int,10,2,2,3,45, city ,1031,260,720009,69eb8f1f108d9b87368ef89d,69eb8f1f108d9b87368ef89d,intermediate,2,69eb8f1f108d9b87368ef89d,69eb8f1f108d9b87368ef89d,spotlight_PROLIFIC,,42,brazil,Portuguese,"portuguese, english, spanish ",spanish,Portuguese:50|English:40|spanish:10,100,Portuguese:40|English:50|spanish:10,100,Portuguese:75|English:20|spanish:5,100,17,4,Bachelor's,10,10,10,6,7,9,4,20,7,17,Duolingo,150,,,,,22,25,C1,intermediate|advanced,intermediate|advanced,cambridge_22_25_intermediate_advanced,4,20,random,,241.26666259765625,1007.86669921875,265.26666259765625,1041.5166931152344,4,8,,,,,,,,,,,,2026-08-09T15:58:12.658Z,C99S394L,2026-08-09,2026-08-09,12:58:12,2026-08-09 12:58:12,,,,,,,,69eb8f1f108d9b87368ef89d,69eb8f1f108d9b87368ef89d,,,,
12600,hover_association,2,2,int,10,2,2,3,45, city ,1009,260,,69eb8f1f108d9b87368ef89d,69eb8f1f108d9b87368ef89d,intermediate,2,69eb8f1f108d9b87368ef89d,69eb8f1f108d9b87368ef89d,spotlight_PROLIFIC,,42,brazil,Portuguese,"portuguese, english, spanish ",spanish,Portuguese:50|English:40|spanish:10,100,Portuguese:40|English:50|spanish:10,100,Portuguese:75|English:20|spanish:5,100,17,4,Bachelor's,10,10,10,6,7,9,4,20,7,17,Duolingo,150,,,,,22,25,C1,intermediate|advanced,intermediate|advanced,cambridge_22_25_intermediate_advanced,4,20,random,,233.26666259765625,1007.8666839599609,273.26666259765625,1041.5166473388672,4,8,hover,198,198,0.8657755645077913,0.6683334350585938,98,,,,,,2026-08-09T15:58:12.658Z,C99S394L,2026-08-09,2026-08-09,12:58:12,2026-08-09 12:58:12,,,,,,,,69eb8f1f108d9b87368ef89d,69eb8f1f108d9b87368ef89d,,,,
12616,raw_position_sample,2,2,int,10,2,2,3,46, of ,1044,260,720059,69eb8f1f108d9b87368ef89d,69eb8f1f108d9b87368ef89d,intermediate,2,69eb8f1f108d9b87368ef89d,69eb8f1f108d9b87368ef89d,spotlight_PROLIFIC,,42,brazil,Portuguese,"portuguese, english, spanish ",spanish,Portuguese:50|English:40|spanish:10,100,Portuguese:40|English:50|spanish:10,100,Portuguese:75|English:20|spanish:5,100,17,4,Bachelor's,10,10,10,6,7,9,4,20,7,17,Duolingo,150,,,,,22,25,C1,intermediate|advanced,intermediate|advanced,cambridge_22_25_intermediate_advanced,4,20,random,,241.26666259765625,1041.5166015625,265.26666259765625,1063.2832794189453,4,9,,,,,,,,,,,,2026-08-09T15:58:12.658Z,C99S394L,2026-08-09,2026-08-09,12:58:12,2026-08-09 12:58:12,,,,,,,,69eb8f1f108d9b87368ef89d,69eb8f1f108d9b87368ef89d,,,,
12649,hover_association,2,2,int,10,2,2,3,46, of ,1044,260,,69eb8f1f108d9b87368ef89d,69eb8f1f108d9b87368ef89d,intermediate,2,69eb8f1f108d9b87368ef89d,69eb8f1f108d9b87368ef89d,spotlight_PROLIFIC,,42,brazil,Portuguese,"portuguese, english, spanish ",spanish,Portuguese:50|English:40|spanish:10,100,Portuguese:40|English:50|spanish:10,100,Portuguese:75|English:20|spanish:5,100,17,4,Bachelor's,10,10,10,6,7,9,4,20,7,17,Duolingo,150,,,,,22,25,C1,intermediate|advanced,intermediate|advanced,cambridge_22_25_intermediate_advanced,4,20,random,,233.26666259765625,1041.5166473388672,273.26666259765625,1063.283302307129,4,9,hover,50,50,0.9410427413399023,0.6683334350585938,98,,,,,,2026-08-09T15:58:12.658Z,C99S394L,2026-08-09,2026-08-09,12:58:12,2026-08-09 12:58:12,,,,,,,,69eb8f1f108d9b87368ef89d,69eb8f1f108d9b87368ef89d,,,,
12667,raw_position_sample,2,2,int,10,2,2,3,47, one ,1074,260,720110,69eb8f1f108d9b87368ef89d,69eb8f1f108d9b87368ef89d,intermediate,2,69eb8f1f108d9b87368ef89d,69eb8f1f108d9b87368ef89d,spotlight_PROLIFIC,,42,brazil,Portuguese,"portuguese, english, spanish ",spanish,Portuguese:50|English:40|spanish:10,100,Portuguese:40|English:50|spanish:10,100,Portuguese:75|English:20|spanish:5,100,17,4,Bachelor's,10,10,10,6,7,9,4,20,7,17,Duolingo,150,,,,,22,25,C1,intermediate|advanced,intermediate|advanced,cambridge_22_25_intermediate_advanced,4,20,random,,241.26666259765625,1063.2833251953125,265.26666259765625,1100.1166534423828,4,10,,,,,,,,,,,,2026-08-09T15:58:12.658Z,C99S394L,2026-08-09,2026-08-09,12:58:12,2026-08-09 12:58:12,,,,,,,,69eb8f1f108d9b87368ef89d,69eb8f1f108d9b87368ef89d,,,,
12716,hover_association,2,2,int,10,2,2,3,47, one ,1068,260,,69eb8f1f108d9b87368ef89d,69eb8f1f108d9b87368ef89d,intermediate,2,69eb8f1f108d9b87368ef89d,69eb8f1f108d9b87368ef89d,spotlight_PROLIFIC,,42,brazil,Portuguese,"portuguese, english, spanish ",spanish,Portuguese:50|English:40|spanish:10,100,Portuguese:40|English:50|spanish:10,100,Portuguese:75|English:20|spanish:5,100,17,4,Bachelor's,10,10,10,6,7,9,4,20,7,17,Duolingo,150,,,,,22,25,C1,intermediate|advanced,intermediate|advanced,cambridge_22_25_intermediate_advanced,4,20,random,,233.26666259765625,1063.283302307129,273.26666259765625,1100.1166763305664,4,10,hover,67,67,0.8067872813921966,0.6433334350585938,98,,,,,,2026-08-09T15:58:12.658Z,C99S394L,2026-08-09,2026-08-09,12:58:12,2026-08-09 12:58:12,,,,,,,,69eb8f1f108d9b87368ef89d,69eb8f1f108d9b87368ef89d,,,,
12718,raw_position_sample,2,2,int,10,2,2,3,48, million ,1101,259,720161,69eb8f1f108d9b87368ef89d,69eb8f1f108d9b87368ef89d,intermediate,2,69eb8f1f108d9b87368ef89d,69eb8f1f108d9b87368ef89d,spotlight_PROLIFIC,,42,brazil,Portuguese,"portuguese, english, spanish ",spanish,Portuguese:50|English:40|spanish:10,100,Portuguese:40|English:50|spanish:10,100,Portuguese:75|English:20|spanish:5,100,17,4,Bachelor's,10,10,10,6,7,9,4,20,7,17,Duolingo,150,,,,,22,25,C1,intermediate|advanced,intermediate|advanced,cambridge_22_25_intermediate_advanced,4,20,random,,241.26666259765625,1100.11669921875,265.26666259765625,1162.2333679199219,4,11,,,,,,,,,,,,2026-08-09T15:58:12.658Z,C99S394L,2026-08-09,2026-08-09,12:58:12,2026-08-09 12:58:12,,,,,,,,69eb8f1f108d9b87368ef89d,69eb8f1f108d9b87368ef89d,,,,
12768,raw_position_sample,2,2,int,10,2,2,3,48, million ,1115,259,720210,69eb8f1f108d9b87368ef89d,69eb8f1f108d9b87368ef89d,intermediate,2,69eb8f1f108d9b87368ef89d,69eb8f1f108d9b87368ef89d,spotlight_PROLIFIC,,42,brazil,Portuguese,"portuguese, english, spanish ",spanish,Portuguese:50|English:40|spanish:10,100,Portuguese:40|English:50|spanish:10,100,Portuguese:75|English:20|spanish:5,100,17,4,Bachelor's,10,10,10,6,7,9,4,20,7,17,Duolingo,150,,,,,22,25,C1,intermediate|advanced,intermediate|advanced,cambridge_22_25_intermediate_advanced,4,20,random,,241.26666259765625,1100.11669921875,265.26666259765625,1162.2333679199219,4,11,,,,,,,,,,,,2026-08-09T15:58:12.658Z,C99S394L,2026-08-09,2026-08-09,12:58:12,2026-08-09 12:58:12,,,,,,,,69eb8f1f108d9b87368ef89d,69eb8f1f108d9b87368ef89d,,,,
12817,raw_position_sample,2,2,int,10,2,2,3,48, million ,1124,257,720261,69eb8f1f108d9b87368ef89d,69eb8f1f108d9b87368ef89d,intermediate,2,69eb8f1f108d9b87368ef89d,69eb8f1f108d9b87368ef89d,spotlight_PROLIFIC,,42,brazil,Portuguese,"portuguese, english, spanish ",spanish,Portuguese:50|English:40|spanish:10,100,Portuguese:40|English:50|spanish:10,100,Portuguese:75|English:20|spanish:5,100,17,4,Bachelor's,10,10,10,6,7,9,4,20,7,17,Duolingo,150,,,,,22,25,C1,intermediate|advanced,intermediate|advanced,cambridge_22_25_intermediate_advanced,4,20,random,,241.26666259765625,1100.11669921875,265.26666259765625,1162.2333679199219,4,11,,,,,,,,,,,,2026-08-09T15:58:12.658Z,C99S394L,2026-08-09,2026-08-09,12:58:12,2026-08-09 12:58:12,,,,,,,,69eb8f1f108d9b87368ef89d,69eb8f1f108d9b87368ef89d,,,,
12868,raw_position_sample,2,2,int,10,2,2,3,48, million ,1145,256,720311,69eb8f1f108d9b87368ef89d,69eb8f1f108d9b87368ef89d,intermediate,2,69eb8f1f108d9b87368ef89d,69eb8f1f108d9b87368ef89d,spotlight_PROLIFIC,,42,brazil,Portuguese,"portuguese, english, spanish ",spanish,Portuguese:50|English:40|spanish:10,100,Portuguese:40|English:50|spanish:10,100,Portuguese:75|English:20|spanish:5,100,17,4,Bachelor's,10,10,10,6,7,9,4,20,7,17,Duolingo,150,,,,,22,25,C1,intermediate|advanced,intermediate|advanced,cambridge_22_25_intermediate_advanced,4,20,random,,241.26666259765625,1100.11669921875,265.26666259765625,1162.2333679199219,4,11,,,,,,,,,,,,2026-08-09T15:58:12.658Z,C99S394L,2026-08-09,2026-08-09,12:58:12,2026-08-09 12:58:12,,,,,,,,69eb8f1f108d9b87368ef89d,69eb8f1f108d9b87368ef89d,,,,
12918,raw_position_sample,2,2,int,10,2,2,3,48, million ,1153,255,720361,69eb8f1f108d9b87368ef89d,69eb8f1f108d9b87368ef89d,intermediate,2,69eb8f1f108d9b87368ef89d,69eb8f1f108d9b87368ef89d,spotlight_PROLIFIC,,42,brazil,Portuguese,"portuguese, english, spanish ",spanish,Portuguese:50|English:40|spanish:10,100,Portuguese:40|English:50|spanish:10,100,Portuguese:75|English:20|spanish:5,100,17,4,Bachelor's,10,10,10,6,7,9,4,20,7,17,Duolingo,150,,,,,22,25,C1,intermediate|advanced,intermediate|advanced,cambridge_22_25_intermediate_advanced,4,20,random,,241.26666259765625,1100.11669921875,265.26666259765625,1162.2333679199219,4,11,,,,,,,,,,,,2026-08-09T15:58:12.658Z,C99S394L,2026-08-09,2026-08-09,12:58:12,2026-08-09 12:58:12,,,,,,,,69eb8f1f108d9b87368ef89d,69eb8f1f108d9b87368ef89d,,,,
12968,raw_position_sample,2,2,int,10,2,2,3,48, million ,1154,255,720412,69eb8f1f108d9b87368ef89d,69eb8f1f108d9b87368ef89d,intermediate,2,69eb8f1f108d9b87368ef89d,69eb8f1f108d9b87368ef89d,spotlight_PROLIFIC,,42,brazil,Portuguese,"portuguese, english, spanish ",spanish,Portuguese:50|English:40|spanish:10,100,Portuguese:40|English:50|spanish:10,100,Portuguese:75|English:20|spanish:5,100,17,4,Bachelor's,10,10,10,6,7,9,4,20,7,17,Duolingo,150,,,,,22,25,C1,intermediate|advanced,intermediate|advanced,cambridge_22_25_intermediate_advanced,4,20,random,,241.26666259765625,1100.11669921875,265.26666259765625,1162.2333679199219,4,11,,,,,,,,,,,,2026-08-09T15:58:12.658Z,C99S394L,2026-08-09,2026-08-09,12:58:12,2026-08-09 12:58:12,,,,,,,,69eb8f1f108d9b87368ef89d,69eb8f1f108d9b87368ef89d,,,,
13019,raw_position_sample,2,2,int,10,2,2,3,48, million ,1162,254,720462,69eb8f1f108d9b87368ef89d,69eb8f1f108d9b87368ef89d,intermediate,2,69eb8f1f108d9b87368ef89d,69eb8f1f108d9b87368ef89d,spotlight_PROLIFIC,,42,brazil,Portuguese,"portuguese, english, spanish ",spanish,Portuguese:50|English:40|spanish:10,100,Portuguese:40|English:50|spanish:10,100,Portuguese:75|English:20|spanish:5,100,17,4,Bachelor's,10,10,10,6,7,9,4,20,7,17,Duolingo,150,,,,,22,25,C1,intermediate|advanced,intermediate|advanced,cambridge_22_25_intermediate_advanced,4,20,random,,241.26666259765625,1100.11669921875,265.26666259765625,1162.2333679199219,4,11,,,,,,,,,,,,2026-08-09T15:58:12.658Z,C99S394L,2026-08-09,2026-08-09,12:58:12,2026-08-09 12:58:12,,,,,,,,69eb8f1f108d9b87368ef89d,69eb8f1f108d9b87368ef89d,,,,
13033,hover_association,2,2,int,10,2,2,3,48, million ,1101,259,,69eb8f1f108d9b87368ef89d,69eb8f1f108d9b87368ef89d,intermediate,2,69eb8f1f108d9b87368ef89d,69eb8f1f108d9b87368ef89d,spotlight_PROLIFIC,,42,brazil,Portuguese,"portuguese, english, spanish ",spanish,Portuguese:50|English:40|spanish:10,100,Portuguese:40|English:50|spanish:10,100,Portuguese:75|English:20|spanish:5,100,17,4,Bachelor's,10,10,10,6,7,9,4,20,7,17,Duolingo,150,,,,,22,25,C1,intermediate|advanced,intermediate|advanced,cambridge_22_25_intermediate_advanced,4,20,random,,233.26666259765625,1100.1166763305664,273.26666259765625,1162.233383178711,4,11,hover,317,317,0.9962428275651913,0.5183334350585938,98,,,,,,2026-08-09T15:58:12.658Z,C99S394L,2026-08-09,2026-08-09,12:58:12,2026-08-09 12:58:12,,,,,,,,69eb8f1f108d9b87368ef89d,69eb8f1f108d9b87368ef89d,,,,
13069,raw_position_sample,2,2,int,10,2,2,3,49, people ,1212,253,720512,69eb8f1f108d9b87368ef89d,69eb8f1f108d9b87368ef89d,intermediate,2,69eb8f1f108d9b87368ef89d,69eb8f1f108d9b87368ef89d,spotlight_PROLIFIC,,42,brazil,Portuguese,"portuguese, english, spanish ",spanish,Portuguese:50|English:40|spanish:10,100,Portuguese:40|English:50|spanish:10,100,Portuguese:75|English:20|spanish:5,100,17,4,Bachelor's,10,10,10,6,7,9,4,20,7,17,Duolingo,150,,,,,22,25,C1,intermediate|advanced,intermediate|advanced,cambridge_22_25_intermediate_advanced,4,20,random,,241.26666259765625,1162.2333984375,265.26666259765625,1224.8833923339844,4,12,,,,,,,,,,,,2026-08-09T15:58:12.658Z,C99S394L,2026-08-09,2026-08-09,12:58:12,2026-08-09 12:58:12,,,,,,,,69eb8f1f108d9b87368ef89d,69eb8f1f108d9b87368ef89d,,,,
13083,hover_association,2,2,int,10,2,2,3,49, people ,1180,253,,69eb8f1f108d9b87368ef89d,69eb8f1f108d9b87368ef89d,intermediate,2,69eb8f1f108d9b87368ef89d,69eb8f1f108d9b87368ef89d,spotlight_PROLIFIC,,42,brazil,Portuguese,"portuguese, english, spanish ",spanish,Portuguese:50|English:40|spanish:10,100,Portuguese:40|English:50|spanish:10,100,Portuguese:75|English:20|spanish:5,100,17,4,Bachelor's,10,10,10,6,7,9,4,20,7,17,Duolingo,150,,,,,22,25,C1,intermediate|advanced,intermediate|advanced,cambridge_22_25_intermediate_advanced,4,20,random,,233.26666259765625,1162.233383178711,273.26666259765625,1224.8833465576172,4,12,hover,50,50,0.7943598708957121,0.49333343505859373,98,,,,,,2026-08-09T15:58:12.658Z,C99S394L,2026-08-09,2026-08-09,12:58:12,2026-08-09 12:58:12,,,,,,,,69eb8f1f108d9b87368ef89d,69eb8f1f108d9b87368ef89d,,,,
13116,hover_association,2,2,int,10,2,2,3,50, to ,1229,251,,69eb8f1f108d9b87368ef89d,69eb8f1f108d9b87368ef89d,intermediate,2,69eb8f1f108d9b87368ef89d,69eb8f1f108d9b87368ef89d,spotlight_PROLIFIC,,42,brazil,Portuguese,"portuguese, english, spanish ",spanish,Portuguese:50|English:40|spanish:10,100,Portuguese:40|English:50|spanish:10,100,Portuguese:75|English:20|spanish:5,100,17,4,Bachelor's,10,10,10,6,7,9,4,20,7,17,Duolingo,150,,,,,22,25,C1,intermediate|advanced,intermediate|advanced,cambridge_22_25_intermediate_advanced,4,20,random,,233.26666259765625,1224.8833465576172,273.26666259765625,1246.9499588012695,4,13,hover,33,33,0.7756810720823977,0.44333343505859374,98,,,,,,2026-08-09T15:58:12.658Z,C99S394L,2026-08-09,2026-08-09,12:58:12,2026-08-09 12:58:12,,,,,,,,69eb8f1f108d9b87368ef89d,69eb8f1f108d9b87368ef89d,,,,
13119,raw_position_sample,2,2,int,10,2,2,3,51, the ,1249,251,720562,69eb8f1f108d9b87368ef89d,69eb8f1f108d9b87368ef89d,intermediate,2,69eb8f1f108d9b87368ef89d,69eb8f1f108d9b87368ef89d,spotlight_PROLIFIC,,42,brazil,Portuguese,"portuguese, english, spanish ",spanish,Portuguese:50|English:40|spanish:10,100,Portuguese:40|English:50|spanish:10,100,Portuguese:75|English:20|spanish:5,100,17,4,Bachelor's,10,10,10,6,7,9,4,20,7,17,Duolingo,150,,,,,22,25,C1,intermediate|advanced,intermediate|advanced,cambridge_22_25_intermediate_advanced,4,20,random,,241.26666259765625,1246.949951171875,265.26666259765625,1274.7166137695312,4,14,,,,,,,,,,,,2026-08-09T15:58:12.658Z,C99S394L,2026-08-09,2026-08-09,12:58:12,2026-08-09 12:58:12,,,,,,,,69eb8f1f108d9b87368ef89d,69eb8f1f108d9b87368ef89d,,,,
13169,raw_position_sample,2,2,int,10,2,2,3,51, the ,1261,250,720612,69eb8f1f108d9b87368ef89d,69eb8f1f108d9b87368ef89d,intermediate,2,69eb8f1f108d9b87368ef89d,69eb8f1f108d9b87368ef89d,spotlight_PROLIFIC,,42,brazil,Portuguese,"portuguese, english, spanish ",spanish,Portuguese:50|English:40|spanish:10,100,Portuguese:40|English:50|spanish:10,100,Portuguese:75|English:20|spanish:5,100,17,4,Bachelor's,10,10,10,6,7,9,4,20,7,17,Duolingo,150,,,,,22,25,C1,intermediate|advanced,intermediate|advanced,cambridge_22_25_intermediate_advanced,4,20,random,,241.26666259765625,1246.949951171875,265.26666259765625,1274.7166137695312,4,14,,,,,,,,,,,,2026-08-09T15:58:12.658Z,C99S394L,2026-08-09,2026-08-09,12:58:12,2026-08-09 12:58:12,,,,,,,,69eb8f1f108d9b87368ef89d,69eb8f1f108d9b87368ef89d,,,,
13220,raw_position_sample,2,2,int,10,2,2,3,51, the ,1263,250,720663,69eb8f1f108d9b87368ef89d,69eb8f1f108d9b87368ef89d,intermediate,2,69eb8f1f108d9b87368ef89d,69eb8f1f108d9b87368ef89d,spotlight_PROLIFIC,,42,brazil,Portuguese,"portuguese, english, spanish ",spanish,Portuguese:50|English:40|spanish:10,100,Portuguese:40|English:50|spanish:10,100,Portuguese:75|English:20|spanish:5,100,17,4,Bachelor's,10,10,10,6,7,9,4,20,7,17,Duolingo,150,,,,,22,25,C1,intermediate|advanced,intermediate|advanced,cambridge_22_25_intermediate_advanced,4,20,random,,241.26666259765625,1246.949951171875,265.26666259765625,1274.7166137695312,4,14,,,,,,,,,,,,2026-08-09T15:58:12.658Z,C99S394L,2026-08-09,2026-08-09,12:58:12,2026-08-09 12:58:12,,,,,,,,69eb8f1f108d9b87368ef89d,69eb8f1f108d9b87368ef89d,,,,
13269,raw_position_sample,2,2,int,10,2,2,3,51, the ,1263,250,720713,69eb8f1f108d9b87368ef89d,69eb8f1f108d9b87368ef89d,intermediate,2,69eb8f1f108d9b87368ef89d,69eb8f1f108d9b87368ef89d,spotlight_PROLIFIC,,42,brazil,Portuguese,"portuguese, english, spanish ",spanish,Portuguese:50|English:40|spanish:10,100,Portuguese:40|English:50|spanish:10,100,Portuguese:75|English:20|spanish:5,100,17,4,Bachelor's,10,10,10,6,7,9,4,20,7,17,Duolingo,150,,,,,22,25,C1,intermediate|advanced,intermediate|advanced,cambridge_22_25_intermediate_advanced,4,20,random,,241.26666259765625,1246.949951171875,265.26666259765625,1274.7166137695312,4,14,,,,,,,,,,,,2026-08-09T15:58:12.658Z,C99S394L,2026-08-09,2026-08-09,12:58:12,2026-08-09 12:58:12,,,,,,,,69eb8f1f108d9b87368ef89d,69eb8f1f108d9b87368ef89d,,,,
13320,raw_position_sample,2,2,int,10,2,2,3,51, the ,1263,250,720763,69eb8f1f108d9b87368ef89d,69eb8f1f108d9b87368ef89d,intermediate,2,69eb8f1f108d9b87368ef89d,69eb8f1f108d9b87368ef89d,spotlight_PROLIFIC,,42,brazil,Portuguese,"portuguese, english, spanish ",spanish,Portuguese:50|English:40|spanish:10,100,Portuguese:40|English:50|spanish:10,100,Portuguese:75|English:20|spanish:5,100,17,4,Bachelor's,10,10,10,6,7,9,4,20,7,17,Duolingo,150,,,,,22,25,C1,intermediate|advanced,intermediate|advanced,cambridge_22_25_intermediate_advanced,4,20,random,,241.26666259765625,1246.949951171875,265.26666259765625,1274.7166137695312,4,14,,,,,,,,,,,,2026-08-09T15:58:12.658Z,C99S394L,2026-08-09,2026-08-09,12:58:12,2026-08-09 12:58:12,,,,,,,,69eb8f1f108d9b87368ef89d,69eb8f1f108d9b87368ef89d,,,,
13371,raw_position_sample,2,2,int,10,2,2,3,51, the ,1259,250,720814,69eb8f1f108d9b87368ef89d,69eb8f1f108d9b87368ef89d,intermediate,2,69eb8f1f108d9b87368ef89d,69eb8f1f108d9b87368ef89d,spotlight_PROLIFIC,,42,brazil,Portuguese,"portuguese, english, spanish ",spanish,Portuguese:50|English:40|spanish:10,100,Portuguese:40|English:50|spanish:10,100,Portuguese:75|English:20|spanish:5,100,17,4,Bachelor's,10,10,10,6,7,9,4,20,7,17,Duolingo,150,,,,,22,25,C1,intermediate|advanced,intermediate|advanced,cambridge_22_25_intermediate_advanced,4,20,random,,241.26666259765625,1246.949951171875,265.26666259765625,1274.7166137695312,4,14,,,,,,,,,,,,2026-08-09T15:58:12.658Z,C99S394L,2026-08-09,2026-08-09,12:58:12,2026-08-09 12:58:12,,,,,,,,69eb8f1f108d9b87368ef89d,69eb8f1f108d9b87368ef89d,,,,
13399,hover_association,2,2,int,10,2,2,3,51, the ,1249,251,,69eb8f1f108d9b87368ef89d,69eb8f1f108d9b87368ef89d,intermediate,2,69eb8f1f108d9b87368ef89d,69eb8f1f108d9b87368ef89d,spotlight_PROLIFIC,,42,brazil,Portuguese,"portuguese, english, spanish ",spanish,Portuguese:50|English:40|spanish:10,100,Portuguese:40|English:50|spanish:10,100,Portuguese:75|English:20|spanish:5,100,17,4,Bachelor's,10,10,10,6,7,9,4,20,7,17,Duolingo,150,,,,,22,25,C1,intermediate|advanced,intermediate|advanced,cambridge_22_25_intermediate_advanced,4,20,random,,233.26666259765625,1246.9499588012695,273.26666259765625,1278.3116134643556,4,14,hover,283,283,0.22479812607045446,0.41833343505859377,98,,,,,,2026-08-09T15:58:12.658Z,C99S394L,2026-08-09,2026-08-09,12:58:12,2026-08-09 12:58:12,,,,,,,,69eb8f1f108d9b87368ef89d,69eb8f1f108d9b87368ef89d,,,,
13416,hover_association,2,2,int,10,2,2,3,50, to ,1240,250,,69eb8f1f108d9b87368ef89d,69eb8f1f108d9b87368ef89d,intermediate,2,69eb8f1f108d9b87368ef89d,69eb8f1f108d9b87368ef89d,spotlight_PROLIFIC,,42,brazil,Portuguese,"portuguese, english, spanish ",spanish,Portuguese:50|English:40|spanish:10,100,Portuguese:40|English:50|spanish:10,100,Portuguese:75|English:20|spanish:5,100,17,4,Bachelor's,10,10,10,6,7,9,4,20,7,17,Duolingo,150,,,,,22,25,C1,intermediate|advanced,intermediate|advanced,cambridge_22_25_intermediate_advanced,4,20,random,,233.26666259765625,1224.8833465576172,273.26666259765625,1246.9499588012695,4,13,hover,18,18,0.6850464074625343,0.41833343505859377,98,,,,,,2026-08-09T15:58:12.658Z,C99S394L,2026-08-09,2026-08-09,12:58:12,2026-08-09 12:58:12,,,,,,,,69eb8f1f108d9b87368ef89d,69eb8f1f108d9b87368ef89d,,,,
13420,raw_position_sample,2,2,int,10,2,2,3,49, people ,1212,250,720864,69eb8f1f108d9b87368ef89d,69eb8f1f108d9b87368ef89d,intermediate,2,69eb8f1f108d9b87368ef89d,69eb8f1f108d9b87368ef89d,spotlight_PROLIFIC,,42,brazil,Portuguese,"portuguese, english, spanish ",spanish,Portuguese:50|English:40|spanish:10,100,Portuguese:40|English:50|spanish:10,100,Portuguese:75|English:20|spanish:5,100,17,4,Bachelor's,10,10,10,6,7,9,4,20,7,17,Duolingo,150,,,,,22,25,C1,intermediate|advanced,intermediate|advanced,cambridge_22_25_intermediate_advanced,4,20,random,,241.26666259765625,1162.2333984375,265.26666259765625,1224.8833923339844,4,12,,,,,,,,,,,,2026-08-09T15:58:12.658Z,C99S394L,2026-08-09,2026-08-09,12:58:12,2026-08-09 12:58:12,,,,,,,,69eb8f1f108d9b87368ef89d,69eb8f1f108d9b87368ef89d,,,,
13433,hover_association,2,2,int,10,2,2,3,49, people ,1212,250,,69eb8f1f108d9b87368ef89d,69eb8f1f108d9b87368ef89d,intermediate,2,69eb8f1f108d9b87368ef89d,69eb8f1f108d9b87368ef89d,spotlight_PROLIFIC,,42,brazil,Portuguese,"portuguese, english, spanish ",spanish,Portuguese:50|English:40|spanish:10,100,Portuguese:40|English:50|spanish:10,100,Portuguese:75|English:20|spanish:5,100,17,4,Bachelor's,10,10,10,6,7,9,4,20,7,17,Duolingo,150,,,,,22,25,C1,intermediate|advanced,intermediate|advanced,cambridge_22_25_intermediate_advanced,4,20,random,,233.26666259765625,1162.233383178711,273.26666259765625,1224.8833465576172,4,12,hover,16,16,0.7943598708957121,0.41833343505859377,98,,,,,,2026-08-09T15:58:12.658Z,C99S394L,2026-08-09,2026-08-09,12:58:12,2026-08-09 12:58:12,,,,,,,,69eb8f1f108d9b87368ef89d,69eb8f1f108d9b87368ef89d,,,,
13449,hover_association,2,2,int,10,2,2,3,48, million ,1132,252,,69eb8f1f108d9b87368ef89d,69eb8f1f108d9b87368ef89d,intermediate,2,69eb8f1f108d9b87368ef89d,69eb8f1f108d9b87368ef89d,spotlight_PROLIFIC,,42,brazil,Portuguese,"portuguese, english, spanish ",spanish,Portuguese:50|English:40|spanish:10,100,Portuguese:40|English:50|spanish:10,100,Portuguese:75|English:20|spanish:5,100,17,4,Bachelor's,10,10,10,6,7,9,4,20,7,17,Duolingo,150,,,,,22,25,C1,intermediate|advanced,intermediate|advanced,cambridge_22_25_intermediate_advanced,4,20,random,,233.26666259765625,1100.1166763305664,273.26666259765625,1162.233383178711,4,11,hover,17,17,0.5132809720157593,0.46833343505859376,98,,,,,,2026-08-09T15:58:12.658Z,C99S394L,2026-08-09,2026-08-09,12:58:12,2026-08-09 12:58:12,,,,,,,,69eb8f1f108d9b87368ef89d,69eb8f1f108d9b87368ef89d,,,,
13466,hover_association,2,2,int,10,2,2,3,47, one ,1078,258,,69eb8f1f108d9b87368ef89d,69eb8f1f108d9b87368ef89d,intermediate,2,69eb8f1f108d9b87368ef89d,69eb8f1f108d9b87368ef89d,spotlight_PROLIFIC,,42,brazil,Portuguese,"portuguese, english, spanish ",spanish,Portuguese:50|English:40|spanish:10,100,Portuguese:40|English:50|spanish:10,100,Portuguese:75|English:20|spanish:5,100,17,4,Bachelor's,10,10,10,6,7,9,4,20,7,17,Duolingo,150,,,,,22,25,C1,intermediate|advanced,intermediate|advanced,cambridge_22_25_intermediate_advanced,4,20,random,,233.26666259765625,1063.283302307129,273.26666259765625,1100.1166763305664,4,10,hover,16,16,0.39954791226854997,0.6183334350585937,98,,,,,,2026-08-09T15:58:12.658Z,C99S394L,2026-08-09,2026-08-09,12:58:12,2026-08-09 12:58:12,,,,,,,,69eb8f1f108d9b87368ef89d,69eb8f1f108d9b87368ef89d,,,,
13471,raw_position_sample,2,2,int,10,2,2,3,46, of ,1052,260,720915,69eb8f1f108d9b87368ef89d,69eb8f1f108d9b87368ef89d,intermediate,2,69eb8f1f108d9b87368ef89d,69eb8f1f108d9b87368ef89d,spotlight_PROLIFIC,,42,brazil,Portuguese,"portuguese, english, spanish ",spanish,Portuguese:50|English:40|spanish:10,100,Portuguese:40|English:50|spanish:10,100,Portuguese:75|English:20|spanish:5,100,17,4,Bachelor's,10,10,10,6,7,9,4,20,7,17,Duolingo,150,,,,,22,25,C1,intermediate|advanced,intermediate|advanced,cambridge_22_25_intermediate_advanced,4,20,random,,241.26666259765625,1041.5166015625,265.26666259765625,1063.2832794189453,4,9,,,,,,,,,,,,2026-08-09T15:58:12.658Z,C99S394L,2026-08-09,2026-08-09,12:58:12,2026-08-09 12:58:12,,,,,,,,69eb8f1f108d9b87368ef89d,69eb8f1f108d9b87368ef89d,,,,
13483,hover_association,2,2,int,10,2,2,3,46, of ,1052,260,,69eb8f1f108d9b87368ef89d,69eb8f1f108d9b87368ef89d,intermediate,2,69eb8f1f108d9b87368ef89d,69eb8f1f108d9b87368ef89d,spotlight_PROLIFIC,,42,brazil,Portuguese,"portuguese, english, spanish ",spanish,Portuguese:50|English:40|spanish:10,100,Portuguese:40|English:50|spanish:10,100,Portuguese:75|English:20|spanish:5,100,17,4,Bachelor's,10,10,10,6,7,9,4,20,7,17,Duolingo,150,,,,,22,25,C1,intermediate|advanced,intermediate|advanced,cambridge_22_25_intermediate_advanced,4,20,random,,233.26666259765625,1041.5166473388672,273.26666259765625,1063.283302307129,4,9,hover,17,17,0.4816244239833242,0.6683334350585938,98,,,,,,2026-08-09T15:58:12.658Z,C99S394L,2026-08-09,2026-08-09,12:58:12,2026-08-09 12:58:12,,,,,,,,69eb8f1f108d9b87368ef89d,69eb8f1f108d9b87368ef89d,,,,
13522,raw_position_sample,2,2,int,10,2,2,3,45, city ,1035,264,720965,69eb8f1f108d9b87368ef89d,69eb8f1f108d9b87368ef89d,intermediate,2,69eb8f1f108d9b87368ef89d,69eb8f1f108d9b87368ef89d,spotlight_PROLIFIC,,42,brazil,Portuguese,"portuguese, english, spanish ",spanish,Portuguese:50|English:40|spanish:10,100,Portuguese:40|English:50|spanish:10,100,Portuguese:75|English:20|spanish:5,100,17,4,Bachelor's,10,10,10,6,7,9,4,20,7,17,Duolingo,150,,,,,22,25,C1,intermediate|advanced,intermediate|advanced,cambridge_22_25_intermediate_advanced,4,20,random,,241.26666259765625,1007.86669921875,265.26666259765625,1041.5166931152344,4,8,,,,,,,,,,,,2026-08-09T15:58:12.658Z,C99S394L,2026-08-09,2026-08-09,12:58:12,2026-08-09 12:58:12,,,,,,,,69eb8f1f108d9b87368ef89d,69eb8f1f108d9b87368ef89d,,,,
13572,raw_position_sample,2,2,int,10,2,2,3,45, city ,1035,264,721015,69eb8f1f108d9b87368ef89d,69eb8f1f108d9b87368ef89d,intermediate,2,69eb8f1f108d9b87368ef89d,69eb8f1f108d9b87368ef89d,spotlight_PROLIFIC,,42,brazil,Portuguese,"portuguese, english, spanish ",spanish,Portuguese:50|English:40|spanish:10,100,Portuguese:40|English:50|spanish:10,100,Portuguese:75|English:20|spanish:5,100,17,4,Bachelor's,10,10,10,6,7,9,4,20,7,17,Duolingo,150,,,,,22,25,C1,intermediate|advanced,intermediate|advanced,cambridge_22_25_intermediate_advanced,4,20,random,,241.26666259765625,1007.86669921875,265.26666259765625,1041.5166931152344,4,8,,,,,,,,,,,,2026-08-09T15:58:12.658Z,C99S394L,2026-08-09,2026-08-09,12:58:12,2026-08-09 12:58:12,,,,,,,,69eb8f1f108d9b87368ef89d,69eb8f1f108d9b87368ef89d,,,,
13622,raw_position_sample,2,2,int,10,2,2,3,45, city ,1035,264,721066,69eb8f1f108d9b87368ef89d,69eb8f1f108d9b87368ef89d,intermediate,2,69eb8f1f108d9b87368ef89d,69eb8f1f108d9b87368ef89d,spotlight_PROLIFIC,,42,brazil,Portuguese,"portuguese, english, spanish ",spanish,Portuguese:50|English:40|spanish:10,100,Portuguese:40|English:50|spanish:10,100,Portuguese:75|English:20|spanish:5,100,17,4,Bachelor's,10,10,10,6,7,9,4,20,7,17,Duolingo,150,,,,,22,25,C1,intermediate|advanced,intermediate|advanced,cambridge_22_25_intermediate_advanced,4,20,random,,241.26666259765625,1007.86669921875,265.26666259765625,1041.5166931152344,4,8,,,,,,,,,,,,2026-08-09T15:58:12.658Z,C99S394L,2026-08-09,2026-08-09,12:58:12,2026-08-09 12:58:12,,,,,,,,69eb8f1f108d9b87368ef89d,69eb8f1f108d9b87368ef89d,,,,
13672,raw_position_sample,2,2,int,10,2,2,3,45, city ,1025,267,721115,69eb8f1f108d9b87368ef89d,69eb8f1f108d9b87368ef89d,intermediate,2,69eb8f1f108d9b87368ef89d,69eb8f1f108d9b87368ef89d,spotlight_PROLIFIC,,42,brazil,Portuguese,"portuguese, english, spanish ",spanish,Portuguese:50|English:40|spanish:10,100,Portuguese:40|English:50|spanish:10,100,Portuguese:75|English:20|spanish:5,100,17,4,Bachelor's,10,10,10,6,7,9,4,20,7,17,Duolingo,150,,,,,22,25,C1,intermediate|advanced,intermediate|advanced,cambridge_22_25_intermediate_advanced,4,20,random,,241.26666259765625,1007.86669921875,265.26666259765625,1041.5166931152344,4,8,,,,,,,,,,,,2026-08-09T15:58:12.658Z,C99S394L,2026-08-09,2026-08-09,12:58:12,2026-08-09 12:58:12,,,,,,,,69eb8f1f108d9b87368ef89d,69eb8f1f108d9b87368ef89d,,,,
13722,raw_position_sample,2,2,int,10,2,2,3,45, city ,1013,269,721165,69eb8f1f108d9b87368ef89d,69eb8f1f108d9b87368ef89d,intermediate,2,69eb8f1f108d9b87368ef89d,69eb8f1f108d9b87368ef89d,spotlight_PROLIFIC,,42,brazil,Portuguese,"portuguese, english, spanish ",spanish,Portuguese:50|English:40|spanish:10,100,Portuguese:40|English:50|spanish:10,100,Portuguese:75|English:20|spanish:5,100,17,4,Bachelor's,10,10,10,6,7,9,4,20,7,17,Duolingo,150,,,,,22,25,C1,intermediate|advanced,intermediate|advanced,cambridge_22_25_intermediate_advanced,4,20,random,,241.26666259765625,1007.86669921875,265.26666259765625,1041.5166931152344,4,8,,,,,,,,,,,,2026-08-09T15:58:12.658Z,C99S394L,2026-08-09,2026-08-09,12:58:12,2026-08-09 12:58:12,,,,,,,,69eb8f1f108d9b87368ef89d,69eb8f1f108d9b87368ef89d,,,,
13773,raw_position_sample,2,2,int,10,2,2,3,45, city ,1013,269,721216,69eb8f1f108d9b87368ef89d,69eb8f1f108d9b87368ef89d,intermediate,2,69eb8f1f108d9b87368ef89d,69eb8f1f108d9b87368ef89d,spotlight_PROLIFIC,,42,brazil,Portuguese,"portuguese, english, spanish ",spanish,Portuguese:50|English:40|spanish:10,100,Portuguese:40|English:50|spanish:10,100,Portuguese:75|English:20|spanish:5,100,17,4,Bachelor's,10,10,10,6,7,9,4,20,7,17,Duolingo,150,,,,,22,25,C1,intermediate|advanced,intermediate|advanced,cambridge_22_25_intermediate_advanced,4,20,random,,241.26666259765625,1007.86669921875,265.26666259765625,1041.5166931152344,4,8,,,,,,,,,,,,2026-08-09T15:58:12.658Z,C99S394L,2026-08-09,2026-08-09,12:58:12,2026-08-09 12:58:12,,,,,,,,69eb8f1f108d9b87368ef89d,69eb8f1f108d9b87368ef89d,,,,
13823,raw_position_sample,2,2,int,10,2,2,3,45, city ,1013,270,721266,69eb8f1f108d9b87368ef89d,69eb8f1f108d9b87368ef89d,intermediate,2,69eb8f1f108d9b87368ef89d,69eb8f1f108d9b87368ef89d,spotlight_PROLIFIC,,42,brazil,Portuguese,"portuguese, english, spanish ",spanish,Portuguese:50|English:40|spanish:10,100,Portuguese:40|English:50|spanish:10,100,Portuguese:75|English:20|spanish:5,100,17,4,Bachelor's,10,10,10,6,7,9,4,20,7,17,Duolingo,150,,,,,22,25,C1,intermediate|advanced,intermediate|advanced,cambridge_22_25_intermediate_advanced,4,20,random,,241.26666259765625,1007.86669921875,265.26666259765625,1041.5166931152344,4,8,,,,,,,,,,,,2026-08-09T15:58:12.658Z,C99S394L,2026-08-09,2026-08-09,12:58:12,2026-08-09 12:58:12,,,,,,,,69eb8f1f108d9b87368ef89d,69eb8f1f108d9b87368ef89d,,,,
13873,raw_position_sample,2,2,int,10,2,2,3,45, city ,1013,270,721316,69eb8f1f108d9b87368ef89d,69eb8f1f108d9b87368ef89d,intermediate,2,69eb8f1f108d9b87368ef89d,69eb8f1f108d9b87368ef89d,spotlight_PROLIFIC,,42,brazil,Portuguese,"portuguese, english, spanish ",spanish,Portuguese:50|English:40|spanish:10,100,Portuguese:40|English:50|spanish:10,100,Portuguese:75|English:20|spanish:5,100,17,4,Bachelor's,10,10,10,6,7,9,4,20,7,17,Duolingo,150,,,,,22,25,C1,intermediate|advanced,intermediate|advanced,cambridge_22_25_intermediate_advanced,4,20,random,,241.26666259765625,1007.86669921875,265.26666259765625,1041.5166931152344,4,8,,,,,,,,,,,,2026-08-09T15:58:12.658Z,C99S394L,2026-08-09,2026-08-09,12:58:12,2026-08-09 12:58:12,,,,,,,,69eb8f1f108d9b87368ef89d,69eb8f1f108d9b87368ef89d,,,,
13923,raw_position_sample,2,2,int,10,2,2,3,45, city ,1013,270,721367,69eb8f1f108d9b87368ef89d,69eb8f1f108d9b87368ef89d,intermediate,2,69eb8f1f108d9b87368ef89d,69eb8f1f108d9b87368ef89d,spotlight_PROLIFIC,,42,brazil,Portuguese,"portuguese, english, spanish ",spanish,Portuguese:50|English:40|spanish:10,100,Portuguese:40|English:50|spanish:10,100,Portuguese:75|English:20|spanish:5,100,17,4,Bachelor's,10,10,10,6,7,9,4,20,7,17,Duolingo,150,,,,,22,25,C1,intermediate|advanced,intermediate|advanced,cambridge_22_25_intermediate_advanced,4,20,random,,241.26666259765625,1007.86669921875,265.26666259765625,1041.5166931152344,4,8,,,,,,,,,,,,2026-08-09T15:58:12.658Z,C99S394L,2026-08-09,2026-08-09,12:58:12,2026-08-09 12:58:12,,,,,,,,69eb8f1f108d9b87368ef89d,69eb8f1f108d9b87368ef89d,,,,
13973,raw_position_sample,2,2,int,10,2,2,3,45, city ,1013,270,721417,69eb8f1f108d9b87368ef89d,69eb8f1f108d9b87368ef89d,intermediate,2,69eb8f1f108d9b87368ef89d,69eb8f1f108d9b87368ef89d,spotlight_PROLIFIC,,42,brazil,Portuguese,"portuguese, english, spanish ",spanish,Portuguese:50|English:40|spanish:10,100,Portuguese:40|English:50|spanish:10,100,Portuguese:75|English:20|spanish:5,100,17,4,Bachelor's,10,10,10,6,7,9,4,20,7,17,Duolingo,150,,,,,22,25,C1,intermediate|advanced,intermediate|advanced,cambridge_22_25_intermediate_advanced,4,20,random,,241.26666259765625,1007.86669921875,265.26666259765625,1041.5166931152344,4,8,,,,,,,,,,,,2026-08-09T15:58:12.658Z,C99S394L,2026-08-09,2026-08-09,12:58:12,2026-08-09 12:58:12,,,,,,,,69eb8f1f108d9b87368ef89d,69eb8f1f108d9b87368ef89d,,,,
14024,raw_position_sample,2,2,int,10,2,2,3,45, city ,1015,270,721468,69eb8f1f108d9b87368ef89d,69eb8f1f108d9b87368ef89d,intermediate,2,69eb8f1f108d9b87368ef89d,69eb8f1f108d9b87368ef89d,spotlight_PROLIFIC,,42,brazil,Portuguese,"portuguese, english, spanish ",spanish,Portuguese:50|English:40|spanish:10,100,Portuguese:40|English:50|spanish:10,100,Portuguese:75|English:20|spanish:5,100,17,4,Bachelor's,10,10,10,6,7,9,4,20,7,17,Duolingo,150,,,,,22,25,C1,intermediate|advanced,intermediate|advanced,cambridge_22_25_intermediate_advanced,4,20,random,,241.26666259765625,1007.86669921875,265.26666259765625,1041.5166931152344,4,8,,,,,,,,,,,,2026-08-09T15:58:12.658Z,C99S394L,2026-08-09,2026-08-09,12:58:12,2026-08-09 12:58:12,,,,,,,,69eb8f1f108d9b87368ef89d,69eb8f1f108d9b87368ef89d,,,,
14074,raw_position_sample,2,2,int,10,2,2,3,45, city ,1015,270,721518,69eb8f1f108d9b87368ef89d,69eb8f1f108d9b87368ef89d,intermediate,2,69eb8f1f108d9b87368ef89d,69eb8f1f108d9b87368ef89d,spotlight_PROLIFIC,,42,brazil,Portuguese,"portuguese, english, spanish ",spanish,Portuguese:50|English:40|spanish:10,100,Portuguese:40|English:50|spanish:10,100,Portuguese:75|English:20|spanish:5,100,17,4,Bachelor's,10,10,10,6,7,9,4,20,7,17,Duolingo,150,,,,,22,25,C1,intermediate|advanced,intermediate|advanced,cambridge_22_25_intermediate_advanced,4,20,random,,241.26666259765625,1007.86669921875,265.26666259765625,1041.5166931152344,4,8,,,,,,,,,,,,2026-08-09T15:58:12.658Z,C99S394L,2026-08-09,2026-08-09,12:58:12,2026-08-09 12:58:12,,,,,,,,69eb8f1f108d9b87368ef89d,69eb8f1f108d9b87368ef89d,,,,
14124,raw_position_sample,2,2,int,10,2,2,3,45, city ,1015,270,721568,69eb8f1f108d9b87368ef89d,69eb8f1f108d9b87368ef89d,intermediate,2,69eb8f1f108d9b87368ef89d,69eb8f1f108d9b87368ef89d,spotlight_PROLIFIC,,42,brazil,Portuguese,"portuguese, english, spanish ",spanish,Portuguese:50|English:40|spanish:10,100,Portuguese:40|English:50|spanish:10,100,Portuguese:75|English:20|spanish:5,100,17,4,Bachelor's,10,10,10,6,7,9,4,20,7,17,Duolingo,150,,,,,22,25,C1,intermediate|advanced,intermediate|advanced,cambridge_22_25_intermediate_advanced,4,20,random,,241.26666259765625,1007.86669921875,265.26666259765625,1041.5166931152344,4,8,,,,,,,,,,,,2026-08-09T15:58:12.658Z,C99S394L,2026-08-09,2026-08-09,12:58:12,2026-08-09 12:58:12,,,,,,,,69eb8f1f108d9b87368ef89d,69eb8f1f108d9b87368ef89d,,,,
14174,raw_position_sample,2,2,int,10,2,2,3,45, city ,1008,269,721618,69eb8f1f108d9b87368ef89d,69eb8f1f108d9b87368ef89d,intermediate,2,69eb8f1f108d9b87368ef89d,69eb8f1f108d9b87368ef89d,spotlight_PROLIFIC,,42,brazil,Portuguese,"portuguese, english, spanish ",spanish,Portuguese:50|English:40|spanish:10,100,Portuguese:40|English:50|spanish:10,100,Portuguese:75|English:20|spanish:5,100,17,4,Bachelor's,10,10,10,6,7,9,4,20,7,17,Duolingo,150,,,,,22,25,C1,intermediate|advanced,intermediate|advanced,cambridge_22_25_intermediate_advanced,4,20,random,,241.26666259765625,1007.86669921875,265.26666259765625,1041.5166931152344,4,8,,,,,,,,,,,,2026-08-09T15:58:12.658Z,C99S394L,2026-08-09,2026-08-09,12:58:12,2026-08-09 12:58:12,,,,,,,,69eb8f1f108d9b87368ef89d,69eb8f1f108d9b87368ef89d,,,,
14182,hover_association,2,2,int,10,2,2,3,45, city ,1039,262,,69eb8f1f108d9b87368ef89d,69eb8f1f108d9b87368ef89d,intermediate,2,69eb8f1f108d9b87368ef89d,69eb8f1f108d9b87368ef89d,spotlight_PROLIFIC,,42,brazil,Portuguese,"portuguese, english, spanish ",spanish,Portuguese:50|English:40|spanish:10,100,Portuguese:40|English:50|spanish:10,100,Portuguese:75|English:20|spanish:5,100,17,4,Bachelor's,10,10,10,6,7,9,4,20,7,17,Duolingo,150,,,,,22,25,C1,intermediate|advanced,intermediate|advanced,cambridge_22_25_intermediate_advanced,4,20,random,,233.26666259765625,1007.8666839599609,273.26666259765625,1041.5166473388672,4,8,hover,700,700,0.003961847997808899,0.8933334350585938,98,,,,,,2026-08-09T15:58:12.658Z,C99S394L,2026-08-09,2026-08-09,12:58:12,2026-08-09 12:58:12,,,,,,,,69eb8f1f108d9b87368ef89d,69eb8f1f108d9b87368ef89d,,,,
14225,raw_position_sample,2,2,int,10,2,2,3,44, Russian ,979,268,721668,69eb8f1f108d9b87368ef89d,69eb8f1f108d9b87368ef89d,intermediate,2,69eb8f1f108d9b87368ef89d,69eb8f1f108d9b87368ef89d,spotlight_PROLIFIC,,42,brazil,Portuguese,"portuguese, english, spanish ",spanish,Portuguese:50|English:40|spanish:10,100,Portuguese:40|English:50|spanish:10,100,Portuguese:75|English:20|spanish:5,100,17,4,Bachelor's,10,10,10,6,7,9,4,20,7,17,Duolingo,150,,,,,22,25,C1,intermediate|advanced,intermediate|advanced,cambridge_22_25_intermediate_advanced,4,20,random,,241.26666259765625,937.7666625976562,265.26666259765625,1007.8666687011719,4,7,,,,,,,,,,,,2026-08-09T15:58:12.658Z,C99S394L,2026-08-09,2026-08-09,12:58:12,2026-08-09 12:58:12,,,,,,,,69eb8f1f108d9b87368ef89d,69eb8f1f108d9b87368ef89d,,,,
14275,raw_position_sample,2,2,int,10,2,2,3,44, Russian ,979,268,721718,69eb8f1f108d9b87368ef89d,69eb8f1f108d9b87368ef89d,intermediate,2,69eb8f1f108d9b87368ef89d,69eb8f1f108d9b87368ef89d,spotlight_PROLIFIC,,42,brazil,Portuguese,"portuguese, english, spanish ",spanish,Portuguese:50|English:40|spanish:10,100,Portuguese:40|English:50|spanish:10,100,Portuguese:75|English:20|spanish:5,100,17,4,Bachelor's,10,10,10,6,7,9,4,20,7,17,Duolingo,150,,,,,22,25,C1,intermediate|advanced,intermediate|advanced,cambridge_22_25_intermediate_advanced,4,20,random,,241.26666259765625,937.7666625976562,265.26666259765625,1007.8666687011719,4,7,,,,,,,,,,,,2026-08-09T15:58:12.658Z,C99S394L,2026-08-09,2026-08-09,12:58:12,2026-08-09 12:58:12,,,,,,,,69eb8f1f108d9b87368ef89d,69eb8f1f108d9b87368ef89d,,,,
14325,raw_position_sample,2,2,int,10,2,2,3,44, Russian ,979,268,721769,69eb8f1f108d9b87368ef89d,69eb8f1f108d9b87368ef89d,intermediate,2,69eb8f1f108d9b87368ef89d,69eb8f1f108d9b87368ef89d,spotlight_PROLIFIC,,42,brazil,Portuguese,"portuguese, english, spanish ",spanish,Portuguese:50|English:40|spanish:10,100,Portuguese:40|English:50|spanish:10,100,Portuguese:75|English:20|spanish:5,100,17,4,Bachelor's,10,10,10,6,7,9,4,20,7,17,Duolingo,150,,,,,22,25,C1,intermediate|advanced,intermediate|advanced,cambridge_22_25_intermediate_advanced,4,20,random,,241.26666259765625,937.7666625976562,265.26666259765625,1007.8666687011719,4,7,,,,,,,,,,,,2026-08-09T15:58:12.658Z,C99S394L,2026-08-09,2026-08-09,12:58:12,2026-08-09 12:58:12,,,,,,,,69eb8f1f108d9b87368ef89d,69eb8f1f108d9b87368ef89d,,,,
14376,raw_position_sample,2,2,int,10,2,2,3,44, Russian ,979,268,721819,69eb8f1f108d9b87368ef89d,69eb8f1f108d9b87368ef89d,intermediate,2,69eb8f1f108d9b87368ef89d,69eb8f1f108d9b87368ef89d,spotlight_PROLIFIC,,42,brazil,Portuguese,"portuguese, english, spanish ",spanish,Portuguese:50|English:40|spanish:10,100,Portuguese:40|English:50|spanish:10,100,Portuguese:75|English:20|spanish:5,100,17,4,Bachelor's,10,10,10,6,7,9,4,20,7,17,Duolingo,150,,,,,22,25,C1,intermediate|advanced,intermediate|advanced,cambridge_22_25_intermediate_advanced,4,20,random,,241.26666259765625,937.7666625976562,265.26666259765625,1007.8666687011719,4,7,,,,,,,,,,,,2026-08-09T15:58:12.658Z,C99S394L,2026-08-09,2026-08-09,12:58:12,2026-08-09 12:58:12,,,,,,,,69eb8f1f108d9b87368ef89d,69eb8f1f108d9b87368ef89d,,,,
14426,raw_position_sample,2,2,int,10,2,2,3,44, Russian ,985,267,721869,69eb8f1f108d9b87368ef89d,69eb8f1f108d9b87368ef89d,intermediate,2,69eb8f1f108d9b87368ef89d,69eb8f1f108d9b87368ef89d,spotlight_PROLIFIC,,42,brazil,Portuguese,"portuguese, english, spanish ",spanish,Portuguese:50|English:40|spanish:10,100,Portuguese:40|English:50|spanish:10,100,Portuguese:75|English:20|spanish:5,100,17,4,Bachelor's,10,10,10,6,7,9,4,20,7,17,Duolingo,150,,,,,22,25,C1,intermediate|advanced,intermediate|advanced,cambridge_22_25_intermediate_advanced,4,20,random,,241.26666259765625,937.7666625976562,265.26666259765625,1007.8666687011719,4,7,,,,,,,,,,,,2026-08-09T15:58:12.658Z,C99S394L,2026-08-09,2026-08-09,12:58:12,2026-08-09 12:58:12,,,,,,,,69eb8f1f108d9b87368ef89d,69eb8f1f108d9b87368ef89d,,,,
14466,hover_association,2,2,int,10,2,2,3,44, Russian ,995,268,,69eb8f1f108d9b87368ef89d,69eb8f1f108d9b87368ef89d,intermediate,2,69eb8f1f108d9b87368ef89d,69eb8f1f108d9b87368ef89d,spotlight_PROLIFIC,,42,brazil,Portuguese,"portuguese, english, spanish ",spanish,Portuguese:50|English:40|spanish:10,100,Portuguese:40|English:50|spanish:10,100,Portuguese:75|English:20|spanish:5,100,17,4,Bachelor's,10,10,10,6,7,9,4,20,7,17,Duolingo,150,,,,,22,25,C1,intermediate|advanced,intermediate|advanced,cambridge_22_25_intermediate_advanced,4,20,random,,233.26666259765625,937.7666625976562,273.26666259765625,1007.8666839599609,4,7,hover,283,283,0.9591058047593912,0.7683334350585938,98,,,,,,2026-08-09T15:58:12.658Z,C99S394L,2026-08-09,2026-08-09,12:58:12,2026-08-09 12:58:12,,,,,,,,69eb8f1f108d9b87368ef89d,69eb8f1f108d9b87368ef89d,,,,
14476,raw_position_sample,2,2,int,10,2,2,3,45, city ,1018,263,721919,69eb8f1f108d9b87368ef89d,69eb8f1f108d9b87368ef89d,intermediate,2,69eb8f1f108d9b87368ef89d,69eb8f1f108d9b87368ef89d,spotlight_PROLIFIC,,42,brazil,Portuguese,"portuguese, english, spanish ",spanish,Portuguese:50|English:40|spanish:10,100,Portuguese:40|English:50|spanish:10,100,Portuguese:75|English:20|spanish:5,100,17,4,Bachelor's,10,10,10,6,7,9,4,20,7,17,Duolingo,150,,,,,22,25,C1,intermediate|advanced,intermediate|advanced,cambridge_22_25_intermediate_advanced,4,20,random,,241.26666259765625,1007.86669921875,265.26666259765625,1041.5166931152344,4,8,,,,,,,,,,,,2026-08-09T15:58:12.658Z,C99S394L,2026-08-09,2026-08-09,12:58:12,2026-08-09 12:58:12,,,,,,,,69eb8f1f108d9b87368ef89d,69eb8f1f108d9b87368ef89d,,,,
14499,hover_association,2,2,int,10,2,2,3,45, city ,1018,263,,69eb8f1f108d9b87368ef89d,69eb8f1f108d9b87368ef89d,intermediate,2,69eb8f1f108d9b87368ef89d,69eb8f1f108d9b87368ef89d,spotlight_PROLIFIC,,42,brazil,Portuguese,"portuguese, english, spanish ",spanish,Portuguese:50|English:40|spanish:10,100,Portuguese:40|English:50|spanish:10,100,Portuguese:75|English:20|spanish:5,100,17,4,Bachelor's,10,10,10,6,7,9,4,20,7,17,Duolingo,150,,,,,22,25,C1,intermediate|advanced,intermediate|advanced,cambridge_22_25_intermediate_advanced,4,20,random,,233.26666259765625,1007.8666839599609,273.26666259765625,1041.5166473388672,4,8,hover,33,33,0.7766224214205517,0.7183334350585937,98,,,,,,2026-08-09T15:58:12.658Z,C99S394L,2026-08-09,2026-08-09,12:58:12,2026-08-09 12:58:12,,,,,,,,69eb8f1f108d9b87368ef89d,69eb8f1f108d9b87368ef89d,,,,
14516,hover_association,2,2,int,10,2,2,3,46, of ,1051,261,,69eb8f1f108d9b87368ef89d,69eb8f1f108d9b87368ef89d,intermediate,2,69eb8f1f108d9b87368ef89d,69eb8f1f108d9b87368ef89d,spotlight_PROLIFIC,,42,brazil,Portuguese,"portuguese, english, spanish ",spanish,Portuguese:50|English:40|spanish:10,100,Portuguese:40|English:50|spanish:10,100,Portuguese:75|English:20|spanish:5,100,17,4,Bachelor's,10,10,10,6,7,9,4,20,7,17,Duolingo,150,,,,,22,25,C1,intermediate|advanced,intermediate|advanced,cambridge_22_25_intermediate_advanced,4,20,random,,233.26666259765625,1041.5166473388672,273.26666259765625,1063.283302307129,4,9,hover,17,17,0.4356825922476664,0.6933334350585938,98,,,,,,2026-08-09T15:58:12.658Z,C99S394L,2026-08-09,2026-08-09,12:58:12,2026-08-09 12:58:12,,,,,,,,69eb8f1f108d9b87368ef89d,69eb8f1f108d9b87368ef89d,,,,
14526,raw_position_sample,2,2,int,10,2,2,3,47, one ,1065,260,721970,69eb8f1f108d9b87368ef89d,69eb8f1f108d9b87368ef89d,intermediate,2,69eb8f1f108d9b87368ef89d,69eb8f1f108d9b87368ef89d,spotlight_PROLIFIC,,42,brazil,Portuguese,"portuguese, english, spanish ",spanish,Portuguese:50|English:40|spanish:10,100,Portuguese:40|English:50|spanish:10,100,Portuguese:75|English:20|spanish:5,100,17,4,Bachelor's,10,10,10,6,7,9,4,20,7,17,Duolingo,150,,,,,22,25,C1,intermediate|advanced,intermediate|advanced,cambridge_22_25_intermediate_advanced,4,20,random,,241.26666259765625,1063.2833251953125,265.26666259765625,1100.1166534423828,4,10,,,,,,,,,,,,2026-08-09T15:58:12.658Z,C99S394L,2026-08-09,2026-08-09,12:58:12,2026-08-09 12:58:12,,,,,,,,69eb8f1f108d9b87368ef89d,69eb8f1f108d9b87368ef89d,,,,
14577,raw_position_sample,2,2,int,10,2,2,3,47, one ,1098,255,722020,69eb8f1f108d9b87368ef89d,69eb8f1f108d9b87368ef89d,intermediate,2,69eb8f1f108d9b87368ef89d,69eb8f1f108d9b87368ef89d,spotlight_PROLIFIC,,42,brazil,Portuguese,"portuguese, english, spanish ",spanish,Portuguese:50|English:40|spanish:10,100,Portuguese:40|English:50|spanish:10,100,Portuguese:75|English:20|spanish:5,100,17,4,Bachelor's,10,10,10,6,7,9,4,20,7,17,Duolingo,150,,,,,22,25,C1,intermediate|advanced,intermediate|advanced,cambridge_22_25_intermediate_advanced,4,20,random,,241.26666259765625,1063.2833251953125,265.26666259765625,1100.1166534423828,4,10,,,,,,,,,,,,2026-08-09T15:58:12.658Z,C99S394L,2026-08-09,2026-08-09,12:58:12,2026-08-09 12:58:12,,,,,,,,69eb8f1f108d9b87368ef89d,69eb8f1f108d9b87368ef89d,,,,
14582,hover_association,2,2,int,10,2,2,3,47, one ,1065,260,,69eb8f1f108d9b87368ef89d,69eb8f1f108d9b87368ef89d,intermediate,2,69eb8f1f108d9b87368ef89d,69eb8f1f108d9b87368ef89d,spotlight_PROLIFIC,,42,brazil,Portuguese,"portuguese, english, spanish ",spanish,Portuguese:50|English:40|spanish:10,100,Portuguese:40|English:50|spanish:10,100,Portuguese:75|English:20|spanish:5,100,17,4,Bachelor's,10,10,10,6,7,9,4,20,7,17,Duolingo,150,,,,,22,25,C1,intermediate|advanced,intermediate|advanced,cambridge_22_25_intermediate_advanced,4,20,random,,233.26666259765625,1063.283302307129,273.26666259765625,1100.1166763305664,4,10,hover,67,67,0.9425337377667454,0.5433334350585938,98,,,,,,2026-08-09T15:58:12.658Z,C99S394L,2026-08-09,2026-08-09,12:58:12,2026-08-09 12:58:12,,,,,,,,69eb8f1f108d9b87368ef89d,69eb8f1f108d9b87368ef89d,,,,
14627,raw_position_sample,2,2,int,10,2,2,3,48, million ,1110,255,722071,69eb8f1f108d9b87368ef89d,69eb8f1f108d9b87368ef89d,intermediate,2,69eb8f1f108d9b87368ef89d,69eb8f1f108d9b87368ef89d,spotlight_PROLIFIC,,42,brazil,Portuguese,"portuguese, english, spanish ",spanish,Portuguese:50|English:40|spanish:10,100,Portuguese:40|English:50|spanish:10,100,Portuguese:75|English:20|spanish:5,100,17,4,Bachelor's,10,10,10,6,7,9,4,20,7,17,Duolingo,150,,,,,22,25,C1,intermediate|advanced,intermediate|advanced,cambridge_22_25_intermediate_advanced,4,20,random,,241.26666259765625,1100.11669921875,265.26666259765625,1162.2333679199219,4,11,,,,,,,,,,,,2026-08-09T15:58:12.658Z,C99S394L,2026-08-09,2026-08-09,12:58:12,2026-08-09 12:58:12,,,,,,,,69eb8f1f108d9b87368ef89d,69eb8f1f108d9b87368ef89d,,,,
14677,raw_position_sample,2,2,int,10,2,2,3,48, million ,1110,255,722121,69eb8f1f108d9b87368ef89d,69eb8f1f108d9b87368ef89d,intermediate,2,69eb8f1f108d9b87368ef89d,69eb8f1f108d9b87368ef89d,spotlight_PROLIFIC,,42,brazil,Portuguese,"portuguese, english, spanish ",spanish,Portuguese:50|English:40|spanish:10,100,Portuguese:40|English:50|spanish:10,100,Portuguese:75|English:20|spanish:5,100,17,4,Bachelor's,10,10,10,6,7,9,4,20,7,17,Duolingo,150,,,,,22,25,C1,intermediate|advanced,intermediate|advanced,cambridge_22_25_intermediate_advanced,4,20,random,,241.26666259765625,1100.11669921875,265.26666259765625,1162.2333679199219,4,11,,,,,,,,,,,,2026-08-09T15:58:12.658Z,C99S394L,2026-08-09,2026-08-09,12:58:12,2026-08-09 12:58:12,,,,,,,,69eb8f1f108d9b87368ef89d,69eb8f1f108d9b87368ef89d,,,,
14728,raw_position_sample,2,2,int,10,2,2,3,48, million ,1110,255,722172,69eb8f1f108d9b87368ef89d,69eb8f1f108d9b87368ef89d,intermediate,2,69eb8f1f108d9b87368ef89d,69eb8f1f108d9b87368ef89d,spotlight_PROLIFIC,,42,brazil,Portuguese,"portuguese, english, spanish ",spanish,Portuguese:50|English:40|spanish:10,100,Portuguese:40|English:50|spanish:10,100,Portuguese:75|English:20|spanish:5,100,17,4,Bachelor's,10,10,10,6,7,9,4,20,7,17,Duolingo,150,,,,,22,25,C1,intermediate|advanced,intermediate|advanced,cambridge_22_25_intermediate_advanced,4,20,random,,241.26666259765625,1100.11669921875,265.26666259765625,1162.2333679199219,4,11,,,,,,,,,,,,2026-08-09T15:58:12.658Z,C99S394L,2026-08-09,2026-08-09,12:58:12,2026-08-09 12:58:12,,,,,,,,69eb8f1f108d9b87368ef89d,69eb8f1f108d9b87368ef89d,,,,
14778,raw_position_sample,2,2,int,10,2,2,3,48, million ,1114,255,722222,69eb8f1f108d9b87368ef89d,69eb8f1f108d9b87368ef89d,intermediate,2,69eb8f1f108d9b87368ef89d,69eb8f1f108d9b87368ef89d,spotlight_PROLIFIC,,42,brazil,Portuguese,"portuguese, english, spanish ",spanish,Portuguese:50|English:40|spanish:10,100,Portuguese:40|English:50|spanish:10,100,Portuguese:75|English:20|spanish:5,100,17,4,Bachelor's,10,10,10,6,7,9,4,20,7,17,Duolingo,150,,,,,22,25,C1,intermediate|advanced,intermediate|advanced,cambridge_22_25_intermediate_advanced,4,20,random,,241.26666259765625,1100.11669921875,265.26666259765625,1162.2333679199219,4,11,,,,,,,,,,,,2026-08-09T15:58:12.658Z,C99S394L,2026-08-09,2026-08-09,12:58:12,2026-08-09 12:58:12,,,,,,,,69eb8f1f108d9b87368ef89d,69eb8f1f108d9b87368ef89d,,,,
14829,raw_position_sample,2,2,int,10,2,2,3,48, million ,1150,255,722272,69eb8f1f108d9b87368ef89d,69eb8f1f108d9b87368ef89d,intermediate,2,69eb8f1f108d9b87368ef89d,69eb8f1f108d9b87368ef89d,spotlight_PROLIFIC,,42,brazil,Portuguese,"portuguese, english, spanish ",spanish,Portuguese:50|English:40|spanish:10,100,Portuguese:40|English:50|spanish:10,100,Portuguese:75|English:20|spanish:5,100,17,4,Bachelor's,10,10,10,6,7,9,4,20,7,17,Duolingo,150,,,,,22,25,C1,intermediate|advanced,intermediate|advanced,cambridge_22_25_intermediate_advanced,4,20,random,,241.26666259765625,1100.11669921875,265.26666259765625,1162.2333679199219,4,11,,,,,,,,,,,,2026-08-09T15:58:12.658Z,C99S394L,2026-08-09,2026-08-09,12:58:12,2026-08-09 12:58:12,,,,,,,,69eb8f1f108d9b87368ef89d,69eb8f1f108d9b87368ef89d,,,,
14833,hover_association,2,2,int,10,2,2,3,48, million ,1105,255,,69eb8f1f108d9b87368ef89d,69eb8f1f108d9b87368ef89d,intermediate,2,69eb8f1f108d9b87368ef89d,69eb8f1f108d9b87368ef89d,spotlight_PROLIFIC,,42,brazil,Portuguese,"portuguese, english, spanish ",spanish,Portuguese:50|English:40|spanish:10,100,Portuguese:40|English:50|spanish:10,100,Portuguese:75|English:20|spanish:5,100,17,4,Bachelor's,10,10,10,6,7,9,4,20,7,17,Duolingo,150,,,,,22,25,C1,intermediate|advanced,intermediate|advanced,cambridge_22_25_intermediate_advanced,4,20,random,,233.26666259765625,1100.1166763305664,273.26666259765625,1162.233383178711,4,11,hover,250,250,0.8030580853454186,0.5433334350585938,98,,,,,,2026-08-09T15:58:12.658Z,C99S394L,2026-08-09,2026-08-09,12:58:12,2026-08-09 12:58:12,,,,,,,,69eb8f1f108d9b87368ef89d,69eb8f1f108d9b87368ef89d,,,,
14878,raw_position_sample,2,2,int,10,2,2,3,49, people ,1190,255,722322,69eb8f1f108d9b87368ef89d,69eb8f1f108d9b87368ef89d,intermediate,2,69eb8f1f108d9b87368ef89d,69eb8f1f108d9b87368ef89d,spotlight_PROLIFIC,,42,brazil,Portuguese,"portuguese, english, spanish ",spanish,Portuguese:50|English:40|spanish:10,100,Portuguese:40|English:50|spanish:10,100,Portuguese:75|English:20|spanish:5,100,17,4,Bachelor's,10,10,10,6,7,9,4,20,7,17,Duolingo,150,,,,,22,25,C1,intermediate|advanced,intermediate|advanced,cambridge_22_25_intermediate_advanced,4,20,random,,241.26666259765625,1162.2333984375,265.26666259765625,1224.8833923339844,4,12,,,,,,,,,,,,2026-08-09T15:58:12.658Z,C99S394L,2026-08-09,2026-08-09,12:58:12,2026-08-09 12:58:12,,,,,,,,69eb8f1f108d9b87368ef89d,69eb8f1f108d9b87368ef89d,,,,
14929,raw_position_sample,2,2,int,10,2,2,3,49, people ,1193,255,722372,69eb8f1f108d9b87368ef89d,69eb8f1f108d9b87368ef89d,intermediate,2,69eb8f1f108d9b87368ef89d,69eb8f1f108d9b87368ef89d,spotlight_PROLIFIC,,42,brazil,Portuguese,"portuguese, english, spanish ",spanish,Portuguese:50|English:40|spanish:10,100,Portuguese:40|English:50|spanish:10,100,Portuguese:75|English:20|spanish:5,100,17,4,Bachelor's,10,10,10,6,7,9,4,20,7,17,Duolingo,150,,,,,22,25,C1,intermediate|advanced,intermediate|advanced,cambridge_22_25_intermediate_advanced,4,20,random,,241.26666259765625,1162.2333984375,265.26666259765625,1224.8833923339844,4,12,,,,,,,,,,,,2026-08-09T15:58:12.658Z,C99S394L,2026-08-09,2026-08-09,12:58:12,2026-08-09 12:58:12,,,,,,,,69eb8f1f108d9b87368ef89d,69eb8f1f108d9b87368ef89d,,,,
14979,raw_position_sample,2,2,int,10,2,2,3,49, people ,1200,255,722423,69eb8f1f108d9b87368ef89d,69eb8f1f108d9b87368ef89d,intermediate,2,69eb8f1f108d9b87368ef89d,69eb8f1f108d9b87368ef89d,spotlight_PROLIFIC,,42,brazil,Portuguese,"portuguese, english, spanish ",spanish,Portuguese:50|English:40|spanish:10,100,Portuguese:40|English:50|spanish:10,100,Portuguese:75|English:20|spanish:5,100,17,4,Bachelor's,10,10,10,6,7,9,4,20,7,17,Duolingo,150,,,,,22,25,C1,intermediate|advanced,intermediate|advanced,cambridge_22_25_intermediate_advanced,4,20,random,,241.26666259765625,1162.2333984375,265.26666259765625,1224.8833923339844,4,12,,,,,,,,,,,,2026-08-09T15:58:12.658Z,C99S394L,2026-08-09,2026-08-09,12:58:12,2026-08-09 12:58:12,,,,,,,,69eb8f1f108d9b87368ef89d,69eb8f1f108d9b87368ef89d,,,,
15029,raw_position_sample,2,2,int,10,2,2,3,49, people ,1218,253,722473,69eb8f1f108d9b87368ef89d,69eb8f1f108d9b87368ef89d,intermediate,2,69eb8f1f108d9b87368ef89d,69eb8f1f108d9b87368ef89d,spotlight_PROLIFIC,,42,brazil,Portuguese,"portuguese, english, spanish ",spanish,Portuguese:50|English:40|spanish:10,100,Portuguese:40|English:50|spanish:10,100,Portuguese:75|English:20|spanish:5,100,17,4,Bachelor's,10,10,10,6,7,9,4,20,7,17,Duolingo,150,,,,,22,25,C1,intermediate|advanced,intermediate|advanced,cambridge_22_25_intermediate_advanced,4,20,random,,241.26666259765625,1162.2333984375,265.26666259765625,1224.8833923339844,4,12,,,,,,,,,,,,2026-08-09T15:58:12.658Z,C99S394L,2026-08-09,2026-08-09,12:58:12,2026-08-09 12:58:12,,,,,,,,69eb8f1f108d9b87368ef89d,69eb8f1f108d9b87368ef89d,,,,
15049,hover_association,2,2,int,10,2,2,3,49, people ,1168,255,,69eb8f1f108d9b87368ef89d,69eb8f1f108d9b87368ef89d,intermediate,2,69eb8f1f108d9b87368ef89d,69eb8f1f108d9b87368ef89d,spotlight_PROLIFIC,,42,brazil,Portuguese,"portuguese, english, spanish ",spanish,Portuguese:50|English:40|spanish:10,100,Portuguese:40|English:50|spanish:10,100,Portuguese:75|English:20|spanish:5,100,17,4,Bachelor's,10,10,10,6,7,9,4,20,7,17,Duolingo,150,,,,,22,25,C1,intermediate|advanced,intermediate|advanced,cambridge_22_25_intermediate_advanced,4,20,random,,233.26666259765625,1162.233383178711,273.26666259765625,1224.8833465576172,4,12,hover,216,216,0.9699385848603497,0.49333343505859373,98,,,,,,2026-08-09T15:58:12.658Z,C99S394L,2026-08-09,2026-08-09,12:58:12,2026-08-09 12:58:12,,,,,,,,69eb8f1f108d9b87368ef89d,69eb8f1f108d9b87368ef89d,,,,
15079,raw_position_sample,2,2,int,10,2,2,3,50, to ,1229,252,722523,69eb8f1f108d9b87368ef89d,69eb8f1f108d9b87368ef89d,intermediate,2,69eb8f1f108d9b87368ef89d,69eb8f1f108d9b87368ef89d,spotlight_PROLIFIC,,42,brazil,Portuguese,"portuguese, english, spanish ",spanish,Portuguese:50|English:40|spanish:10,100,Portuguese:40|English:50|spanish:10,100,Portuguese:75|English:20|spanish:5,100,17,4,Bachelor's,10,10,10,6,7,9,4,20,7,17,Duolingo,150,,,,,22,25,C1,intermediate|advanced,intermediate|advanced,cambridge_22_25_intermediate_advanced,4,20,random,,241.26666259765625,1224.88330078125,265.26666259765625,1246.949966430664,4,13,,,,,,,,,,,,2026-08-09T15:58:12.658Z,C99S394L,2026-08-09,2026-08-09,12:58:12,2026-08-09 12:58:12,,,,,,,,69eb8f1f108d9b87368ef89d,69eb8f1f108d9b87368ef89d,,,,
15130,raw_position_sample,2,2,int,10,2,2,3,50, to ,1229,252,722573,69eb8f1f108d9b87368ef89d,69eb8f1f108d9b87368ef89d,intermediate,2,69eb8f1f108d9b87368ef89d,69eb8f1f108d9b87368ef89d,spotlight_PROLIFIC,,42,brazil,Portuguese,"portuguese, english, spanish ",spanish,Portuguese:50|English:40|spanish:10,100,Portuguese:40|English:50|spanish:10,100,Portuguese:75|English:20|spanish:5,100,17,4,Bachelor's,10,10,10,6,7,9,4,20,7,17,Duolingo,150,,,,,22,25,C1,intermediate|advanced,intermediate|advanced,cambridge_22_25_intermediate_advanced,4,20,random,,241.26666259765625,1224.88330078125,265.26666259765625,1246.949966430664,4,13,,,,,,,,,,,,2026-08-09T15:58:12.658Z,C99S394L,2026-08-09,2026-08-09,12:58:12,2026-08-09 12:58:12,,,,,,,,69eb8f1f108d9b87368ef89d,69eb8f1f108d9b87368ef89d,,,,
15180,raw_position_sample,2,2,int,10,2,2,3,50, to ,1229,252,722623,69eb8f1f108d9b87368ef89d,69eb8f1f108d9b87368ef89d,intermediate,2,69eb8f1f108d9b87368ef89d,69eb8f1f108d9b87368ef89d,spotlight_PROLIFIC,,42,brazil,Portuguese,"portuguese, english, spanish ",spanish,Portuguese:50|English:40|spanish:10,100,Portuguese:40|English:50|spanish:10,100,Portuguese:75|English:20|spanish:5,100,17,4,Bachelor's,10,10,10,6,7,9,4,20,7,17,Duolingo,150,,,,,22,25,C1,intermediate|advanced,intermediate|advanced,cambridge_22_25_intermediate_advanced,4,20,random,,241.26666259765625,1224.88330078125,265.26666259765625,1246.949966430664,4,13,,,,,,,,,,,,2026-08-09T15:58:12.658Z,C99S394L,2026-08-09,2026-08-09,12:58:12,2026-08-09 12:58:12,,,,,,,,69eb8f1f108d9b87368ef89d,69eb8f1f108d9b87368ef89d,,,,
15230,raw_position_sample,2,2,int,10,2,2,3,50, to ,1230,252,722674,69eb8f1f108d9b87368ef89d,69eb8f1f108d9b87368ef89d,intermediate,2,69eb8f1f108d9b87368ef89d,69eb8f1f108d9b87368ef89d,spotlight_PROLIFIC,,42,brazil,Portuguese,"portuguese, english, spanish ",spanish,Portuguese:50|English:40|spanish:10,100,Portuguese:40|English:50|spanish:10,100,Portuguese:75|English:20|spanish:5,100,17,4,Bachelor's,10,10,10,6,7,9,4,20,7,17,Duolingo,150,,,,,22,25,C1,intermediate|advanced,intermediate|advanced,cambridge_22_25_intermediate_advanced,4,20,random,,241.26666259765625,1224.88330078125,265.26666259765625,1246.949966430664,4,13,,,,,,,,,,,,2026-08-09T15:58:12.658Z,C99S394L,2026-08-09,2026-08-09,12:58:12,2026-08-09 12:58:12,,,,,,,,69eb8f1f108d9b87368ef89d,69eb8f1f108d9b87368ef89d,,,,
15281,raw_position_sample,2,2,int,10,2,2,3,50, to ,1230,252,722724,69eb8f1f108d9b87368ef89d,69eb8f1f108d9b87368ef89d,intermediate,2,69eb8f1f108d9b87368ef89d,69eb8f1f108d9b87368ef89d,spotlight_PROLIFIC,,42,brazil,Portuguese,"portuguese, english, spanish ",spanish,Portuguese:50|English:40|spanish:10,100,Portuguese:40|English:50|spanish:10,100,Portuguese:75|English:20|spanish:5,100,17,4,Bachelor's,10,10,10,6,7,9,4,20,7,17,Duolingo,150,,,,,22,25,C1,intermediate|advanced,intermediate|advanced,cambridge_22_25_intermediate_advanced,4,20,random,,241.26666259765625,1224.88330078125,265.26666259765625,1246.949966430664,4,13,,,,,,,,,,,,2026-08-09T15:58:12.658Z,C99S394L,2026-08-09,2026-08-09,12:58:12,2026-08-09 12:58:12,,,,,,,,69eb8f1f108d9b87368ef89d,69eb8f1f108d9b87368ef89d,,,,
15331,raw_position_sample,2,2,int,10,2,2,3,50, to ,1225,252,722774,69eb8f1f108d9b87368ef89d,69eb8f1f108d9b87368ef89d,intermediate,2,69eb8f1f108d9b87368ef89d,69eb8f1f108d9b87368ef89d,spotlight_PROLIFIC,,42,brazil,Portuguese,"portuguese, english, spanish ",spanish,Portuguese:50|English:40|spanish:10,100,Portuguese:40|English:50|spanish:10,100,Portuguese:75|English:20|spanish:5,100,17,4,Bachelor's,10,10,10,6,7,9,4,20,7,17,Duolingo,150,,,,,22,25,C1,intermediate|advanced,intermediate|advanced,cambridge_22_25_intermediate_advanced,4,20,random,,241.26666259765625,1224.88330078125,265.26666259765625,1246.949966430664,4,13,,,,,,,,,,,,2026-08-09T15:58:12.658Z,C99S394L,2026-08-09,2026-08-09,12:58:12,2026-08-09 12:58:12,,,,,,,,69eb8f1f108d9b87368ef89d,69eb8f1f108d9b87368ef89d,,,,
15332,hover_association,2,2,int,10,2,2,3,50, to ,1229,252,,69eb8f1f108d9b87368ef89d,69eb8f1f108d9b87368ef89d,intermediate,2,69eb8f1f108d9b87368ef89d,69eb8f1f108d9b87368ef89d,spotlight_PROLIFIC,,42,brazil,Portuguese,"portuguese, english, spanish ",spanish,Portuguese:50|English:40|spanish:10,100,Portuguese:40|English:50|spanish:10,100,Portuguese:75|English:20|spanish:5,100,17,4,Bachelor's,10,10,10,6,7,9,4,20,7,17,Duolingo,150,,,,,22,25,C1,intermediate|advanced,intermediate|advanced,cambridge_22_25_intermediate_advanced,4,20,random,,233.26666259765625,1224.8833465576172,273.26666259765625,1246.9499588012695,4,13,hover,284,284,0.00528642281355938,0.46833343505859376,98,,,,,,2026-08-09T15:58:12.658Z,C99S394L,2026-08-09,2026-08-09,12:58:12,2026-08-09 12:58:12,,,,,,,,69eb8f1f108d9b87368ef89d,69eb8f1f108d9b87368ef89d,,,,
15366,hover_association,2,2,int,10,2,2,3,49, people ,1215,252,,69eb8f1f108d9b87368ef89d,69eb8f1f108d9b87368ef89d,intermediate,2,69eb8f1f108d9b87368ef89d,69eb8f1f108d9b87368ef89d,spotlight_PROLIFIC,,42,brazil,Portuguese,"portuguese, english, spanish ",spanish,Portuguese:50|English:40|spanish:10,100,Portuguese:40|English:50|spanish:10,100,Portuguese:75|English:20|spanish:5,100,17,4,Bachelor's,10,10,10,6,7,9,4,20,7,17,Duolingo,150,,,,,22,25,C1,intermediate|advanced,intermediate|advanced,cambridge_22_25_intermediate_advanced,4,20,random,,233.26666259765625,1162.233383178711,273.26666259765625,1224.8833465576172,4,12,hover,33,33,0.39531733915789946,0.46833343505859376,98,,,,,,2026-08-09T15:58:12.658Z,C99S394L,2026-08-09,2026-08-09,12:58:12,2026-08-09 12:58:12,,,,,,,,69eb8f1f108d9b87368ef89d,69eb8f1f108d9b87368ef89d,,,,
15381,raw_position_sample,2,2,int,10,2,2,3,48, million ,1119,252,722824,69eb8f1f108d9b87368ef89d,69eb8f1f108d9b87368ef89d,intermediate,2,69eb8f1f108d9b87368ef89d,69eb8f1f108d9b87368ef89d,spotlight_PROLIFIC,,42,brazil,Portuguese,"portuguese, english, spanish ",spanish,Portuguese:50|English:40|spanish:10,100,Portuguese:40|English:50|spanish:10,100,Portuguese:75|English:20|spanish:5,100,17,4,Bachelor's,10,10,10,6,7,9,4,20,7,17,Duolingo,150,,,,,22,25,C1,intermediate|advanced,intermediate|advanced,cambridge_22_25_intermediate_advanced,4,20,random,,241.26666259765625,1100.11669921875,265.26666259765625,1162.2333679199219,4,11,,,,,,,,,,,,2026-08-09T15:58:12.658Z,C99S394L,2026-08-09,2026-08-09,12:58:12,2026-08-09 12:58:12,,,,,,,,69eb8f1f108d9b87368ef89d,69eb8f1f108d9b87368ef89d,,,,
15383,hover_association,2,2,int,10,2,2,3,48, million ,1119,252,,69eb8f1f108d9b87368ef89d,69eb8f1f108d9b87368ef89d,intermediate,2,69eb8f1f108d9b87368ef89d,69eb8f1f108d9b87368ef89d,spotlight_PROLIFIC,,42,brazil,Portuguese,"portuguese, english, spanish ",spanish,Portuguese:50|English:40|spanish:10,100,Portuguese:40|English:50|spanish:10,100,Portuguese:75|English:20|spanish:5,100,17,4,Bachelor's,10,10,10,6,7,9,4,20,7,17,Duolingo,150,,,,,22,25,C1,intermediate|advanced,intermediate|advanced,cambridge_22_25_intermediate_advanced,4,20,random,,233.26666259765625,1100.1166763305664,273.26666259765625,1162.233383178711,4,11,hover,17,17,0.303997501277672,0.46833343505859376,98,,,,,,2026-08-09T15:58:12.658Z,C99S394L,2026-08-09,2026-08-09,12:58:12,2026-08-09 12:58:12,,,,,,,,69eb8f1f108d9b87368ef89d,69eb8f1f108d9b87368ef89d,,,,
15399,hover_association,2,2,int,10,2,2,3,45, city ,1017,257,,69eb8f1f108d9b87368ef89d,69eb8f1f108d9b87368ef89d,intermediate,2,69eb8f1f108d9b87368ef89d,69eb8f1f108d9b87368ef89d,spotlight_PROLIFIC,,42,brazil,Portuguese,"portuguese, english, spanish ",spanish,Portuguese:50|English:40|spanish:10,100,Portuguese:40|English:50|spanish:10,100,Portuguese:75|English:20|spanish:5,100,17,4,Bachelor's,10,10,10,6,7,9,4,20,7,17,Duolingo,150,,,,,22,25,C1,intermediate|advanced,intermediate|advanced,cambridge_22_25_intermediate_advanced,4,20,random,,233.26666259765625,1007.8666839599609,273.26666259765625,1041.5166473388672,4,8,hover,17,17,0.2714212772595276,0.5933334350585937,98,,,,,,2026-08-09T15:58:12.658Z,C99S394L,2026-08-09,2026-08-09,12:58:12,2026-08-09 12:58:12,,,,,,,,69eb8f1f108d9b87368ef89d,69eb8f1f108d9b87368ef89d,,,,
15416,hover_association,2,2,int,10,2,2,3,42," Chelyabinsk, ",895,258,,69eb8f1f108d9b87368ef89d,69eb8f1f108d9b87368ef89d,intermediate,2,69eb8f1f108d9b87368ef89d,69eb8f1f108d9b87368ef89d,spotlight_PROLIFIC,,42,brazil,Portuguese,"portuguese, english, spanish ",spanish,Portuguese:50|English:40|spanish:10,100,Portuguese:40|English:50|spanish:10,100,Portuguese:75|English:20|spanish:5,100,17,4,Bachelor's,10,10,10,6,7,9,4,20,7,17,Duolingo,150,,,,,22,25,C1,intermediate|advanced,intermediate|advanced,cambridge_22_25_intermediate_advanced,4,20,random,,233.26666259765625,811.8333053588867,273.26666259765625,922.9833297729492,4,5,hover,16,16,0.7482382039908142,0.6183334350585937,98,,,,,,2026-08-09T15:58:12.658Z,C99S394L,2026-08-09,2026-08-09,12:58:12,2026-08-09 12:58:12,,,,,,,,69eb8f1f108d9b87368ef89d,69eb8f1f108d9b87368ef89d,,,,
15432,raw_position_sample,2,2,int,10,2,2,3,40, panic ,768,263,722875,69eb8f1f108d9b87368ef89d,69eb8f1f108d9b87368ef89d,intermediate,2,69eb8f1f108d9b87368ef89d,69eb8f1f108d9b87368ef89d,spotlight_PROLIFIC,,42,brazil,Portuguese,"portuguese, english, spanish ",spanish,Portuguese:50|English:40|spanish:10,100,Portuguese:40|English:50|spanish:10,100,Portuguese:75|English:20|spanish:5,100,17,4,Bachelor's,10,10,10,6,7,9,4,20,7,17,Duolingo,150,,,,,22,25,C1,intermediate|advanced,intermediate|advanced,cambridge_22_25_intermediate_advanced,4,20,random,,241.26666259765625,741.13330078125,265.26666259765625,791.38330078125,4,3,,,,,,,,,,,,2026-08-09T15:58:12.658Z,C99S394L,2026-08-09,2026-08-09,12:58:12,2026-08-09 12:58:12,,,,,,,,69eb8f1f108d9b87368ef89d,69eb8f1f108d9b87368ef89d,,,,
15432,hover_association,2,2,int,10,2,2,3,40, panic ,768,263,,69eb8f1f108d9b87368ef89d,69eb8f1f108d9b87368ef89d,intermediate,2,69eb8f1f108d9b87368ef89d,69eb8f1f108d9b87368ef89d,spotlight_PROLIFIC,,42,brazil,Portuguese,"portuguese, english, spanish ",spanish,Portuguese:50|English:40|spanish:10,100,Portuguese:40|English:50|spanish:10,100,Portuguese:75|English:20|spanish:5,100,17,4,Bachelor's,10,10,10,6,7,9,4,20,7,17,Duolingo,150,,,,,22,25,C1,intermediate|advanced,intermediate|advanced,cambridge_22_25_intermediate_advanced,4,20,random,,233.26666259765625,741.1333160400391,273.26666259765625,791.38330078125,4,3,hover,16,16,0.534660539666335,0.7433334350585937,98,,,,,,2026-08-09T15:58:12.658Z,C99S394L,2026-08-09,2026-08-09,12:58:12,2026-08-09 12:58:12,,,,,,,,69eb8f1f108d9b87368ef89d,69eb8f1f108d9b87368ef89d,,,,
15449,hover_association,2,2,int,10,2,2,3,38, event ,632,263,,69eb8f1f108d9b87368ef89d,69eb8f1f108d9b87368ef89d,intermediate,2,69eb8f1f108d9b87368ef89d,69eb8f1f108d9b87368ef89d,spotlight_PROLIFIC,,42,brazil,Portuguese,"portuguese, english, spanish ",spanish,Portuguese:50|English:40|spanish:10,100,Portuguese:40|English:50|spanish:10,100,Portuguese:75|English:20|spanish:5,100,17,4,Bachelor's,10,10,10,6,7,9,4,20,7,17,Duolingo,150,,,,,22,25,C1,intermediate|advanced,intermediate|advanced,cambridge_22_25_intermediate_advanced,4,20,random,,233.26666259765625,621.7716995239258,273.26666259765625,676.7666778564453,4,1,hover,17,17,0.18598608066049588,0.7433334350585937,98,,,,,,2026-08-09T15:58:12.658Z,C99S394L,2026-08-09,2026-08-09,12:58:12,2026-08-09 12:58:12,,,,,,,,69eb8f1f108d9b87368ef89d,69eb8f1f108d9b87368ef89d,,,,
15482,raw_position_sample,2,2,int,10,2,2,3,-1,999,563,263,722924,69eb8f1f108d9b87368ef89d,69eb8f1f108d9b87368ef89d,intermediate,2,69eb8f1f108d9b87368ef89d,69eb8f1f108d9b87368ef89d,spotlight_PROLIFIC,,42,brazil,Portuguese,"portuguese, english, spanish ",spanish,Portuguese:50|English:40|spanish:10,100,Portuguese:40|English:50|spanish:10,100,Portuguese:75|English:20|spanish:5,100,17,4,Bachelor's,10,10,10,6,7,9,4,20,7,17,Duolingo,150,,,,,22,25,C1,intermediate|advanced,intermediate|advanced,cambridge_22_25_intermediate_advanced,4,20,random,,,,,,,,,,,,,,,,,,,2026-08-09T15:58:12.658Z,C99S394L,2026-08-09,2026-08-09,12:58:12,2026-08-09 12:58:12,,,,,,,,69eb8f1f108d9b87368ef89d,69eb8f1f108d9b87368ef89d,,,,
15532,raw_position_sample,2,2,int,10,2,2,3,-1,999,562,264,722976,69eb8f1f108d9b87368ef89d,69eb8f1f108d9b87368ef89d,intermediate,2,69eb8f1f108d9b87368ef89d,69eb8f1f108d9b87368ef89d,spotlight_PROLIFIC,,42,brazil,Portuguese,"portuguese, english, spanish ",spanish,Portuguese:50|English:40|spanish:10,100,Portuguese:40|English:50|spanish:10,100,Portuguese:75|English:20|spanish:5,100,17,4,Bachelor's,10,10,10,6,7,9,4,20,7,17,Duolingo,150,,,,,22,25,C1,intermediate|advanced,intermediate|advanced,cambridge_22_25_intermediate_advanced,4,20,random,,,,,,,,,,,,,,,,,,,2026-08-09T15:58:12.658Z,C99S394L,2026-08-09,2026-08-09,12:58:12,2026-08-09 12:58:12,,,,,,,,69eb8f1f108d9b87368ef89d,69eb8f1f108d9b87368ef89d,,,,
15582,raw_position_sample,2,2,int,10,2,2,3,-1,999,559,264,723026,69eb8f1f108d9b87368ef89d,69eb8f1f108d9b87368ef89d,intermediate,2,69eb8f1f108d9b87368ef89d,69eb8f1f108d9b87368ef89d,spotlight_PROLIFIC,,42,brazil,Portuguese,"portuguese, english, spanish ",spanish,Portuguese:50|English:40|spanish:10,100,Portuguese:40|English:50|spanish:10,100,Portuguese:75|English:20|spanish:5,100,17,4,Bachelor's,10,10,10,6,7,9,4,20,7,17,Duolingo,150,,,,,22,25,C1,intermediate|advanced,intermediate|advanced,cambridge_22_25_intermediate_advanced,4,20,random,,,,,,,,,,,,,,,,,,,2026-08-09T15:58:12.658Z,C99S394L,2026-08-09,2026-08-09,12:58:12,2026-08-09 12:58:12,,,,,,,,69eb8f1f108d9b87368ef89d,69eb8f1f108d9b87368ef89d,,,,
15632,raw_position_sample,2,2,int,10,2,2,3,-1,999,558,264,723076,69eb8f1f108d9b87368ef89d,69eb8f1f108d9b87368ef89d,intermediate,2,69eb8f1f108d9b87368ef89d,69eb8f1f108d9b87368ef89d,spotlight_PROLIFIC,,42,brazil,Portuguese,"portuguese, english, spanish ",spanish,Portuguese:50|English:40|spanish:10,100,Portuguese:40|English:50|spanish:10,100,Portuguese:75|English:20|spanish:5,100,17,4,Bachelor's,10,10,10,6,7,9,4,20,7,17,Duolingo,150,,,,,22,25,C1,intermediate|advanced,intermediate|advanced,cambridge_22_25_intermediate_advanced,4,20,random,,,,,,,,,,,,,,,,,,,2026-08-09T15:58:12.658Z,C99S394L,2026-08-09,2026-08-09,12:58:12,2026-08-09 12:58:12,,,,,,,,69eb8f1f108d9b87368ef89d,69eb8f1f108d9b87368ef89d,,,,
15683,raw_position_sample,2,2,int,10,2,2,3,-1,999,558,264,723126,69eb8f1f108d9b87368ef89d,69eb8f1f108d9b87368ef89d,intermediate,2,69eb8f1f108d9b87368ef89d,69eb8f1f108d9b87368ef89d,spotlight_PROLIFIC,,42,brazil,Portuguese,"portuguese, english, spanish ",spanish,Portuguese:50|English:40|spanish:10,100,Portuguese:40|English:50|spanish:10,100,Portuguese:75|English:20|spanish:5,100,17,4,Bachelor's,10,10,10,6,7,9,4,20,7,17,Duolingo,150,,,,,22,25,C1,intermediate|advanced,intermediate|advanced,cambridge_22_25_intermediate_advanced,4,20,random,,,,,,,,,,,,,,,,,,,2026-08-09T15:58:12.658Z,C99S394L,2026-08-09,2026-08-09,12:58:12,2026-08-09 12:58:12,,,,,,,,69eb8f1f108d9b87368ef89d,69eb8f1f108d9b87368ef89d,,,,
15732,raw_position_sample,2,2,int,10,2,2,3,-1,999,558,264,723176,69eb8f1f108d9b87368ef89d,69eb8f1f108d9b87368ef89d,intermediate,2,69eb8f1f108d9b87368ef89d,69eb8f1f108d9b87368ef89d,spotlight_PROLIFIC,,42,brazil,Portuguese,"portuguese, english, spanish ",spanish,Portuguese:50|English:40|spanish:10,100,Portuguese:40|English:50|spanish:10,100,Portuguese:75|English:20|spanish:5,100,17,4,Bachelor's,10,10,10,6,7,9,4,20,7,17,Duolingo,150,,,,,22,25,C1,intermediate|advanced,intermediate|advanced,cambridge_22_25_intermediate_advanced,4,20,random,,,,,,,,,,,,,,,,,,,2026-08-09T15:58:12.658Z,C99S394L,2026-08-09,2026-08-09,12:58:12,2026-08-09 12:58:12,,,,,,,,69eb8f1f108d9b87368ef89d,69eb8f1f108d9b87368ef89d,,,,
15783,raw_position_sample,2,2,int,10,2,2,3,-1,999,560,266,723226,69eb8f1f108d9b87368ef89d,69eb8f1f108d9b87368ef89d,intermediate,2,69eb8f1f108d9b87368ef89d,69eb8f1f108d9b87368ef89d,spotlight_PROLIFIC,,42,brazil,Portuguese,"portuguese, english, spanish ",spanish,Portuguese:50|English:40|spanish:10,100,Portuguese:40|English:50|spanish:10,100,Portuguese:75|English:20|spanish:5,100,17,4,Bachelor's,10,10,10,6,7,9,4,20,7,17,Duolingo,150,,,,,22,25,C1,intermediate|advanced,intermediate|advanced,cambridge_22_25_intermediate_advanced,4,20,random,,,,,,,,,,,,,,,,,,,2026-08-09T15:58:12.658Z,C99S394L,2026-08-09,2026-08-09,12:58:12,2026-08-09 12:58:12,,,,,,,,69eb8f1f108d9b87368ef89d,69eb8f1f108d9b87368ef89d,,,,
15833,raw_position_sample,2,2,int,10,2,2,3,-1,999,600,286,723277,69eb8f1f108d9b87368ef89d,69eb8f1f108d9b87368ef89d,intermediate,2,69eb8f1f108d9b87368ef89d,69eb8f1f108d9b87368ef89d,spotlight_PROLIFIC,,42,brazil,Portuguese,"portuguese, english, spanish ",spanish,Portuguese:50|English:40|spanish:10,100,Portuguese:40|English:50|spanish:10,100,Portuguese:75|English:20|spanish:5,100,17,4,Bachelor's,10,10,10,6,7,9,4,20,7,17,Duolingo,150,,,,,22,25,C1,intermediate|advanced,intermediate|advanced,cambridge_22_25_intermediate_advanced,4,20,random,,,,,,,,,,,,,,,,,,,2026-08-09T15:58:12.658Z,C99S394L,2026-08-09,2026-08-09,12:58:12,2026-08-09 12:58:12,,,,,,,,69eb8f1f108d9b87368ef89d,69eb8f1f108d9b87368ef89d,,,,
15883,raw_position_sample,2,2,int,10,2,2,3,52, south ,655,299,723327,69eb8f1f108d9b87368ef89d,69eb8f1f108d9b87368ef89d,intermediate,2,69eb8f1f108d9b87368ef89d,69eb8f1f108d9b87368ef89d,spotlight_PROLIFIC,,42,brazil,Portuguese,"portuguese, english, spanish ",spanish,Portuguese:50|English:40|spanish:10,100,Portuguese:40|English:50|spanish:10,100,Portuguese:75|English:20|spanish:5,100,17,4,Bachelor's,10,10,10,6,7,9,4,20,7,17,Duolingo,150,,,,,22,25,C1,intermediate|advanced,intermediate|advanced,cambridge_22_25_intermediate_advanced,4,20,random,,281.26666259765625,625.36669921875,305.26666259765625,678.2833709716797,5,1,,,,,,,,,,,,2026-08-09T15:58:12.658Z,C99S394L,2026-08-09,2026-08-09,12:58:12,2026-08-09 12:58:12,,,,,,,,69eb8f1f108d9b87368ef89d,69eb8f1f108d9b87368ef89d,,,,
15934,raw_position_sample,2,2,int,10,2,2,3,52, south ,674,301,723377,69eb8f1f108d9b87368ef89d,69eb8f1f108d9b87368ef89d,intermediate,2,69eb8f1f108d9b87368ef89d,69eb8f1f108d9b87368ef89d,spotlight_PROLIFIC,,42,brazil,Portuguese,"portuguese, english, spanish ",spanish,Portuguese:50|English:40|spanish:10,100,Portuguese:40|English:50|spanish:10,100,Portuguese:75|English:20|spanish:5,100,17,4,Bachelor's,10,10,10,6,7,9,4,20,7,17,Duolingo,150,,,,,22,25,C1,intermediate|advanced,intermediate|advanced,cambridge_22_25_intermediate_advanced,4,20,random,,281.26666259765625,625.36669921875,305.26666259765625,678.2833709716797,5,1,,,,,,,,,,,,2026-08-09T15:58:12.658Z,C99S394L,2026-08-09,2026-08-09,12:58:12,2026-08-09 12:58:12,,,,,,,,69eb8f1f108d9b87368ef89d,69eb8f1f108d9b87368ef89d,,,,
15982,hover_association,2,2,int,10,2,2,3,52, south ,640,298,,69eb8f1f108d9b87368ef89d,69eb8f1f108d9b87368ef89d,intermediate,2,69eb8f1f108d9b87368ef89d,69eb8f1f108d9b87368ef89d,spotlight_PROLIFIC,,42,brazil,Portuguese,"portuguese, english, spanish ",spanish,Portuguese:50|English:40|spanish:10,100,Portuguese:40|English:50|spanish:10,100,Portuguese:75|English:20|spanish:5,100,17,4,Bachelor's,10,10,10,6,7,9,4,20,7,17,Duolingo,150,,,,,22,25,C1,intermediate|advanced,intermediate|advanced,cambridge_22_25_intermediate_advanced,4,20,random,,273.26666259765625,621.7716995239258,313.26666259765625,678.2833480834961,5,1,hover,117,117,0.9772905566160703,0.6933334350585938,98,,,,,,2026-08-09T15:58:12.658Z,C99S394L,2026-08-09,2026-08-09,12:58:12,2026-08-09 12:58:12,,,,,,,,69eb8f1f108d9b87368ef89d,69eb8f1f108d9b87368ef89d,,,,
15984,raw_position_sample,2,2,int,10,2,2,3,53, of ,679,301,723428,69eb8f1f108d9b87368ef89d,69eb8f1f108d9b87368ef89d,intermediate,2,69eb8f1f108d9b87368ef89d,69eb8f1f108d9b87368ef89d,spotlight_PROLIFIC,,42,brazil,Portuguese,"portuguese, english, spanish ",spanish,Portuguese:50|English:40|spanish:10,100,Portuguese:40|English:50|spanish:10,100,Portuguese:75|English:20|spanish:5,100,17,4,Bachelor's,10,10,10,6,7,9,4,20,7,17,Duolingo,150,,,,,22,25,C1,intermediate|advanced,intermediate|advanced,cambridge_22_25_intermediate_advanced,4,20,random,,281.26666259765625,678.2833251953125,305.26666259765625,700.0499877929688,5,2,,,,,,,,,,,,2026-08-09T15:58:12.658Z,C99S394L,2026-08-09,2026-08-09,12:58:12,2026-08-09 12:58:12,,,,,,,,69eb8f1f108d9b87368ef89d,69eb8f1f108d9b87368ef89d,,,,
16034,raw_position_sample,2,2,int,10,2,2,3,53, of ,693,301,723478,69eb8f1f108d9b87368ef89d,69eb8f1f108d9b87368ef89d,intermediate,2,69eb8f1f108d9b87368ef89d,69eb8f1f108d9b87368ef89d,spotlight_PROLIFIC,,42,brazil,Portuguese,"portuguese, english, spanish ",spanish,Portuguese:50|English:40|spanish:10,100,Portuguese:40|English:50|spanish:10,100,Portuguese:75|English:20|spanish:5,100,17,4,Bachelor's,10,10,10,6,7,9,4,20,7,17,Duolingo,150,,,,,22,25,C1,intermediate|advanced,intermediate|advanced,cambridge_22_25_intermediate_advanced,4,20,random,,281.26666259765625,678.2833251953125,305.26666259765625,700.0499877929688,5,2,,,,,,,,,,,,2026-08-09T15:58:12.658Z,C99S394L,2026-08-09,2026-08-09,12:58:12,2026-08-09 12:58:12,,,,,,,,69eb8f1f108d9b87368ef89d,69eb8f1f108d9b87368ef89d,,,,
16066,hover_association,2,2,int,10,2,2,3,53, of ,679,301,,69eb8f1f108d9b87368ef89d,69eb8f1f108d9b87368ef89d,intermediate,2,69eb8f1f108d9b87368ef89d,69eb8f1f108d9b87368ef89d,spotlight_PROLIFIC,,42,brazil,Portuguese,"portuguese, english, spanish ",spanish,Portuguese:50|English:40|spanish:10,100,Portuguese:40|English:50|spanish:10,100,Portuguese:75|English:20|spanish:5,100,17,4,Bachelor's,10,10,10,6,7,9,4,20,7,17,Duolingo,150,,,,,22,25,C1,intermediate|advanced,intermediate|advanced,cambridge_22_25_intermediate_advanced,4,20,random,,273.26666259765625,678.2833480834961,313.26666259765625,700.0499877929688,5,2,hover,83,83,0.9517616036750126,0.6933334350585938,98,,,,,,2026-08-09T15:58:12.658Z,C99S394L,2026-08-09,2026-08-09,12:58:12,2026-08-09 12:58:12,,,,,,,,69eb8f1f108d9b87368ef89d,69eb8f1f108d9b87368ef89d,,,,
16085,raw_position_sample,2,2,int,10,2,2,3,54, the ,701,301,723528,69eb8f1f108d9b87368ef89d,69eb8f1f108d9b87368ef89d,intermediate,2,69eb8f1f108d9b87368ef89d,69eb8f1f108d9b87368ef89d,spotlight_PROLIFIC,,42,brazil,Portuguese,"portuguese, english, spanish ",spanish,Portuguese:50|English:40|spanish:10,100,Portuguese:40|English:50|spanish:10,100,Portuguese:75|English:20|spanish:5,100,17,4,Bachelor's,10,10,10,6,7,9,4,20,7,17,Duolingo,150,,,,,22,25,C1,intermediate|advanced,intermediate|advanced,cambridge_22_25_intermediate_advanced,4,20,random,,281.26666259765625,700.0499877929688,305.26666259765625,732.4999847412109,5,3,,,,,,,,,,,,2026-08-09T15:58:12.658Z,C99S394L,2026-08-09,2026-08-09,12:58:12,2026-08-09 12:58:12,,,,,,,,69eb8f1f108d9b87368ef89d,69eb8f1f108d9b87368ef89d,,,,
16134,raw_position_sample,2,2,int,10,2,2,3,54, the ,701,301,723578,69eb8f1f108d9b87368ef89d,69eb8f1f108d9b87368ef89d,intermediate,2,69eb8f1f108d9b87368ef89d,69eb8f1f108d9b87368ef89d,spotlight_PROLIFIC,,42,brazil,Portuguese,"portuguese, english, spanish ",spanish,Portuguese:50|English:40|spanish:10,100,Portuguese:40|English:50|spanish:10,100,Portuguese:75|English:20|spanish:5,100,17,4,Bachelor's,10,10,10,6,7,9,4,20,7,17,Duolingo,150,,,,,22,25,C1,intermediate|advanced,intermediate|advanced,cambridge_22_25_intermediate_advanced,4,20,random,,281.26666259765625,700.0499877929688,305.26666259765625,732.4999847412109,5,3,,,,,,,,,,,,2026-08-09T15:58:12.658Z,C99S394L,2026-08-09,2026-08-09,12:58:12,2026-08-09 12:58:12,,,,,,,,69eb8f1f108d9b87368ef89d,69eb8f1f108d9b87368ef89d,,,,
16185,raw_position_sample,2,2,int,10,2,2,3,54, the ,701,301,723628,69eb8f1f108d9b87368ef89d,69eb8f1f108d9b87368ef89d,intermediate,2,69eb8f1f108d9b87368ef89d,69eb8f1f108d9b87368ef89d,spotlight_PROLIFIC,,42,brazil,Portuguese,"portuguese, english, spanish ",spanish,Portuguese:50|English:40|spanish:10,100,Portuguese:40|English:50|spanish:10,100,Portuguese:75|English:20|spanish:5,100,17,4,Bachelor's,10,10,10,6,7,9,4,20,7,17,Duolingo,150,,,,,22,25,C1,intermediate|advanced,intermediate|advanced,cambridge_22_25_intermediate_advanced,4,20,random,,281.26666259765625,700.0499877929688,305.26666259765625,732.4999847412109,5,3,,,,,,,,,,,,2026-08-09T15:58:12.658Z,C99S394L,2026-08-09,2026-08-09,12:58:12,2026-08-09 12:58:12,,,,,,,,69eb8f1f108d9b87368ef89d,69eb8f1f108d9b87368ef89d,,,,
16235,raw_position_sample,2,2,int,10,2,2,3,54, the ,703,301,723679,69eb8f1f108d9b87368ef89d,69eb8f1f108d9b87368ef89d,intermediate,2,69eb8f1f108d9b87368ef89d,69eb8f1f108d9b87368ef89d,spotlight_PROLIFIC,,42,brazil,Portuguese,"portuguese, english, spanish ",spanish,Portuguese:50|English:40|spanish:10,100,Portuguese:40|English:50|spanish:10,100,Portuguese:75|English:20|spanish:5,100,17,4,Bachelor's,10,10,10,6,7,9,4,20,7,17,Duolingo,150,,,,,22,25,C1,intermediate|advanced,intermediate|advanced,cambridge_22_25_intermediate_advanced,4,20,random,,281.26666259765625,700.0499877929688,305.26666259765625,732.4999847412109,5,3,,,,,,,,,,,,2026-08-09T15:58:12.658Z,C99S394L,2026-08-09,2026-08-09,12:58:12,2026-08-09 12:58:12,,,,,,,,69eb8f1f108d9b87368ef89d,69eb8f1f108d9b87368ef89d,,,,
16286,raw_position_sample,2,2,int,10,2,2,3,54, the ,704,301,723729,69eb8f1f108d9b87368ef89d,69eb8f1f108d9b87368ef89d,intermediate,2,69eb8f1f108d9b87368ef89d,69eb8f1f108d9b87368ef89d,spotlight_PROLIFIC,,42,brazil,Portuguese,"portuguese, english, spanish ",spanish,Portuguese:50|English:40|spanish:10,100,Portuguese:40|English:50|spanish:10,100,Portuguese:75|English:20|spanish:5,100,17,4,Bachelor's,10,10,10,6,7,9,4,20,7,17,Duolingo,150,,,,,22,25,C1,intermediate|advanced,intermediate|advanced,cambridge_22_25_intermediate_advanced,4,20,random,,281.26666259765625,700.0499877929688,305.26666259765625,732.4999847412109,5,3,,,,,,,,,,,,2026-08-09T15:58:12.658Z,C99S394L,2026-08-09,2026-08-09,12:58:12,2026-08-09 12:58:12,,,,,,,,69eb8f1f108d9b87368ef89d,69eb8f1f108d9b87368ef89d,,,,
16336,raw_position_sample,2,2,int,10,2,2,3,54, the ,705,301,723780,69eb8f1f108d9b87368ef89d,69eb8f1f108d9b87368ef89d,intermediate,2,69eb8f1f108d9b87368ef89d,69eb8f1f108d9b87368ef89d,spotlight_PROLIFIC,,42,brazil,Portuguese,"portuguese, english, spanish ",spanish,Portuguese:50|English:40|spanish:10,100,Portuguese:40|English:50|spanish:10,100,Portuguese:75|English:20|spanish:5,100,17,4,Bachelor's,10,10,10,6,7,9,4,20,7,17,Duolingo,150,,,,,22,25,C1,intermediate|advanced,intermediate|advanced,cambridge_22_25_intermediate_advanced,4,20,random,,281.26666259765625,700.0499877929688,305.26666259765625,732.4999847412109,5,3,,,,,,,,,,,,2026-08-09T15:58:12.658Z,C99S394L,2026-08-09,2026-08-09,12:58:12,2026-08-09 12:58:12,,,,,,,,69eb8f1f108d9b87368ef89d,69eb8f1f108d9b87368ef89d,,,,
16386,raw_position_sample,2,2,int,10,2,2,3,54, the ,702,301,723829,69eb8f1f108d9b87368ef89d,69eb8f1f108d9b87368ef89d,intermediate,2,69eb8f1f108d9b87368ef89d,69eb8f1f108d9b87368ef89d,spotlight_PROLIFIC,,42,brazil,Portuguese,"portuguese, english, spanish ",spanish,Portuguese:50|English:40|spanish:10,100,Portuguese:40|English:50|spanish:10,100,Portuguese:75|English:20|spanish:5,100,17,4,Bachelor's,10,10,10,6,7,9,4,20,7,17,Duolingo,150,,,,,22,25,C1,intermediate|advanced,intermediate|advanced,cambridge_22_25_intermediate_advanced,4,20,random,,281.26666259765625,700.0499877929688,305.26666259765625,732.4999847412109,5,3,,,,,,,,,,,,2026-08-09T15:58:12.658Z,C99S394L,2026-08-09,2026-08-09,12:58:12,2026-08-09 12:58:12,,,,,,,,69eb8f1f108d9b87368ef89d,69eb8f1f108d9b87368ef89d,,,,
16399,hover_association,2,2,int,10,2,2,3,54, the ,701,301,,69eb8f1f108d9b87368ef89d,69eb8f1f108d9b87368ef89d,intermediate,2,69eb8f1f108d9b87368ef89d,69eb8f1f108d9b87368ef89d,spotlight_PROLIFIC,,42,brazil,Portuguese,"portuguese, english, spanish ",spanish,Portuguese:50|English:40|spanish:10,100,Portuguese:40|English:50|spanish:10,100,Portuguese:75|English:20|spanish:5,100,17,4,Bachelor's,10,10,10,6,7,9,4,20,7,17,Duolingo,150,,,,,22,25,C1,intermediate|advanced,intermediate|advanced,cambridge_22_25_intermediate_advanced,4,20,random,,273.26666259765625,700.0499877929688,313.26666259765625,732.4999923706055,5,3,hover,333,333,0.060092817625521155,0.6933334350585938,98,,,,,,2026-08-09T15:58:12.658Z,C99S394L,2026-08-09,2026-08-09,12:58:12,2026-08-09 12:58:12,,,,,,,,69eb8f1f108d9b87368ef89d,69eb8f1f108d9b87368ef89d,,,,
16436,raw_position_sample,2,2,int,10,2,2,3,53, of ,692,301,723880,69eb8f1f108d9b87368ef89d,69eb8f1f108d9b87368ef89d,intermediate,2,69eb8f1f108d9b87368ef89d,69eb8f1f108d9b87368ef89d,spotlight_PROLIFIC,,42,brazil,Portuguese,"portuguese, english, spanish ",spanish,Portuguese:50|English:40|spanish:10,100,Portuguese:40|English:50|spanish:10,100,Portuguese:75|English:20|spanish:5,100,17,4,Bachelor's,10,10,10,6,7,9,4,20,7,17,Duolingo,150,,,,,22,25,C1,intermediate|advanced,intermediate|advanced,cambridge_22_25_intermediate_advanced,4,20,random,,281.26666259765625,678.2833251953125,305.26666259765625,700.0499877929688,5,2,,,,,,,,,,,,2026-08-09T15:58:12.658Z,C99S394L,2026-08-09,2026-08-09,12:58:12,2026-08-09 12:58:12,,,,,,,,69eb8f1f108d9b87368ef89d,69eb8f1f108d9b87368ef89d,,,,
16487,raw_position_sample,2,2,int,10,2,2,3,53, of ,692,301,723930,69eb8f1f108d9b87368ef89d,69eb8f1f108d9b87368ef89d,intermediate,2,69eb8f1f108d9b87368ef89d,69eb8f1f108d9b87368ef89d,spotlight_PROLIFIC,,42,brazil,Portuguese,"portuguese, english, spanish ",spanish,Portuguese:50|English:40|spanish:10,100,Portuguese:40|English:50|spanish:10,100,Portuguese:75|English:20|spanish:5,100,17,4,Bachelor's,10,10,10,6,7,9,4,20,7,17,Duolingo,150,,,,,22,25,C1,intermediate|advanced,intermediate|advanced,cambridge_22_25_intermediate_advanced,4,20,random,,281.26666259765625,678.2833251953125,305.26666259765625,700.0499877929688,5,2,,,,,,,,,,,,2026-08-09T15:58:12.658Z,C99S394L,2026-08-09,2026-08-09,12:58:12,2026-08-09 12:58:12,,,,,,,,69eb8f1f108d9b87368ef89d,69eb8f1f108d9b87368ef89d,,,,
16537,raw_position_sample,2,2,int,10,2,2,3,53, of ,692,301,723980,69eb8f1f108d9b87368ef89d,69eb8f1f108d9b87368ef89d,intermediate,2,69eb8f1f108d9b87368ef89d,69eb8f1f108d9b87368ef89d,spotlight_PROLIFIC,,42,brazil,Portuguese,"portuguese, english, spanish ",spanish,Portuguese:50|English:40|spanish:10,100,Portuguese:40|English:50|spanish:10,100,Portuguese:75|English:20|spanish:5,100,17,4,Bachelor's,10,10,10,6,7,9,4,20,7,17,Duolingo,150,,,,,22,25,C1,intermediate|advanced,intermediate|advanced,cambridge_22_25_intermediate_advanced,4,20,random,,281.26666259765625,678.2833251953125,305.26666259765625,700.0499877929688,5,2,,,,,,,,,,,,2026-08-09T15:58:12.658Z,C99S394L,2026-08-09,2026-08-09,12:58:12,2026-08-09 12:58:12,,,,,,,,69eb8f1f108d9b87368ef89d,69eb8f1f108d9b87368ef89d,,,,
16588,raw_position_sample,2,2,int,10,2,2,3,53, of ,692,301,724031,69eb8f1f108d9b87368ef89d,69eb8f1f108d9b87368ef89d,intermediate,2,69eb8f1f108d9b87368ef89d,69eb8f1f108d9b87368ef89d,spotlight_PROLIFIC,,42,brazil,Portuguese,"portuguese, english, spanish ",spanish,Portuguese:50|English:40|spanish:10,100,Portuguese:40|English:50|spanish:10,100,Portuguese:75|English:20|spanish:5,100,17,4,Bachelor's,10,10,10,6,7,9,4,20,7,17,Duolingo,150,,,,,22,25,C1,intermediate|advanced,intermediate|advanced,cambridge_22_25_intermediate_advanced,4,20,random,,281.26666259765625,678.2833251953125,305.26666259765625,700.0499877929688,5,2,,,,,,,,,,,,2026-08-09T15:58:12.658Z,C99S394L,2026-08-09,2026-08-09,12:58:12,2026-08-09 12:58:12,,,,,,,,69eb8f1f108d9b87368ef89d,69eb8f1f108d9b87368ef89d,,,,
16638,raw_position_sample,2,2,int,10,2,2,3,53, of ,692,301,724081,69eb8f1f108d9b87368ef89d,69eb8f1f108d9b87368ef89d,intermediate,2,69eb8f1f108d9b87368ef89d,69eb8f1f108d9b87368ef89d,spotlight_PROLIFIC,,42,brazil,Portuguese,"portuguese, english, spanish ",spanish,Portuguese:50|English:40|spanish:10,100,Portuguese:40|English:50|spanish:10,100,Portuguese:75|English:20|spanish:5,100,17,4,Bachelor's,10,10,10,6,7,9,4,20,7,17,Duolingo,150,,,,,22,25,C1,intermediate|advanced,intermediate|advanced,cambridge_22_25_intermediate_advanced,4,20,random,,281.26666259765625,678.2833251953125,305.26666259765625,700.0499877929688,5,2,,,,,,,,,,,,2026-08-09T15:58:12.658Z,C99S394L,2026-08-09,2026-08-09,12:58:12,2026-08-09 12:58:12,,,,,,,,69eb8f1f108d9b87368ef89d,69eb8f1f108d9b87368ef89d,,,,
16688,raw_position_sample,2,2,int,10,2,2,3,53, of ,692,301,724131,69eb8f1f108d9b87368ef89d,69eb8f1f108d9b87368ef89d,intermediate,2,69eb8f1f108d9b87368ef89d,69eb8f1f108d9b87368ef89d,spotlight_PROLIFIC,,42,brazil,Portuguese,"portuguese, english, spanish ",spanish,Portuguese:50|English:40|spanish:10,100,Portuguese:40|English:50|spanish:10,100,Portuguese:75|English:20|spanish:5,100,17,4,Bachelor's,10,10,10,6,7,9,4,20,7,17,Duolingo,150,,,,,22,25,C1,intermediate|advanced,intermediate|advanced,cambridge_22_25_intermediate_advanced,4,20,random,,281.26666259765625,678.2833251953125,305.26666259765625,700.0499877929688,5,2,,,,,,,,,,,,2026-08-09T15:58:12.658Z,C99S394L,2026-08-09,2026-08-09,12:58:12,2026-08-09 12:58:12,,,,,,,,69eb8f1f108d9b87368ef89d,69eb8f1f108d9b87368ef89d,,,,
16738,raw_position_sample,2,2,int,10,2,2,3,53, of ,694,299,724181,69eb8f1f108d9b87368ef89d,69eb8f1f108d9b87368ef89d,intermediate,2,69eb8f1f108d9b87368ef89d,69eb8f1f108d9b87368ef89d,spotlight_PROLIFIC,,42,brazil,Portuguese,"portuguese, english, spanish ",spanish,Portuguese:50|English:40|spanish:10,100,Portuguese:40|English:50|spanish:10,100,Portuguese:75|English:20|spanish:5,100,17,4,Bachelor's,10,10,10,6,7,9,4,20,7,17,Duolingo,150,,,,,22,25,C1,intermediate|advanced,intermediate|advanced,cambridge_22_25_intermediate_advanced,4,20,random,,281.26666259765625,678.2833251953125,305.26666259765625,700.0499877929688,5,2,,,,,,,,,,,,2026-08-09T15:58:12.658Z,C99S394L,2026-08-09,2026-08-09,12:58:12,2026-08-09 12:58:12,,,,,,,,69eb8f1f108d9b87368ef89d,69eb8f1f108d9b87368ef89d,,,,
16766,hover_association,2,2,int,10,2,2,3,53, of ,697,301,,69eb8f1f108d9b87368ef89d,69eb8f1f108d9b87368ef89d,intermediate,2,69eb8f1f108d9b87368ef89d,69eb8f1f108d9b87368ef89d,spotlight_PROLIFIC,,42,brazil,Portuguese,"portuguese, english, spanish ",spanish,Portuguese:50|English:40|spanish:10,100,Portuguese:40|English:50|spanish:10,100,Portuguese:75|English:20|spanish:5,100,17,4,Bachelor's,10,10,10,6,7,9,4,20,7,17,Duolingo,150,,,,,22,25,C1,intermediate|advanced,intermediate|advanced,cambridge_22_25_intermediate_advanced,4,20,random,,273.26666259765625,678.2833480834961,313.26666259765625,700.0499877929688,5,2,hover,368,368,0.8598778757916675,0.6183334350585937,98,,,,,,2026-08-09T15:58:12.658Z,C99S394L,2026-08-09,2026-08-09,12:58:12,2026-08-09 12:58:12,,,,,,,,69eb8f1f108d9b87368ef89d,69eb8f1f108d9b87368ef89d,,,,
16788,raw_position_sample,2,2,int,10,2,2,3,54, the ,714,298,724231,69eb8f1f108d9b87368ef89d,69eb8f1f108d9b87368ef89d,intermediate,2,69eb8f1f108d9b87368ef89d,69eb8f1f108d9b87368ef89d,spotlight_PROLIFIC,,42,brazil,Portuguese,"portuguese, english, spanish ",spanish,Portuguese:50|English:40|spanish:10,100,Portuguese:40|English:50|spanish:10,100,Portuguese:75|English:20|spanish:5,100,17,4,Bachelor's,10,10,10,6,7,9,4,20,7,17,Duolingo,150,,,,,22,25,C1,intermediate|advanced,intermediate|advanced,cambridge_22_25_intermediate_advanced,4,20,random,,281.26666259765625,700.0499877929688,305.26666259765625,732.4999847412109,5,3,,,,,,,,,,,,2026-08-09T15:58:12.658Z,C99S394L,2026-08-09,2026-08-09,12:58:12,2026-08-09 12:58:12,,,,,,,,69eb8f1f108d9b87368ef89d,69eb8f1f108d9b87368ef89d,,,,
16800,hover_association,2,2,int,10,2,2,3,54, the ,701,298,,69eb8f1f108d9b87368ef89d,69eb8f1f108d9b87368ef89d,intermediate,2,69eb8f1f108d9b87368ef89d,69eb8f1f108d9b87368ef89d,spotlight_PROLIFIC,,42,brazil,Portuguese,"portuguese, english, spanish ",spanish,Portuguese:50|English:40|spanish:10,100,Portuguese:40|English:50|spanish:10,100,Portuguese:75|English:20|spanish:5,100,17,4,Bachelor's,10,10,10,6,7,9,4,20,7,17,Duolingo,150,,,,,22,25,C1,intermediate|advanced,intermediate|advanced,cambridge_22_25_intermediate_advanced,4,20,random,,273.26666259765625,700.0499877929688,313.26666259765625,732.4999923706055,5,3,hover,33,33,0.4298924572924423,0.6183334350585937,98,,,,,,2026-08-09T15:58:12.658Z,C99S394L,2026-08-09,2026-08-09,12:58:12,2026-08-09 12:58:12,,,,,,,,69eb8f1f108d9b87368ef89d,69eb8f1f108d9b87368ef89d,,,,
16839,raw_position_sample,2,2,int,10,2,2,3,55, Ural ,750,299,724282,69eb8f1f108d9b87368ef89d,69eb8f1f108d9b87368ef89d,intermediate,2,69eb8f1f108d9b87368ef89d,69eb8f1f108d9b87368ef89d,spotlight_PROLIFIC,,42,brazil,Portuguese,"portuguese, english, spanish ",spanish,Portuguese:50|English:40|spanish:10,100,Portuguese:40|English:50|spanish:10,100,Portuguese:75|English:20|spanish:5,100,17,4,Bachelor's,10,10,10,6,7,9,4,20,7,17,Duolingo,150,,,,,22,25,C1,intermediate|advanced,intermediate|advanced,cambridge_22_25_intermediate_advanced,4,20,random,,281.26666259765625,732.5,305.26666259765625,772.1499938964844,5,4,,,,,,,,,,,,2026-08-09T15:58:12.658Z,C99S394L,2026-08-09,2026-08-09,12:58:12,2026-08-09 12:58:12,,,,,,,,69eb8f1f108d9b87368ef89d,69eb8f1f108d9b87368ef89d,,,,
16889,raw_position_sample,2,2,int,10,2,2,3,55, Ural ,769,301,724332,69eb8f1f108d9b87368ef89d,69eb8f1f108d9b87368ef89d,intermediate,2,69eb8f1f108d9b87368ef89d,69eb8f1f108d9b87368ef89d,spotlight_PROLIFIC,,42,brazil,Portuguese,"portuguese, english, spanish ",spanish,Portuguese:50|English:40|spanish:10,100,Portuguese:40|English:50|spanish:10,100,Portuguese:75|English:20|spanish:5,100,17,4,Bachelor's,10,10,10,6,7,9,4,20,7,17,Duolingo,150,,,,,22,25,C1,intermediate|advanced,intermediate|advanced,cambridge_22_25_intermediate_advanced,4,20,random,,281.26666259765625,732.5,305.26666259765625,772.1499938964844,5,4,,,,,,,,,,,,2026-08-09T15:58:12.658Z,C99S394L,2026-08-09,2026-08-09,12:58:12,2026-08-09 12:58:12,,,,,,,,69eb8f1f108d9b87368ef89d,69eb8f1f108d9b87368ef89d,,,,
16899,hover_association,2,2,int,10,2,2,3,55, Ural ,733,298,,69eb8f1f108d9b87368ef89d,69eb8f1f108d9b87368ef89d,intermediate,2,69eb8f1f108d9b87368ef89d,69eb8f1f108d9b87368ef89d,spotlight_PROLIFIC,,42,brazil,Portuguese,"portuguese, english, spanish ",spanish,Portuguese:50|English:40|spanish:10,100,Portuguese:40|English:50|spanish:10,100,Portuguese:75|English:20|spanish:5,100,17,4,Bachelor's,10,10,10,6,7,9,4,20,7,17,Duolingo,150,,,,,22,25,C1,intermediate|advanced,intermediate|advanced,cambridge_22_25_intermediate_advanced,4,20,random,,273.26666259765625,732.4999923706055,313.26666259765625,772.1500091552734,5,4,hover,100,100,0.9205546577097163,0.6933334350585938,98,,,,,,2026-08-09T15:58:12.658Z,C99S394L,2026-08-09,2026-08-09,12:58:12,2026-08-09 12:58:12,,,,,,,,69eb8f1f108d9b87368ef89d,69eb8f1f108d9b87368ef89d,,,,
16939,raw_position_sample,2,2,int,10,2,2,3,56, mountains. ,802,303,724382,69eb8f1f108d9b87368ef89d,69eb8f1f108d9b87368ef89d,intermediate,2,69eb8f1f108d9b87368ef89d,69eb8f1f108d9b87368ef89d,spotlight_PROLIFIC,,42,brazil,Portuguese,"portuguese, english, spanish ",spanish,Portuguese:50|English:40|spanish:10,100,Portuguese:40|English:50|spanish:10,100,Portuguese:75|English:20|spanish:5,100,17,4,Bachelor's,10,10,10,6,7,9,4,20,7,17,Duolingo,150,,,,,22,25,C1,intermediate|advanced,intermediate|advanced,cambridge_22_25_intermediate_advanced,4,20,random,,281.26666259765625,772.1500244140625,305.26666259765625,872.5833587646484,5,5,,,,,,,,,,,,2026-08-09T15:58:12.658Z,C99S394L,2026-08-09,2026-08-09,12:58:12,2026-08-09 12:58:12,,,,,,,,69eb8f1f108d9b87368ef89d,69eb8f1f108d9b87368ef89d,,,,
16990,raw_position_sample,2,2,int,10,2,2,3,56, mountains. ,804,303,724432,69eb8f1f108d9b87368ef89d,69eb8f1f108d9b87368ef89d,intermediate,2,69eb8f1f108d9b87368ef89d,69eb8f1f108d9b87368ef89d,spotlight_PROLIFIC,,42,brazil,Portuguese,"portuguese, english, spanish ",spanish,Portuguese:50|English:40|spanish:10,100,Portuguese:40|English:50|spanish:10,100,Portuguese:75|English:20|spanish:5,100,17,4,Bachelor's,10,10,10,6,7,9,4,20,7,17,Duolingo,150,,,,,22,25,C1,intermediate|advanced,intermediate|advanced,cambridge_22_25_intermediate_advanced,4,20,random,,281.26666259765625,772.1500244140625,305.26666259765625,872.5833587646484,5,5,,,,,,,,,,,,2026-08-09T15:58:12.658Z,C99S394L,2026-08-09,2026-08-09,12:58:12,2026-08-09 12:58:12,,,,,,,,69eb8f1f108d9b87368ef89d,69eb8f1f108d9b87368ef89d,,,,
17040,raw_position_sample,2,2,int,10,2,2,3,56, mountains. ,805,303,724483,69eb8f1f108d9b87368ef89d,69eb8f1f108d9b87368ef89d,intermediate,2,69eb8f1f108d9b87368ef89d,69eb8f1f108d9b87368ef89d,spotlight_PROLIFIC,,42,brazil,Portuguese,"portuguese, english, spanish ",spanish,Portuguese:50|English:40|spanish:10,100,Portuguese:40|English:50|spanish:10,100,Portuguese:75|English:20|spanish:5,100,17,4,Bachelor's,10,10,10,6,7,9,4,20,7,17,Duolingo,150,,,,,22,25,C1,intermediate|advanced,intermediate|advanced,cambridge_22_25_intermediate_advanced,4,20,random,,281.26666259765625,772.1500244140625,305.26666259765625,872.5833587646484,5,5,,,,,,,,,,,,2026-08-09T15:58:12.658Z,C99S394L,2026-08-09,2026-08-09,12:58:12,2026-08-09 12:58:12,,,,,,,,69eb8f1f108d9b87368ef89d,69eb8f1f108d9b87368ef89d,,,,
17090,raw_position_sample,2,2,int,10,2,2,3,56, mountains. ,812,303,724533,69eb8f1f108d9b87368ef89d,69eb8f1f108d9b87368ef89d,intermediate,2,69eb8f1f108d9b87368ef89d,69eb8f1f108d9b87368ef89d,spotlight_PROLIFIC,,42,brazil,Portuguese,"portuguese, english, spanish ",spanish,Portuguese:50|English:40|spanish:10,100,Portuguese:40|English:50|spanish:10,100,Portuguese:75|English:20|spanish:5,100,17,4,Bachelor's,10,10,10,6,7,9,4,20,7,17,Duolingo,150,,,,,22,25,C1,intermediate|advanced,intermediate|advanced,cambridge_22_25_intermediate_advanced,4,20,random,,281.26666259765625,772.1500244140625,305.26666259765625,872.5833587646484,5,5,,,,,,,,,,,,2026-08-09T15:58:12.658Z,C99S394L,2026-08-09,2026-08-09,12:58:12,2026-08-09 12:58:12,,,,,,,,69eb8f1f108d9b87368ef89d,69eb8f1f108d9b87368ef89d,,,,
17140,raw_position_sample,2,2,int,10,2,2,3,56, mountains. ,857,300,724583,69eb8f1f108d9b87368ef89d,69eb8f1f108d9b87368ef89d,intermediate,2,69eb8f1f108d9b87368ef89d,69eb8f1f108d9b87368ef89d,spotlight_PROLIFIC,,42,brazil,Portuguese,"portuguese, english, spanish ",spanish,Portuguese:50|English:40|spanish:10,100,Portuguese:40|English:50|spanish:10,100,Portuguese:75|English:20|spanish:5,100,17,4,Bachelor's,10,10,10,6,7,9,4,20,7,17,Duolingo,150,,,,,22,25,C1,intermediate|advanced,intermediate|advanced,cambridge_22_25_intermediate_advanced,4,20,random,,281.26666259765625,772.1500244140625,305.26666259765625,872.5833587646484,5,5,,,,,,,,,,,,2026-08-09T15:58:12.658Z,C99S394L,2026-08-09,2026-08-09,12:58:12,2026-08-09 12:58:12,,,,,,,,69eb8f1f108d9b87368ef89d,69eb8f1f108d9b87368ef89d,,,,
17149,hover_association,2,2,int,10,2,2,3,56, mountains. ,781,301,,69eb8f1f108d9b87368ef89d,69eb8f1f108d9b87368ef89d,intermediate,2,69eb8f1f108d9b87368ef89d,69eb8f1f108d9b87368ef89d,spotlight_PROLIFIC,,42,brazil,Portuguese,"portuguese, english, spanish ",spanish,Portuguese:50|English:40|spanish:10,100,Portuguese:40|English:50|spanish:10,100,Portuguese:75|English:20|spanish:5,100,17,4,Bachelor's,10,10,10,6,7,9,4,20,7,17,Duolingo,150,,,,,22,25,C1,intermediate|advanced,intermediate|advanced,cambridge_22_25_intermediate_advanced,4,20,random,,273.26666259765625,772.1500091552734,313.26666259765625,872.5833358764648,5,5,hover,250,250,0.844838995329458,0.6683334350585938,98,,,,,,2026-08-09T15:58:12.658Z,C99S394L,2026-08-09,2026-08-09,12:58:12,2026-08-09 12:58:12,,,,,,,,69eb8f1f108d9b87368ef89d,69eb8f1f108d9b87368ef89d,,,,
17182,hover_association,2,2,int,10,2,2,3,57, Mobile ,882,300,,69eb8f1f108d9b87368ef89d,69eb8f1f108d9b87368ef89d,intermediate,2,69eb8f1f108d9b87368ef89d,69eb8f1f108d9b87368ef89d,spotlight_PROLIFIC,,42,brazil,Portuguese,"portuguese, english, spanish ",spanish,Portuguese:50|English:40|spanish:10,100,Portuguese:40|English:50|spanish:10,100,Portuguese:75|English:20|spanish:5,100,17,4,Bachelor's,10,10,10,6,7,9,4,20,7,17,Duolingo,150,,,,,22,25,C1,intermediate|advanced,intermediate|advanced,cambridge_22_25_intermediate_advanced,4,20,random,,273.26666259765625,872.5833358764648,313.26666259765625,934.9999923706055,5,6,hover,32,32,0.631508740415075,0.6183334350585937,98,,,,,,2026-08-09T15:58:12.658Z,C99S394L,2026-08-09,2026-08-09,12:58:12,2026-08-09 12:58:12,,,,,,,,69eb8f1f108d9b87368ef89d,69eb8f1f108d9b87368ef89d,,,,
17190,raw_position_sample,2,2,int,10,2,2,3,58, phone ,937,298,724633,69eb8f1f108d9b87368ef89d,69eb8f1f108d9b87368ef89d,intermediate,2,69eb8f1f108d9b87368ef89d,69eb8f1f108d9b87368ef89d,spotlight_PROLIFIC,,42,brazil,Portuguese,"portuguese, english, spanish ",spanish,Portuguese:50|English:40|spanish:10,100,Portuguese:40|English:50|spanish:10,100,Portuguese:75|English:20|spanish:5,100,17,4,Bachelor's,10,10,10,6,7,9,4,20,7,17,Duolingo,150,,,,,22,25,C1,intermediate|advanced,intermediate|advanced,cambridge_22_25_intermediate_advanced,4,20,random,,281.26666259765625,935,305.26666259765625,994.0166625976562,5,7,,,,,,,,,,,,2026-08-09T15:58:12.658Z,C99S394L,2026-08-09,2026-08-09,12:58:12,2026-08-09 12:58:12,,,,,,,,69eb8f1f108d9b87368ef89d,69eb8f1f108d9b87368ef89d,,,,
17240,raw_position_sample,2,2,int,10,2,2,3,58, phone ,973,296,724684,69eb8f1f108d9b87368ef89d,69eb8f1f108d9b87368ef89d,intermediate,2,69eb8f1f108d9b87368ef89d,69eb8f1f108d9b87368ef89d,spotlight_PROLIFIC,,42,brazil,Portuguese,"portuguese, english, spanish ",spanish,Portuguese:50|English:40|spanish:10,100,Portuguese:40|English:50|spanish:10,100,Portuguese:75|English:20|spanish:5,100,17,4,Bachelor's,10,10,10,6,7,9,4,20,7,17,Duolingo,150,,,,,22,25,C1,intermediate|advanced,intermediate|advanced,cambridge_22_25_intermediate_advanced,4,20,random,,281.26666259765625,935,305.26666259765625,994.0166625976562,5,7,,,,,,,,,,,,2026-08-09T15:58:12.658Z,C99S394L,2026-08-09,2026-08-09,12:58:12,2026-08-09 12:58:12,,,,,,,,69eb8f1f108d9b87368ef89d,69eb8f1f108d9b87368ef89d,,,,
17291,raw_position_sample,2,2,int,10,2,2,3,58, phone ,975,296,724734,69eb8f1f108d9b87368ef89d,69eb8f1f108d9b87368ef89d,intermediate,2,69eb8f1f108d9b87368ef89d,69eb8f1f108d9b87368ef89d,spotlight_PROLIFIC,,42,brazil,Portuguese,"portuguese, english, spanish ",spanish,Portuguese:50|English:40|spanish:10,100,Portuguese:40|English:50|spanish:10,100,Portuguese:75|English:20|spanish:5,100,17,4,Bachelor's,10,10,10,6,7,9,4,20,7,17,Duolingo,150,,,,,22,25,C1,intermediate|advanced,intermediate|advanced,cambridge_22_25_intermediate_advanced,4,20,random,,281.26666259765625,935,305.26666259765625,994.0166625976562,5,7,,,,,,,,,,,,2026-08-09T15:58:12.658Z,C99S394L,2026-08-09,2026-08-09,12:58:12,2026-08-09 12:58:12,,,,,,,,69eb8f1f108d9b87368ef89d,69eb8f1f108d9b87368ef89d,,,,
17341,raw_position_sample,2,2,int,10,2,2,3,58, phone ,975,296,724784,69eb8f1f108d9b87368ef89d,69eb8f1f108d9b87368ef89d,intermediate,2,69eb8f1f108d9b87368ef89d,69eb8f1f108d9b87368ef89d,spotlight_PROLIFIC,,42,brazil,Portuguese,"portuguese, english, spanish ",spanish,Portuguese:50|English:40|spanish:10,100,Portuguese:40|English:50|spanish:10,100,Portuguese:75|English:20|spanish:5,100,17,4,Bachelor's,10,10,10,6,7,9,4,20,7,17,Duolingo,150,,,,,22,25,C1,intermediate|advanced,intermediate|advanced,cambridge_22_25_intermediate_advanced,4,20,random,,281.26666259765625,935,305.26666259765625,994.0166625976562,5,7,,,,,,,,,,,,2026-08-09T15:58:12.658Z,C99S394L,2026-08-09,2026-08-09,12:58:12,2026-08-09 12:58:12,,,,,,,,69eb8f1f108d9b87368ef89d,69eb8f1f108d9b87368ef89d,,,,
17390,raw_position_sample,2,2,int,10,2,2,3,58, phone ,975,296,724834,69eb8f1f108d9b87368ef89d,69eb8f1f108d9b87368ef89d,intermediate,2,69eb8f1f108d9b87368ef89d,69eb8f1f108d9b87368ef89d,spotlight_PROLIFIC,,42,brazil,Portuguese,"portuguese, english, spanish ",spanish,Portuguese:50|English:40|spanish:10,100,Portuguese:40|English:50|spanish:10,100,Portuguese:75|English:20|spanish:5,100,17,4,Bachelor's,10,10,10,6,7,9,4,20,7,17,Duolingo,150,,,,,22,25,C1,intermediate|advanced,intermediate|advanced,cambridge_22_25_intermediate_advanced,4,20,random,,281.26666259765625,935,305.26666259765625,994.0166625976562,5,7,,,,,,,,,,,,2026-08-09T15:58:12.658Z,C99S394L,2026-08-09,2026-08-09,12:58:12,2026-08-09 12:58:12,,,,,,,,69eb8f1f108d9b87368ef89d,69eb8f1f108d9b87368ef89d,,,,
17441,raw_position_sample,2,2,int,10,2,2,3,58, phone ,977,296,724884,69eb8f1f108d9b87368ef89d,69eb8f1f108d9b87368ef89d,intermediate,2,69eb8f1f108d9b87368ef89d,69eb8f1f108d9b87368ef89d,spotlight_PROLIFIC,,42,brazil,Portuguese,"portuguese, english, spanish ",spanish,Portuguese:50|English:40|spanish:10,100,Portuguese:40|English:50|spanish:10,100,Portuguese:75|English:20|spanish:5,100,17,4,Bachelor's,10,10,10,6,7,9,4,20,7,17,Duolingo,150,,,,,22,25,C1,intermediate|advanced,intermediate|advanced,cambridge_22_25_intermediate_advanced,4,20,random,,281.26666259765625,935,305.26666259765625,994.0166625976562,5,7,,,,,,,,,,,,2026-08-09T15:58:12.658Z,C99S394L,2026-08-09,2026-08-09,12:58:12,2026-08-09 12:58:12,,,,,,,,69eb8f1f108d9b87368ef89d,69eb8f1f108d9b87368ef89d,,,,
17491,raw_position_sample,2,2,int,10,2,2,3,58, phone ,979,296,724934,69eb8f1f108d9b87368ef89d,69eb8f1f108d9b87368ef89d,intermediate,2,69eb8f1f108d9b87368ef89d,69eb8f1f108d9b87368ef89d,spotlight_PROLIFIC,,42,brazil,Portuguese,"portuguese, english, spanish ",spanish,Portuguese:50|English:40|spanish:10,100,Portuguese:40|English:50|spanish:10,100,Portuguese:75|English:20|spanish:5,100,17,4,Bachelor's,10,10,10,6,7,9,4,20,7,17,Duolingo,150,,,,,22,25,C1,intermediate|advanced,intermediate|advanced,cambridge_22_25_intermediate_advanced,4,20,random,,281.26666259765625,935,305.26666259765625,994.0166625976562,5,7,,,,,,,,,,,,2026-08-09T15:58:12.658Z,C99S394L,2026-08-09,2026-08-09,12:58:12,2026-08-09 12:58:12,,,,,,,,69eb8f1f108d9b87368ef89d,69eb8f1f108d9b87368ef89d,,,,
17541,raw_position_sample,2,2,int,10,2,2,3,58, phone ,979,296,724984,69eb8f1f108d9b87368ef89d,69eb8f1f108d9b87368ef89d,intermediate,2,69eb8f1f108d9b87368ef89d,69eb8f1f108d9b87368ef89d,spotlight_PROLIFIC,,42,brazil,Portuguese,"portuguese, english, spanish ",spanish,Portuguese:50|English:40|spanish:10,100,Portuguese:40|English:50|spanish:10,100,Portuguese:75|English:20|spanish:5,100,17,4,Bachelor's,10,10,10,6,7,9,4,20,7,17,Duolingo,150,,,,,22,25,C1,intermediate|advanced,intermediate|advanced,cambridge_22_25_intermediate_advanced,4,20,random,,281.26666259765625,935,305.26666259765625,994.0166625976562,5,7,,,,,,,,,,,,2026-08-09T15:58:12.658Z,C99S394L,2026-08-09,2026-08-09,12:58:12,2026-08-09 12:58:12,,,,,,,,69eb8f1f108d9b87368ef89d,69eb8f1f108d9b87368ef89d,,,,
17591,raw_position_sample,2,2,int,10,2,2,3,58, phone ,985,294,725035,69eb8f1f108d9b87368ef89d,69eb8f1f108d9b87368ef89d,intermediate,2,69eb8f1f108d9b87368ef89d,69eb8f1f108d9b87368ef89d,spotlight_PROLIFIC,,42,brazil,Portuguese,"portuguese, english, spanish ",spanish,Portuguese:50|English:40|spanish:10,100,Portuguese:40|English:50|spanish:10,100,Portuguese:75|English:20|spanish:5,100,17,4,Bachelor's,10,10,10,6,7,9,4,20,7,17,Duolingo,150,,,,,22,25,C1,intermediate|advanced,intermediate|advanced,cambridge_22_25_intermediate_advanced,4,20,random,,281.26666259765625,935,305.26666259765625,994.0166625976562,5,7,,,,,,,,,,,,2026-08-09T15:58:12.658Z,C99S394L,2026-08-09,2026-08-09,12:58:12,2026-08-09 12:58:12,,,,,,,,69eb8f1f108d9b87368ef89d,69eb8f1f108d9b87368ef89d,,,,
17616,hover_association,2,2,int,10,2,2,3,58, phone ,937,298,,69eb8f1f108d9b87368ef89d,69eb8f1f108d9b87368ef89d,intermediate,2,69eb8f1f108d9b87368ef89d,69eb8f1f108d9b87368ef89d,spotlight_PROLIFIC,,42,brazil,Portuguese,"portuguese, english, spanish ",spanish,Portuguese:50|English:40|spanish:10,100,Portuguese:40|English:50|spanish:10,100,Portuguese:75|English:20|spanish:5,100,17,4,Bachelor's,10,10,10,6,7,9,4,20,7,17,Duolingo,150,,,,,22,25,C1,intermediate|advanced,intermediate|advanced,cambridge_22_25_intermediate_advanced,4,20,random,,273.26666259765625,934.9999923706055,313.26666259765625,994.0166625976562,5,7,hover,435,435,0.9319402029595499,0.5183334350585938,98,,,,,,2026-08-09T15:58:12.658Z,C99S394L,2026-08-09,2026-08-09,12:58:12,2026-08-09 12:58:12,,,,,,,,69eb8f1f108d9b87368ef89d,69eb8f1f108d9b87368ef89d,,,,
17652,raw_position_sample,2,2,int,10,2,2,3,59, networks ,1012,293,725095,69eb8f1f108d9b87368ef89d,69eb8f1f108d9b87368ef89d,intermediate,2,69eb8f1f108d9b87368ef89d,69eb8f1f108d9b87368ef89d,spotlight_PROLIFIC,,42,brazil,Portuguese,"portuguese, english, spanish ",spanish,Portuguese:50|English:40|spanish:10,100,Portuguese:40|English:50|spanish:10,100,Portuguese:75|English:20|spanish:5,100,17,4,Bachelor's,10,10,10,6,7,9,4,20,7,17,Duolingo,150,,,,,22,25,C1,intermediate|advanced,intermediate|advanced,cambridge_22_25_intermediate_advanced,4,20,random,,281.26666259765625,994.0166625976562,305.26666259765625,1077.1666717529297,5,8,,,,,,,,,,,,2026-08-09T15:58:12.658Z,C99S394L,2026-08-09,2026-08-09,12:58:12,2026-08-09 12:58:12,,,,,,,,69eb8f1f108d9b87368ef89d,69eb8f1f108d9b87368ef89d,,,,
17701,raw_position_sample,2,2,int,10,2,2,3,59, networks ,1010,292,725145,69eb8f1f108d9b87368ef89d,69eb8f1f108d9b87368ef89d,intermediate,2,69eb8f1f108d9b87368ef89d,69eb8f1f108d9b87368ef89d,spotlight_PROLIFIC,,42,brazil,Portuguese,"portuguese, english, spanish ",spanish,Portuguese:50|English:40|spanish:10,100,Portuguese:40|English:50|spanish:10,100,Portuguese:75|English:20|spanish:5,100,17,4,Bachelor's,10,10,10,6,7,9,4,20,7,17,Duolingo,150,,,,,22,25,C1,intermediate|advanced,intermediate|advanced,cambridge_22_25_intermediate_advanced,4,20,random,,281.26666259765625,994.0166625976562,305.26666259765625,1077.1666717529297,5,8,,,,,,,,,,,,2026-08-09T15:58:12.658Z,C99S394L,2026-08-09,2026-08-09,12:58:12,2026-08-09 12:58:12,,,,,,,,69eb8f1f108d9b87368ef89d,69eb8f1f108d9b87368ef89d,,,,
17750,hover_association,2,2,int,10,2,2,3,59, networks ,999,294,,69eb8f1f108d9b87368ef89d,69eb8f1f108d9b87368ef89d,intermediate,2,69eb8f1f108d9b87368ef89d,69eb8f1f108d9b87368ef89d,spotlight_PROLIFIC,,42,brazil,Portuguese,"portuguese, english, spanish ",spanish,Portuguese:50|English:40|spanish:10,100,Portuguese:40|English:50|spanish:10,100,Portuguese:75|English:20|spanish:5,100,17,4,Bachelor's,10,10,10,6,7,9,4,20,7,17,Duolingo,150,,,,,22,25,C1,intermediate|advanced,intermediate|advanced,cambridge_22_25_intermediate_advanced,4,20,random,,273.26666259765625,994.0166625976562,313.26666259765625,1077.166648864746,5,8,hover,133,133,0.03587898851553428,0.5183334350585938,98,,,,,,2026-08-09T15:58:12.658Z,C99S394L,2026-08-09,2026-08-09,12:58:12,2026-08-09 12:58:12,,,,,,,,69eb8f1f108d9b87368ef89d,69eb8f1f108d9b87368ef89d,,,,
17752,raw_position_sample,2,2,int,10,2,2,3,58, phone ,988,295,725196,69eb8f1f108d9b87368ef89d,69eb8f1f108d9b87368ef89d,intermediate,2,69eb8f1f108d9b87368ef89d,69eb8f1f108d9b87368ef89d,spotlight_PROLIFIC,,42,brazil,Portuguese,"portuguese, english, spanish ",spanish,Portuguese:50|English:40|spanish:10,100,Portuguese:40|English:50|spanish:10,100,Portuguese:75|English:20|spanish:5,100,17,4,Bachelor's,10,10,10,6,7,9,4,20,7,17,Duolingo,150,,,,,22,25,C1,intermediate|advanced,intermediate|advanced,cambridge_22_25_intermediate_advanced,4,20,random,,281.26666259765625,935,305.26666259765625,994.0166625976562,5,7,,,,,,,,,,,,2026-08-09T15:58:12.658Z,C99S394L,2026-08-09,2026-08-09,12:58:12,2026-08-09 12:58:12,,,,,,,,69eb8f1f108d9b87368ef89d,69eb8f1f108d9b87368ef89d,,,,
17802,raw_position_sample,2,2,int,10,2,2,3,58, phone ,972,295,725246,69eb8f1f108d9b87368ef89d,69eb8f1f108d9b87368ef89d,intermediate,2,69eb8f1f108d9b87368ef89d,69eb8f1f108d9b87368ef89d,spotlight_PROLIFIC,,42,brazil,Portuguese,"portuguese, english, spanish ",spanish,Portuguese:50|English:40|spanish:10,100,Portuguese:40|English:50|spanish:10,100,Portuguese:75|English:20|spanish:5,100,17,4,Bachelor's,10,10,10,6,7,9,4,20,7,17,Duolingo,150,,,,,22,25,C1,intermediate|advanced,intermediate|advanced,cambridge_22_25_intermediate_advanced,4,20,random,,281.26666259765625,935,305.26666259765625,994.0166625976562,5,7,,,,,,,,,,,,2026-08-09T15:58:12.658Z,C99S394L,2026-08-09,2026-08-09,12:58:12,2026-08-09 12:58:12,,,,,,,,69eb8f1f108d9b87368ef89d,69eb8f1f108d9b87368ef89d,,,,
17853,raw_position_sample,2,2,int,10,2,2,3,58, phone ,972,295,725296,69eb8f1f108d9b87368ef89d,69eb8f1f108d9b87368ef89d,intermediate,2,69eb8f1f108d9b87368ef89d,69eb8f1f108d9b87368ef89d,spotlight_PROLIFIC,,42,brazil,Portuguese,"portuguese, english, spanish ",spanish,Portuguese:50|English:40|spanish:10,100,Portuguese:40|English:50|spanish:10,100,Portuguese:75|English:20|spanish:5,100,17,4,Bachelor's,10,10,10,6,7,9,4,20,7,17,Duolingo,150,,,,,22,25,C1,intermediate|advanced,intermediate|advanced,cambridge_22_25_intermediate_advanced,4,20,random,,281.26666259765625,935,305.26666259765625,994.0166625976562,5,7,,,,,,,,,,,,2026-08-09T15:58:12.658Z,C99S394L,2026-08-09,2026-08-09,12:58:12,2026-08-09 12:58:12,,,,,,,,69eb8f1f108d9b87368ef89d,69eb8f1f108d9b87368ef89d,,,,
17903,raw_position_sample,2,2,int,10,2,2,3,58, phone ,968,295,725346,69eb8f1f108d9b87368ef89d,69eb8f1f108d9b87368ef89d,intermediate,2,69eb8f1f108d9b87368ef89d,69eb8f1f108d9b87368ef89d,spotlight_PROLIFIC,,42,brazil,Portuguese,"portuguese, english, spanish ",spanish,Portuguese:50|English:40|spanish:10,100,Portuguese:40|English:50|spanish:10,100,Portuguese:75|English:20|spanish:5,100,17,4,Bachelor's,10,10,10,6,7,9,4,20,7,17,Duolingo,150,,,,,22,25,C1,intermediate|advanced,intermediate|advanced,cambridge_22_25_intermediate_advanced,4,20,random,,281.26666259765625,935,305.26666259765625,994.0166625976562,5,7,,,,,,,,,,,,2026-08-09T15:58:12.658Z,C99S394L,2026-08-09,2026-08-09,12:58:12,2026-08-09 12:58:12,,,,,,,,69eb8f1f108d9b87368ef89d,69eb8f1f108d9b87368ef89d,,,,
17954,raw_position_sample,2,2,int,10,2,2,3,58, phone ,951,295,725396,69eb8f1f108d9b87368ef89d,69eb8f1f108d9b87368ef89d,intermediate,2,69eb8f1f108d9b87368ef89d,69eb8f1f108d9b87368ef89d,spotlight_PROLIFIC,,42,brazil,Portuguese,"portuguese, english, spanish ",spanish,Portuguese:50|English:40|spanish:10,100,Portuguese:40|English:50|spanish:10,100,Portuguese:75|English:20|spanish:5,100,17,4,Bachelor's,10,10,10,6,7,9,4,20,7,17,Duolingo,150,,,,,22,25,C1,intermediate|advanced,intermediate|advanced,cambridge_22_25_intermediate_advanced,4,20,random,,281.26666259765625,935,305.26666259765625,994.0166625976562,5,7,,,,,,,,,,,,2026-08-09T15:58:12.658Z,C99S394L,2026-08-09,2026-08-09,12:58:12,2026-08-09 12:58:12,,,,,,,,69eb8f1f108d9b87368ef89d,69eb8f1f108d9b87368ef89d,,,,
17983,hover_association,2,2,int,10,2,2,3,58, phone ,988,295,,69eb8f1f108d9b87368ef89d,69eb8f1f108d9b87368ef89d,intermediate,2,69eb8f1f108d9b87368ef89d,69eb8f1f108d9b87368ef89d,spotlight_PROLIFIC,,42,brazil,Portuguese,"portuguese, english, spanish ",spanish,Portuguese:50|English:40|spanish:10,100,Portuguese:40|English:50|spanish:10,100,Portuguese:75|English:20|spanish:5,100,17,4,Bachelor's,10,10,10,6,7,9,4,20,7,17,Duolingo,150,,,,,22,25,C1,intermediate|advanced,intermediate|advanced,cambridge_22_25_intermediate_advanced,4,20,random,,273.26666259765625,934.9999923706055,313.26666259765625,994.0166625976562,5,7,hover,232,232,0.03388885922740201,0.5933334350585937,98,,,,,,2026-08-09T15:58:12.658Z,C99S394L,2026-08-09,2026-08-09,12:58:12,2026-08-09 12:58:12,,,,,,,,69eb8f1f108d9b87368ef89d,69eb8f1f108d9b87368ef89d,,,,
18004,raw_position_sample,2,2,int,10,2,2,3,57, Mobile ,907,300,725447,69eb8f1f108d9b87368ef89d,69eb8f1f108d9b87368ef89d,intermediate,2,69eb8f1f108d9b87368ef89d,69eb8f1f108d9b87368ef89d,spotlight_PROLIFIC,,42,brazil,Portuguese,"portuguese, english, spanish ",spanish,Portuguese:50|English:40|spanish:10,100,Portuguese:40|English:50|spanish:10,100,Portuguese:75|English:20|spanish:5,100,17,4,Bachelor's,10,10,10,6,7,9,4,20,7,17,Duolingo,150,,,,,22,25,C1,intermediate|advanced,intermediate|advanced,cambridge_22_25_intermediate_advanced,4,20,random,,281.26666259765625,872.5833129882812,305.26666259765625,934.9999847412109,5,6,,,,,,,,,,,,2026-08-09T15:58:12.658Z,C99S394L,2026-08-09,2026-08-09,12:58:12,2026-08-09 12:58:12,,,,,,,,69eb8f1f108d9b87368ef89d,69eb8f1f108d9b87368ef89d,,,,
18054,raw_position_sample,2,2,int,10,2,2,3,57, Mobile ,893,301,725497,69eb8f1f108d9b87368ef89d,69eb8f1f108d9b87368ef89d,intermediate,2,69eb8f1f108d9b87368ef89d,69eb8f1f108d9b87368ef89d,spotlight_PROLIFIC,,42,brazil,Portuguese,"portuguese, english, spanish ",spanish,Portuguese:50|English:40|spanish:10,100,Portuguese:40|English:50|spanish:10,100,Portuguese:75|English:20|spanish:5,100,17,4,Bachelor's,10,10,10,6,7,9,4,20,7,17,Duolingo,150,,,,,22,25,C1,intermediate|advanced,intermediate|advanced,cambridge_22_25_intermediate_advanced,4,20,random,,281.26666259765625,872.5833129882812,305.26666259765625,934.9999847412109,5,6,,,,,,,,,,,,2026-08-09T15:58:12.658Z,C99S394L,2026-08-09,2026-08-09,12:58:12,2026-08-09 12:58:12,,,,,,,,69eb8f1f108d9b87368ef89d,69eb8f1f108d9b87368ef89d,,,,
18104,raw_position_sample,2,2,int,10,2,2,3,57, Mobile ,885,301,725547,69eb8f1f108d9b87368ef89d,69eb8f1f108d9b87368ef89d,intermediate,2,69eb8f1f108d9b87368ef89d,69eb8f1f108d9b87368ef89d,spotlight_PROLIFIC,,42,brazil,Portuguese,"portuguese, english, spanish ",spanish,Portuguese:50|English:40|spanish:10,100,Portuguese:40|English:50|spanish:10,100,Portuguese:75|English:20|spanish:5,100,17,4,Bachelor's,10,10,10,6,7,9,4,20,7,17,Duolingo,150,,,,,22,25,C1,intermediate|advanced,intermediate|advanced,cambridge_22_25_intermediate_advanced,4,20,random,,281.26666259765625,872.5833129882812,305.26666259765625,934.9999847412109,5,6,,,,,,,,,,,,2026-08-09T15:58:12.658Z,C99S394L,2026-08-09,2026-08-09,12:58:12,2026-08-09 12:58:12,,,,,,,,69eb8f1f108d9b87368ef89d,69eb8f1f108d9b87368ef89d,,,,
18154,raw_position_sample,2,2,int,10,2,2,3,57, Mobile ,882,302,725597,69eb8f1f108d9b87368ef89d,69eb8f1f108d9b87368ef89d,intermediate,2,69eb8f1f108d9b87368ef89d,69eb8f1f108d9b87368ef89d,spotlight_PROLIFIC,,42,brazil,Portuguese,"portuguese, english, spanish ",spanish,Portuguese:50|English:40|spanish:10,100,Portuguese:40|English:50|spanish:10,100,Portuguese:75|English:20|spanish:5,100,17,4,Bachelor's,10,10,10,6,7,9,4,20,7,17,Duolingo,150,,,,,22,25,C1,intermediate|advanced,intermediate|advanced,cambridge_22_25_intermediate_advanced,4,20,random,,281.26666259765625,872.5833129882812,305.26666259765625,934.9999847412109,5,6,,,,,,,,,,,,2026-08-09T15:58:12.658Z,C99S394L,2026-08-09,2026-08-09,12:58:12,2026-08-09 12:58:12,,,,,,,,69eb8f1f108d9b87368ef89d,69eb8f1f108d9b87368ef89d,,,,
18205,raw_position_sample,2,2,int,10,2,2,3,57, Mobile ,882,302,725648,69eb8f1f108d9b87368ef89d,69eb8f1f108d9b87368ef89d,intermediate,2,69eb8f1f108d9b87368ef89d,69eb8f1f108d9b87368ef89d,spotlight_PROLIFIC,,42,brazil,Portuguese,"portuguese, english, spanish ",spanish,Portuguese:50|English:40|spanish:10,100,Portuguese:40|English:50|spanish:10,100,Portuguese:75|English:20|spanish:5,100,17,4,Bachelor's,10,10,10,6,7,9,4,20,7,17,Duolingo,150,,,,,22,25,C1,intermediate|advanced,intermediate|advanced,cambridge_22_25_intermediate_advanced,4,20,random,,281.26666259765625,872.5833129882812,305.26666259765625,934.9999847412109,5,6,,,,,,,,,,,,2026-08-09T15:58:12.658Z,C99S394L,2026-08-09,2026-08-09,12:58:12,2026-08-09 12:58:12,,,,,,,,69eb8f1f108d9b87368ef89d,69eb8f1f108d9b87368ef89d,,,,
18255,raw_position_sample,2,2,int,10,2,2,3,57, Mobile ,882,302,725698,69eb8f1f108d9b87368ef89d,69eb8f1f108d9b87368ef89d,intermediate,2,69eb8f1f108d9b87368ef89d,69eb8f1f108d9b87368ef89d,spotlight_PROLIFIC,,42,brazil,Portuguese,"portuguese, english, spanish ",spanish,Portuguese:50|English:40|spanish:10,100,Portuguese:40|English:50|spanish:10,100,Portuguese:75|English:20|spanish:5,100,17,4,Bachelor's,10,10,10,6,7,9,4,20,7,17,Duolingo,150,,,,,22,25,C1,intermediate|advanced,intermediate|advanced,cambridge_22_25_intermediate_advanced,4,20,random,,281.26666259765625,872.5833129882812,305.26666259765625,934.9999847412109,5,6,,,,,,,,,,,,2026-08-09T15:58:12.658Z,C99S394L,2026-08-09,2026-08-09,12:58:12,2026-08-09 12:58:12,,,,,,,,69eb8f1f108d9b87368ef89d,69eb8f1f108d9b87368ef89d,,,,
18305,raw_position_sample,2,2,int,10,2,2,3,57, Mobile ,888,302,725748,69eb8f1f108d9b87368ef89d,69eb8f1f108d9b87368ef89d,intermediate,2,69eb8f1f108d9b87368ef89d,69eb8f1f108d9b87368ef89d,spotlight_PROLIFIC,,42,brazil,Portuguese,"portuguese, english, spanish ",spanish,Portuguese:50|English:40|spanish:10,100,Portuguese:40|English:50|spanish:10,100,Portuguese:75|English:20|spanish:5,100,17,4,Bachelor's,10,10,10,6,7,9,4,20,7,17,Duolingo,150,,,,,22,25,C1,intermediate|advanced,intermediate|advanced,cambridge_22_25_intermediate_advanced,4,20,random,,281.26666259765625,872.5833129882812,305.26666259765625,934.9999847412109,5,6,,,,,,,,,,,,2026-08-09T15:58:12.658Z,C99S394L,2026-08-09,2026-08-09,12:58:12,2026-08-09 12:58:12,,,,,,,,69eb8f1f108d9b87368ef89d,69eb8f1f108d9b87368ef89d,,,,
18355,raw_position_sample,2,2,int,10,2,2,3,57, Mobile ,910,298,725798,69eb8f1f108d9b87368ef89d,69eb8f1f108d9b87368ef89d,intermediate,2,69eb8f1f108d9b87368ef89d,69eb8f1f108d9b87368ef89d,spotlight_PROLIFIC,,42,brazil,Portuguese,"portuguese, english, spanish ",spanish,Portuguese:50|English:40|spanish:10,100,Portuguese:40|English:50|spanish:10,100,Portuguese:75|English:20|spanish:5,100,17,4,Bachelor's,10,10,10,6,7,9,4,20,7,17,Duolingo,150,,,,,22,25,C1,intermediate|advanced,intermediate|advanced,cambridge_22_25_intermediate_advanced,4,20,random,,281.26666259765625,872.5833129882812,305.26666259765625,934.9999847412109,5,6,,,,,,,,,,,,2026-08-09T15:58:12.658Z,C99S394L,2026-08-09,2026-08-09,12:58:12,2026-08-09 12:58:12,,,,,,,,69eb8f1f108d9b87368ef89d,69eb8f1f108d9b87368ef89d,,,,
18383,hover_association,2,2,int,10,2,2,3,57, Mobile ,921,299,,69eb8f1f108d9b87368ef89d,69eb8f1f108d9b87368ef89d,intermediate,2,69eb8f1f108d9b87368ef89d,69eb8f1f108d9b87368ef89d,spotlight_PROLIFIC,,42,brazil,Portuguese,"portuguese, english, spanish ",spanish,Portuguese:50|English:40|spanish:10,100,Portuguese:40|English:50|spanish:10,100,Portuguese:75|English:20|spanish:5,100,17,4,Bachelor's,10,10,10,6,7,9,4,20,7,17,Duolingo,150,,,,,22,25,C1,intermediate|advanced,intermediate|advanced,cambridge_22_25_intermediate_advanced,4,20,random,,273.26666259765625,872.5833358764648,313.26666259765625,934.9999923706055,5,6,hover,401,401,0.7917223846838729,0.5933334350585937,98,,,,,,2026-08-09T15:58:12.658Z,C99S394L,2026-08-09,2026-08-09,12:58:12,2026-08-09 12:58:12,,,,,,,,69eb8f1f108d9b87368ef89d,69eb8f1f108d9b87368ef89d,,,,
18405,raw_position_sample,2,2,int,10,2,2,3,58, phone ,949,295,725848,69eb8f1f108d9b87368ef89d,69eb8f1f108d9b87368ef89d,intermediate,2,69eb8f1f108d9b87368ef89d,69eb8f1f108d9b87368ef89d,spotlight_PROLIFIC,,42,brazil,Portuguese,"portuguese, english, spanish ",spanish,Portuguese:50|English:40|spanish:10,100,Portuguese:40|English:50|spanish:10,100,Portuguese:75|English:20|spanish:5,100,17,4,Bachelor's,10,10,10,6,7,9,4,20,7,17,Duolingo,150,,,,,22,25,C1,intermediate|advanced,intermediate|advanced,cambridge_22_25_intermediate_advanced,4,20,random,,281.26666259765625,935,305.26666259765625,994.0166625976562,5,7,,,,,,,,,,,,2026-08-09T15:58:12.658Z,C99S394L,2026-08-09,2026-08-09,12:58:12,2026-08-09 12:58:12,,,,,,,,69eb8f1f108d9b87368ef89d,69eb8f1f108d9b87368ef89d,,,,
18456,raw_position_sample,2,2,int,10,2,2,3,58, phone ,992,290,725899,69eb8f1f108d9b87368ef89d,69eb8f1f108d9b87368ef89d,intermediate,2,69eb8f1f108d9b87368ef89d,69eb8f1f108d9b87368ef89d,spotlight_PROLIFIC,,42,brazil,Portuguese,"portuguese, english, spanish ",spanish,Portuguese:50|English:40|spanish:10,100,Portuguese:40|English:50|spanish:10,100,Portuguese:75|English:20|spanish:5,100,17,4,Bachelor's,10,10,10,6,7,9,4,20,7,17,Duolingo,150,,,,,22,25,C1,intermediate|advanced,intermediate|advanced,cambridge_22_25_intermediate_advanced,4,20,random,,281.26666259765625,935,305.26666259765625,994.0166625976562,5,7,,,,,,,,,,,,2026-08-09T15:58:12.658Z,C99S394L,2026-08-09,2026-08-09,12:58:12,2026-08-09 12:58:12,,,,,,,,69eb8f1f108d9b87368ef89d,69eb8f1f108d9b87368ef89d,,,,
18466,hover_association,2,2,int,10,2,2,3,58, phone ,936,297,,69eb8f1f108d9b87368ef89d,69eb8f1f108d9b87368ef89d,intermediate,2,69eb8f1f108d9b87368ef89d,69eb8f1f108d9b87368ef89d,spotlight_PROLIFIC,,42,brazil,Portuguese,"portuguese, english, spanish ",spanish,Portuguese:50|English:40|spanish:10,100,Portuguese:40|English:50|spanish:10,100,Portuguese:75|English:20|spanish:5,100,17,4,Bachelor's,10,10,10,6,7,9,4,20,7,17,Duolingo,150,,,,,22,25,C1,intermediate|advanced,intermediate|advanced,cambridge_22_25_intermediate_advanced,4,20,random,,273.26666259765625,934.9999923706055,313.26666259765625,994.0166625976562,5,7,hover,83,83,0.9658289329117065,0.41833343505859377,98,,,,,,2026-08-09T15:58:12.658Z,C99S394L,2026-08-09,2026-08-09,12:58:12,2026-08-09 12:58:12,,,,,,,,69eb8f1f108d9b87368ef89d,69eb8f1f108d9b87368ef89d,,,,
18506,raw_position_sample,2,2,int,10,2,2,3,59, networks ,1002,289,725949,69eb8f1f108d9b87368ef89d,69eb8f1f108d9b87368ef89d,intermediate,2,69eb8f1f108d9b87368ef89d,69eb8f1f108d9b87368ef89d,spotlight_PROLIFIC,,42,brazil,Portuguese,"portuguese, english, spanish ",spanish,Portuguese:50|English:40|spanish:10,100,Portuguese:40|English:50|spanish:10,100,Portuguese:75|English:20|spanish:5,100,17,4,Bachelor's,10,10,10,6,7,9,4,20,7,17,Duolingo,150,,,,,22,25,C1,intermediate|advanced,intermediate|advanced,cambridge_22_25_intermediate_advanced,4,20,random,,281.26666259765625,994.0166625976562,305.26666259765625,1077.1666717529297,5,8,,,,,,,,,,,,2026-08-09T15:58:12.658Z,C99S394L,2026-08-09,2026-08-09,12:58:12,2026-08-09 12:58:12,,,,,,,,69eb8f1f108d9b87368ef89d,69eb8f1f108d9b87368ef89d,,,,
18556,raw_position_sample,2,2,int,10,2,2,3,59, networks ,1013,289,726000,69eb8f1f108d9b87368ef89d,69eb8f1f108d9b87368ef89d,intermediate,2,69eb8f1f108d9b87368ef89d,69eb8f1f108d9b87368ef89d,spotlight_PROLIFIC,,42,brazil,Portuguese,"portuguese, english, spanish ",spanish,Portuguese:50|English:40|spanish:10,100,Portuguese:40|English:50|spanish:10,100,Portuguese:75|English:20|spanish:5,100,17,4,Bachelor's,10,10,10,6,7,9,4,20,7,17,Duolingo,150,,,,,22,25,C1,intermediate|advanced,intermediate|advanced,cambridge_22_25_intermediate_advanced,4,20,random,,281.26666259765625,994.0166625976562,305.26666259765625,1077.1666717529297,5,8,,,,,,,,,,,,2026-08-09T15:58:12.658Z,C99S394L,2026-08-09,2026-08-09,12:58:12,2026-08-09 12:58:12,,,,,,,,69eb8f1f108d9b87368ef89d,69eb8f1f108d9b87368ef89d,,,,
18607,raw_position_sample,2,2,int,10,2,2,3,59, networks ,1022,289,726050,69eb8f1f108d9b87368ef89d,69eb8f1f108d9b87368ef89d,intermediate,2,69eb8f1f108d9b87368ef89d,69eb8f1f108d9b87368ef89d,spotlight_PROLIFIC,,42,brazil,Portuguese,"portuguese, english, spanish ",spanish,Portuguese:50|English:40|spanish:10,100,Portuguese:40|English:50|spanish:10,100,Portuguese:75|English:20|spanish:5,100,17,4,Bachelor's,10,10,10,6,7,9,4,20,7,17,Duolingo,150,,,,,22,25,C1,intermediate|advanced,intermediate|advanced,cambridge_22_25_intermediate_advanced,4,20,random,,281.26666259765625,994.0166625976562,305.26666259765625,1077.1666717529297,5,8,,,,,,,,,,,,2026-08-09T15:58:12.658Z,C99S394L,2026-08-09,2026-08-09,12:58:12,2026-08-09 12:58:12,,,,,,,,69eb8f1f108d9b87368ef89d,69eb8f1f108d9b87368ef89d,,,,
18657,raw_position_sample,2,2,int,10,2,2,3,59, networks ,1035,289,726100,69eb8f1f108d9b87368ef89d,69eb8f1f108d9b87368ef89d,intermediate,2,69eb8f1f108d9b87368ef89d,69eb8f1f108d9b87368ef89d,spotlight_PROLIFIC,,42,brazil,Portuguese,"portuguese, english, spanish ",spanish,Portuguese:50|English:40|spanish:10,100,Portuguese:40|English:50|spanish:10,100,Portuguese:75|English:20|spanish:5,100,17,4,Bachelor's,10,10,10,6,7,9,4,20,7,17,Duolingo,150,,,,,22,25,C1,intermediate|advanced,intermediate|advanced,cambridge_22_25_intermediate_advanced,4,20,random,,281.26666259765625,994.0166625976562,305.26666259765625,1077.1666717529297,5,8,,,,,,,,,,,,2026-08-09T15:58:12.658Z,C99S394L,2026-08-09,2026-08-09,12:58:12,2026-08-09 12:58:12,,,,,,,,69eb8f1f108d9b87368ef89d,69eb8f1f108d9b87368ef89d,,,,
18707,raw_position_sample,2,2,int,10,2,2,3,59, networks ,1061,287,726150,69eb8f1f108d9b87368ef89d,69eb8f1f108d9b87368ef89d,intermediate,2,69eb8f1f108d9b87368ef89d,69eb8f1f108d9b87368ef89d,spotlight_PROLIFIC,,42,brazil,Portuguese,"portuguese, english, spanish ",spanish,Portuguese:50|English:40|spanish:10,100,Portuguese:40|English:50|spanish:10,100,Portuguese:75|English:20|spanish:5,100,17,4,Bachelor's,10,10,10,6,7,9,4,20,7,17,Duolingo,150,,,,,22,25,C1,intermediate|advanced,intermediate|advanced,cambridge_22_25_intermediate_advanced,4,20,random,,281.26666259765625,994.0166625976562,305.26666259765625,1077.1666717529297,5,8,,,,,,,,,,,,2026-08-09T15:58:12.658Z,C99S394L,2026-08-09,2026-08-09,12:58:12,2026-08-09 12:58:12,,,,,,,,69eb8f1f108d9b87368ef89d,69eb8f1f108d9b87368ef89d,,,,
18749,hover_association,2,2,int,10,2,2,3,59, networks ,997,290,,69eb8f1f108d9b87368ef89d,69eb8f1f108d9b87368ef89d,intermediate,2,69eb8f1f108d9b87368ef89d,69eb8f1f108d9b87368ef89d,spotlight_PROLIFIC,,42,brazil,Portuguese,"portuguese, english, spanish ",spanish,Portuguese:50|English:40|spanish:10,100,Portuguese:40|English:50|spanish:10,100,Portuguese:75|English:20|spanish:5,100,17,4,Bachelor's,10,10,10,6,7,9,4,20,7,17,Duolingo,150,,,,,22,25,C1,intermediate|advanced,intermediate|advanced,cambridge_22_25_intermediate_advanced,4,20,random,,273.26666259765625,994.0166625976562,313.26666259765625,1077.166648864746,5,8,hover,284,284,0.9979958040617013,0.34333343505859376,98,,,,,,2026-08-09T15:58:12.658Z,C99S394L,2026-08-09,2026-08-09,12:58:12,2026-08-09 12:58:12,,,,,,,,69eb8f1f108d9b87368ef89d,69eb8f1f108d9b87368ef89d,,,,
18757,raw_position_sample,2,2,int,10,2,2,3,60, swiftly ,1082,287,726200,69eb8f1f108d9b87368ef89d,69eb8f1f108d9b87368ef89d,intermediate,2,69eb8f1f108d9b87368ef89d,69eb8f1f108d9b87368ef89d,spotlight_PROLIFIC,,42,brazil,Portuguese,"portuguese, english, spanish ",spanish,Portuguese:50|English:40|spanish:10,100,Portuguese:40|English:50|spanish:10,100,Portuguese:75|English:20|spanish:5,100,17,4,Bachelor's,10,10,10,6,7,9,4,20,7,17,Duolingo,150,,,,,22,25,C1,intermediate|advanced,intermediate|advanced,cambridge_22_25_intermediate_advanced,4,20,random,,281.26666259765625,1077.1666259765625,305.26666259765625,1135.7999572753906,5,9,,,,,,,,,,,,2026-08-09T15:58:12.658Z,C99S394L,2026-08-09,2026-08-09,12:58:12,2026-08-09 12:58:12,,,,,,,,69eb8f1f108d9b87368ef89d,69eb8f1f108d9b87368ef89d,,,,
18807,raw_position_sample,2,2,int,10,2,2,3,60, swiftly ,1084,287,726250,69eb8f1f108d9b87368ef89d,69eb8f1f108d9b87368ef89d,intermediate,2,69eb8f1f108d9b87368ef89d,69eb8f1f108d9b87368ef89d,spotlight_PROLIFIC,,42,brazil,Portuguese,"portuguese, english, spanish ",spanish,Portuguese:50|English:40|spanish:10,100,Portuguese:40|English:50|spanish:10,100,Portuguese:75|English:20|spanish:5,100,17,4,Bachelor's,10,10,10,6,7,9,4,20,7,17,Duolingo,150,,,,,22,25,C1,intermediate|advanced,intermediate|advanced,cambridge_22_25_intermediate_advanced,4,20,random,,281.26666259765625,1077.1666259765625,305.26666259765625,1135.7999572753906,5,9,,,,,,,,,,,,2026-08-09T15:58:12.658Z,C99S394L,2026-08-09,2026-08-09,12:58:12,2026-08-09 12:58:12,,,,,,,,69eb8f1f108d9b87368ef89d,69eb8f1f108d9b87368ef89d,,,,
18858,raw_position_sample,2,2,int,10,2,2,3,60, swiftly ,1086,287,726301,69eb8f1f108d9b87368ef89d,69eb8f1f108d9b87368ef89d,intermediate,2,69eb8f1f108d9b87368ef89d,69eb8f1f108d9b87368ef89d,spotlight_PROLIFIC,,42,brazil,Portuguese,"portuguese, english, spanish ",spanish,Portuguese:50|English:40|spanish:10,100,Portuguese:40|English:50|spanish:10,100,Portuguese:75|English:20|spanish:5,100,17,4,Bachelor's,10,10,10,6,7,9,4,20,7,17,Duolingo,150,,,,,22,25,C1,intermediate|advanced,intermediate|advanced,cambridge_22_25_intermediate_advanced,4,20,random,,281.26666259765625,1077.1666259765625,305.26666259765625,1135.7999572753906,5,9,,,,,,,,,,,,2026-08-09T15:58:12.658Z,C99S394L,2026-08-09,2026-08-09,12:58:12,2026-08-09 12:58:12,,,,,,,,69eb8f1f108d9b87368ef89d,69eb8f1f108d9b87368ef89d,,,,
18907,raw_position_sample,2,2,int,10,2,2,3,60, swiftly ,1090,287,726351,69eb8f1f108d9b87368ef89d,69eb8f1f108d9b87368ef89d,intermediate,2,69eb8f1f108d9b87368ef89d,69eb8f1f108d9b87368ef89d,spotlight_PROLIFIC,,42,brazil,Portuguese,"portuguese, english, spanish ",spanish,Portuguese:50|English:40|spanish:10,100,Portuguese:40|English:50|spanish:10,100,Portuguese:75|English:20|spanish:5,100,17,4,Bachelor's,10,10,10,6,7,9,4,20,7,17,Duolingo,150,,,,,22,25,C1,intermediate|advanced,intermediate|advanced,cambridge_22_25_intermediate_advanced,4,20,random,,281.26666259765625,1077.1666259765625,305.26666259765625,1135.7999572753906,5,9,,,,,,,,,,,,2026-08-09T15:58:12.658Z,C99S394L,2026-08-09,2026-08-09,12:58:12,2026-08-09 12:58:12,,,,,,,,69eb8f1f108d9b87368ef89d,69eb8f1f108d9b87368ef89d,,,,
18957,raw_position_sample,2,2,int,10,2,2,3,60, swiftly ,1102,287,726401,69eb8f1f108d9b87368ef89d,69eb8f1f108d9b87368ef89d,intermediate,2,69eb8f1f108d9b87368ef89d,69eb8f1f108d9b87368ef89d,spotlight_PROLIFIC,,42,brazil,Portuguese,"portuguese, english, spanish ",spanish,Portuguese:50|English:40|spanish:10,100,Portuguese:40|English:50|spanish:10,100,Portuguese:75|English:20|spanish:5,100,17,4,Bachelor's,10,10,10,6,7,9,4,20,7,17,Duolingo,150,,,,,22,25,C1,intermediate|advanced,intermediate|advanced,cambridge_22_25_intermediate_advanced,4,20,random,,281.26666259765625,1077.1666259765625,305.26666259765625,1135.7999572753906,5,9,,,,,,,,,,,,2026-08-09T15:58:12.658Z,C99S394L,2026-08-09,2026-08-09,12:58:12,2026-08-09 12:58:12,,,,,,,,69eb8f1f108d9b87368ef89d,69eb8f1f108d9b87368ef89d,,,,
19008,raw_position_sample,2,2,int,10,2,2,3,60, swiftly ,1116,287,726452,69eb8f1f108d9b87368ef89d,69eb8f1f108d9b87368ef89d,intermediate,2,69eb8f1f108d9b87368ef89d,69eb8f1f108d9b87368ef89d,spotlight_PROLIFIC,,42,brazil,Portuguese,"portuguese, english, spanish ",spanish,Portuguese:50|English:40|spanish:10,100,Portuguese:40|English:50|spanish:10,100,Portuguese:75|English:20|spanish:5,100,17,4,Bachelor's,10,10,10,6,7,9,4,20,7,17,Duolingo,150,,,,,22,25,C1,intermediate|advanced,intermediate|advanced,cambridge_22_25_intermediate_advanced,4,20,random,,281.26666259765625,1077.1666259765625,305.26666259765625,1135.7999572753906,5,9,,,,,,,,,,,,2026-08-09T15:58:12.658Z,C99S394L,2026-08-09,2026-08-09,12:58:12,2026-08-09 12:58:12,,,,,,,,69eb8f1f108d9b87368ef89d,69eb8f1f108d9b87368ef89d,,,,
19050,hover_association,2,2,int,10,2,2,3,60, swiftly ,1082,287,,69eb8f1f108d9b87368ef89d,69eb8f1f108d9b87368ef89d,intermediate,2,69eb8f1f108d9b87368ef89d,69eb8f1f108d9b87368ef89d,spotlight_PROLIFIC,,42,brazil,Portuguese,"portuguese, english, spanish ",spanish,Portuguese:50|English:40|spanish:10,100,Portuguese:40|English:50|spanish:10,100,Portuguese:75|English:20|spanish:5,100,17,4,Bachelor's,10,10,10,6,7,9,4,20,7,17,Duolingo,150,,,,,22,25,C1,intermediate|advanced,intermediate|advanced,cambridge_22_25_intermediate_advanced,4,20,random,,273.26666259765625,1077.166648864746,313.26666259765625,1135.8000030517578,5,9,hover,300,300,0.9522455590238421,0.34333343505859376,98,,,,,,2026-08-09T15:58:12.658Z,C99S394L,2026-08-09,2026-08-09,12:58:12,2026-08-09 12:58:12,,,,,,,,69eb8f1f108d9b87368ef89d,69eb8f1f108d9b87368ef89d,,,,
19059,raw_position_sample,2,2,int,10,2,2,3,61, became ,1142,287,726502,69eb8f1f108d9b87368ef89d,69eb8f1f108d9b87368ef89d,intermediate,2,69eb8f1f108d9b87368ef89d,69eb8f1f108d9b87368ef89d,spotlight_PROLIFIC,,42,brazil,Portuguese,"portuguese, english, spanish ",spanish,Portuguese:50|English:40|spanish:10,100,Portuguese:40|English:50|spanish:10,100,Portuguese:75|English:20|spanish:5,100,17,4,Bachelor's,10,10,10,6,7,9,4,20,7,17,Duolingo,150,,,,,22,25,C1,intermediate|advanced,intermediate|advanced,cambridge_22_25_intermediate_advanced,4,20,random,,281.26666259765625,1135.800048828125,305.26666259765625,1207.4167175292969,5,10,,,,,,,,,,,,2026-08-09T15:58:12.658Z,C99S394L,2026-08-09,2026-08-09,12:58:12,2026-08-09 12:58:12,,,,,,,,69eb8f1f108d9b87368ef89d,69eb8f1f108d9b87368ef89d,,,,
19109,raw_position_sample,2,2,int,10,2,2,3,61, became ,1160,287,726552,69eb8f1f108d9b87368ef89d,69eb8f1f108d9b87368ef89d,intermediate,2,69eb8f1f108d9b87368ef89d,69eb8f1f108d9b87368ef89d,spotlight_PROLIFIC,,42,brazil,Portuguese,"portuguese, english, spanish ",spanish,Portuguese:50|English:40|spanish:10,100,Portuguese:40|English:50|spanish:10,100,Portuguese:75|English:20|spanish:5,100,17,4,Bachelor's,10,10,10,6,7,9,4,20,7,17,Duolingo,150,,,,,22,25,C1,intermediate|advanced,intermediate|advanced,cambridge_22_25_intermediate_advanced,4,20,random,,281.26666259765625,1135.800048828125,305.26666259765625,1207.4167175292969,5,10,,,,,,,,,,,,2026-08-09T15:58:12.658Z,C99S394L,2026-08-09,2026-08-09,12:58:12,2026-08-09 12:58:12,,,,,,,,69eb8f1f108d9b87368ef89d,69eb8f1f108d9b87368ef89d,,,,
19159,raw_position_sample,2,2,int,10,2,2,3,61, became ,1172,287,726602,69eb8f1f108d9b87368ef89d,69eb8f1f108d9b87368ef89d,intermediate,2,69eb8f1f108d9b87368ef89d,69eb8f1f108d9b87368ef89d,spotlight_PROLIFIC,,42,brazil,Portuguese,"portuguese, english, spanish ",spanish,Portuguese:50|English:40|spanish:10,100,Portuguese:40|English:50|spanish:10,100,Portuguese:75|English:20|spanish:5,100,17,4,Bachelor's,10,10,10,6,7,9,4,20,7,17,Duolingo,150,,,,,22,25,C1,intermediate|advanced,intermediate|advanced,cambridge_22_25_intermediate_advanced,4,20,random,,281.26666259765625,1135.800048828125,305.26666259765625,1207.4167175292969,5,10,,,,,,,,,,,,2026-08-09T15:58:12.658Z,C99S394L,2026-08-09,2026-08-09,12:58:12,2026-08-09 12:58:12,,,,,,,,69eb8f1f108d9b87368ef89d,69eb8f1f108d9b87368ef89d,,,,
19209,raw_position_sample,2,2,int,10,2,2,3,61, became ,1177,287,726652,69eb8f1f108d9b87368ef89d,69eb8f1f108d9b87368ef89d,intermediate,2,69eb8f1f108d9b87368ef89d,69eb8f1f108d9b87368ef89d,spotlight_PROLIFIC,,42,brazil,Portuguese,"portuguese, english, spanish ",spanish,Portuguese:50|English:40|spanish:10,100,Portuguese:40|English:50|spanish:10,100,Portuguese:75|English:20|spanish:5,100,17,4,Bachelor's,10,10,10,6,7,9,4,20,7,17,Duolingo,150,,,,,22,25,C1,intermediate|advanced,intermediate|advanced,cambridge_22_25_intermediate_advanced,4,20,random,,281.26666259765625,1135.800048828125,305.26666259765625,1207.4167175292969,5,10,,,,,,,,,,,,2026-08-09T15:58:12.658Z,C99S394L,2026-08-09,2026-08-09,12:58:12,2026-08-09 12:58:12,,,,,,,,69eb8f1f108d9b87368ef89d,69eb8f1f108d9b87368ef89d,,,,
19259,raw_position_sample,2,2,int,10,2,2,3,61, became ,1184,287,726703,69eb8f1f108d9b87368ef89d,69eb8f1f108d9b87368ef89d,intermediate,2,69eb8f1f108d9b87368ef89d,69eb8f1f108d9b87368ef89d,spotlight_PROLIFIC,,42,brazil,Portuguese,"portuguese, english, spanish ",spanish,Portuguese:50|English:40|spanish:10,100,Portuguese:40|English:50|spanish:10,100,Portuguese:75|English:20|spanish:5,100,17,4,Bachelor's,10,10,10,6,7,9,4,20,7,17,Duolingo,150,,,,,22,25,C1,intermediate|advanced,intermediate|advanced,cambridge_22_25_intermediate_advanced,4,20,random,,281.26666259765625,1135.800048828125,305.26666259765625,1207.4167175292969,5,10,,,,,,,,,,,,2026-08-09T15:58:12.658Z,C99S394L,2026-08-09,2026-08-09,12:58:12,2026-08-09 12:58:12,,,,,,,,69eb8f1f108d9b87368ef89d,69eb8f1f108d9b87368ef89d,,,,
19309,raw_position_sample,2,2,int,10,2,2,3,61, became ,1202,288,726753,69eb8f1f108d9b87368ef89d,69eb8f1f108d9b87368ef89d,intermediate,2,69eb8f1f108d9b87368ef89d,69eb8f1f108d9b87368ef89d,spotlight_PROLIFIC,,42,brazil,Portuguese,"portuguese, english, spanish ",spanish,Portuguese:50|English:40|spanish:10,100,Portuguese:40|English:50|spanish:10,100,Portuguese:75|English:20|spanish:5,100,17,4,Bachelor's,10,10,10,6,7,9,4,20,7,17,Duolingo,150,,,,,22,25,C1,intermediate|advanced,intermediate|advanced,cambridge_22_25_intermediate_advanced,4,20,random,,281.26666259765625,1135.800048828125,305.26666259765625,1207.4167175292969,5,10,,,,,,,,,,,,2026-08-09T15:58:12.658Z,C99S394L,2026-08-09,2026-08-09,12:58:12,2026-08-09 12:58:12,,,,,,,,69eb8f1f108d9b87368ef89d,69eb8f1f108d9b87368ef89d,,,,
19333,hover_association,2,2,int,10,2,2,3,61, became ,1142,287,,69eb8f1f108d9b87368ef89d,69eb8f1f108d9b87368ef89d,intermediate,2,69eb8f1f108d9b87368ef89d,69eb8f1f108d9b87368ef89d,spotlight_PROLIFIC,,42,brazil,Portuguese,"portuguese, english, spanish ",spanish,Portuguese:50|English:40|spanish:10,100,Portuguese:40|English:50|spanish:10,100,Portuguese:75|English:20|spanish:5,100,17,4,Bachelor's,10,10,10,6,7,9,4,20,7,17,Duolingo,150,,,,,22,25,C1,intermediate|advanced,intermediate|advanced,cambridge_22_25_intermediate_advanced,4,20,random,,273.26666259765625,1135.8000030517578,313.26666259765625,1207.4166717529297,5,10,hover,283,283,0.9802186868138073,0.36833343505859373,98,,,,,,2026-08-09T15:58:12.658Z,C99S394L,2026-08-09,2026-08-09,12:58:12,2026-08-09 12:58:12,,,,,,,,69eb8f1f108d9b87368ef89d,69eb8f1f108d9b87368ef89d,,,,
19360,raw_position_sample,2,2,int,10,2,2,3,62, jammed ,1211,288,726803,69eb8f1f108d9b87368ef89d,69eb8f1f108d9b87368ef89d,intermediate,2,69eb8f1f108d9b87368ef89d,69eb8f1f108d9b87368ef89d,spotlight_PROLIFIC,,42,brazil,Portuguese,"portuguese, english, spanish ",spanish,Portuguese:50|English:40|spanish:10,100,Portuguese:40|English:50|spanish:10,100,Portuguese:75|English:20|spanish:5,100,17,4,Bachelor's,10,10,10,6,7,9,4,20,7,17,Duolingo,150,,,,,22,25,C1,intermediate|advanced,intermediate|advanced,cambridge_22_25_intermediate_advanced,4,20,random,,281.26666259765625,1207.4166259765625,305.26666259765625,1277.0499572753906,5,11,,,,,,,,,,,,2026-08-09T15:58:12.658Z,C99S394L,2026-08-09,2026-08-09,12:58:12,2026-08-09 12:58:12,,,,,,,,69eb8f1f108d9b87368ef89d,69eb8f1f108d9b87368ef89d,,,,
19410,raw_position_sample,2,2,int,10,2,2,3,62, jammed ,1211,288,726853,69eb8f1f108d9b87368ef89d,69eb8f1f108d9b87368ef89d,intermediate,2,69eb8f1f108d9b87368ef89d,69eb8f1f108d9b87368ef89d,spotlight_PROLIFIC,,42,brazil,Portuguese,"portuguese, english, spanish ",spanish,Portuguese:50|English:40|spanish:10,100,Portuguese:40|English:50|spanish:10,100,Portuguese:75|English:20|spanish:5,100,17,4,Bachelor's,10,10,10,6,7,9,4,20,7,17,Duolingo,150,,,,,22,25,C1,intermediate|advanced,intermediate|advanced,cambridge_22_25_intermediate_advanced,4,20,random,,281.26666259765625,1207.4166259765625,305.26666259765625,1277.0499572753906,5,11,,,,,,,,,,,,2026-08-09T15:58:12.658Z,C99S394L,2026-08-09,2026-08-09,12:58:12,2026-08-09 12:58:12,,,,,,,,69eb8f1f108d9b87368ef89d,69eb8f1f108d9b87368ef89d,,,,
19460,raw_position_sample,2,2,int,10,2,2,3,62, jammed ,1211,288,726903,69eb8f1f108d9b87368ef89d,69eb8f1f108d9b87368ef89d,intermediate,2,69eb8f1f108d9b87368ef89d,69eb8f1f108d9b87368ef89d,spotlight_PROLIFIC,,42,brazil,Portuguese,"portuguese, english, spanish ",spanish,Portuguese:50|English:40|spanish:10,100,Portuguese:40|English:50|spanish:10,100,Portuguese:75|English:20|spanish:5,100,17,4,Bachelor's,10,10,10,6,7,9,4,20,7,17,Duolingo,150,,,,,22,25,C1,intermediate|advanced,intermediate|advanced,cambridge_22_25_intermediate_advanced,4,20,random,,281.26666259765625,1207.4166259765625,305.26666259765625,1277.0499572753906,5,11,,,,,,,,,,,,2026-08-09T15:58:12.658Z,C99S394L,2026-08-09,2026-08-09,12:58:12,2026-08-09 12:58:12,,,,,,,,69eb8f1f108d9b87368ef89d,69eb8f1f108d9b87368ef89d,,,,
19500,hover_association,2,2,int,10,2,2,3,62, jammed ,1209,288,,69eb8f1f108d9b87368ef89d,69eb8f1f108d9b87368ef89d,intermediate,2,69eb8f1f108d9b87368ef89d,69eb8f1f108d9b87368ef89d,spotlight_PROLIFIC,,42,brazil,Portuguese,"portuguese, english, spanish ",spanish,Portuguese:50|English:40|spanish:10,100,Portuguese:40|English:50|spanish:10,100,Portuguese:75|English:20|spanish:5,100,17,4,Bachelor's,10,10,10,6,7,9,4,20,7,17,Duolingo,150,,,,,22,25,C1,intermediate|advanced,intermediate|advanced,cambridge_22_25_intermediate_advanced,4,20,random,,273.26666259765625,1207.4166717529297,313.26666259765625,1280.644956970215,5,11,hover,167,167,0.00796588702493091,0.39333343505859375,98,,,,,,2026-08-09T15:58:12.658Z,C99S394L,2026-08-09,2026-08-09,12:58:12,2026-08-09 12:58:12,,,,,,,,69eb8f1f108d9b87368ef89d,69eb8f1f108d9b87368ef89d,,,,
19510,raw_position_sample,2,2,int,10,2,2,3,61, became ,1206,289,726953,69eb8f1f108d9b87368ef89d,69eb8f1f108d9b87368ef89d,intermediate,2,69eb8f1f108d9b87368ef89d,69eb8f1f108d9b87368ef89d,spotlight_PROLIFIC,,42,brazil,Portuguese,"portuguese, english, spanish ",spanish,Portuguese:50|English:40|spanish:10,100,Portuguese:40|English:50|spanish:10,100,Portuguese:75|English:20|spanish:5,100,17,4,Bachelor's,10,10,10,6,7,9,4,20,7,17,Duolingo,150,,,,,22,25,C1,intermediate|advanced,intermediate|advanced,cambridge_22_25_intermediate_advanced,4,20,random,,281.26666259765625,1135.800048828125,305.26666259765625,1207.4167175292969,5,10,,,,,,,,,,,,2026-08-09T15:58:12.658Z,C99S394L,2026-08-09,2026-08-09,12:58:12,2026-08-09 12:58:12,,,,,,,,69eb8f1f108d9b87368ef89d,69eb8f1f108d9b87368ef89d,,,,
19560,raw_position_sample,2,2,int,10,2,2,3,61, became ,1145,295,727004,69eb8f1f108d9b87368ef89d,69eb8f1f108d9b87368ef89d,intermediate,2,69eb8f1f108d9b87368ef89d,69eb8f1f108d9b87368ef89d,spotlight_PROLIFIC,,42,brazil,Portuguese,"portuguese, english, spanish ",spanish,Portuguese:50|English:40|spanish:10,100,Portuguese:40|English:50|spanish:10,100,Portuguese:75|English:20|spanish:5,100,17,4,Bachelor's,10,10,10,6,7,9,4,20,7,17,Duolingo,150,,,,,22,25,C1,intermediate|advanced,intermediate|advanced,cambridge_22_25_intermediate_advanced,4,20,random,,281.26666259765625,1135.800048828125,305.26666259765625,1207.4167175292969,5,10,,,,,,,,,,,,2026-08-09T15:58:12.658Z,C99S394L,2026-08-09,2026-08-09,12:58:12,2026-08-09 12:58:12,,,,,,,,69eb8f1f108d9b87368ef89d,69eb8f1f108d9b87368ef89d,,,,
19566,hover_association,2,2,int,10,2,2,3,61, became ,1206,289,,69eb8f1f108d9b87368ef89d,69eb8f1f108d9b87368ef89d,intermediate,2,69eb8f1f108d9b87368ef89d,69eb8f1f108d9b87368ef89d,spotlight_PROLIFIC,,42,brazil,Portuguese,"portuguese, english, spanish ",spanish,Portuguese:50|English:40|spanish:10,100,Portuguese:40|English:50|spanish:10,100,Portuguese:75|English:20|spanish:5,100,17,4,Bachelor's,10,10,10,6,7,9,4,20,7,17,Duolingo,150,,,,,22,25,C1,intermediate|advanced,intermediate|advanced,cambridge_22_25_intermediate_advanced,4,20,random,,273.26666259765625,1135.8000030517578,313.26666259765625,1207.4166717529297,5,10,hover,66,66,0.1284616712155399,0.5433334350585938,98,,,,,,2026-08-09T15:58:12.658Z,C99S394L,2026-08-09,2026-08-09,12:58:12,2026-08-09 12:58:12,,,,,,,,69eb8f1f108d9b87368ef89d,69eb8f1f108d9b87368ef89d,,,,
19583,hover_association,2,2,int,10,2,2,3,60, swiftly ,1099,300,,69eb8f1f108d9b87368ef89d,69eb8f1f108d9b87368ef89d,intermediate,2,69eb8f1f108d9b87368ef89d,69eb8f1f108d9b87368ef89d,spotlight_PROLIFIC,,42,brazil,Portuguese,"portuguese, english, spanish ",spanish,Portuguese:50|English:40|spanish:10,100,Portuguese:40|English:50|spanish:10,100,Portuguese:75|English:20|spanish:5,100,17,4,Bachelor's,10,10,10,6,7,9,4,20,7,17,Duolingo,150,,,,,22,25,C1,intermediate|advanced,intermediate|advanced,cambridge_22_25_intermediate_advanced,4,20,random,,273.26666259765625,1077.166648864746,313.26666259765625,1135.8000030517578,5,9,hover,17,17,0.3723708363266443,0.6683334350585938,98,,,,,,2026-08-09T15:58:12.658Z,C99S394L,2026-08-09,2026-08-09,12:58:12,2026-08-09 12:58:12,,,,,,,,69eb8f1f108d9b87368ef89d,69eb8f1f108d9b87368ef89d,,,,
19611,raw_position_sample,2,2,int,10,2,2,3,59, networks ,1024,308,727054,69eb8f1f108d9b87368ef89d,69eb8f1f108d9b87368ef89d,intermediate,2,69eb8f1f108d9b87368ef89d,69eb8f1f108d9b87368ef89d,spotlight_PROLIFIC,,42,brazil,Portuguese,"portuguese, english, spanish ",spanish,Portuguese:50|English:40|spanish:10,100,Portuguese:40|English:50|spanish:10,100,Portuguese:75|English:20|spanish:5,100,17,4,Bachelor's,10,10,10,6,7,9,4,20,7,17,Duolingo,150,,,,,22,25,C1,intermediate|advanced,intermediate|advanced,cambridge_22_25_intermediate_advanced,4,20,random,,281.26666259765625,994.0166625976562,305.26666259765625,1077.1666717529297,5,8,,,,,,,,,,,,2026-08-09T15:58:12.658Z,C99S394L,2026-08-09,2026-08-09,12:58:12,2026-08-09 12:58:12,,,,,,,,69eb8f1f108d9b87368ef89d,69eb8f1f108d9b87368ef89d,,,,
19616,hover_association,2,2,int,10,2,2,3,59, networks ,1062,304,,69eb8f1f108d9b87368ef89d,69eb8f1f108d9b87368ef89d,intermediate,2,69eb8f1f108d9b87368ef89d,69eb8f1f108d9b87368ef89d,spotlight_PROLIFIC,,42,brazil,Portuguese,"portuguese, english, spanish ",spanish,Portuguese:50|English:40|spanish:10,100,Portuguese:40|English:50|spanish:10,100,Portuguese:75|English:20|spanish:5,100,17,4,Bachelor's,10,10,10,6,7,9,4,20,7,17,Duolingo,150,,,,,22,25,C1,intermediate|advanced,intermediate|advanced,cambridge_22_25_intermediate_advanced,4,20,random,,273.26666259765625,994.0166625976562,313.26666259765625,1077.166648864746,5,8,hover,33,33,0.36059341376236564,0.8683334350585937,98,,,,,,2026-08-09T15:58:12.658Z,C99S394L,2026-08-09,2026-08-09,12:58:12,2026-08-09 12:58:12,,,,,,,,69eb8f1f108d9b87368ef89d,69eb8f1f108d9b87368ef89d,,,,
19633,hover_association,2,2,int,10,2,2,3,58, phone ,989,310,,69eb8f1f108d9b87368ef89d,69eb8f1f108d9b87368ef89d,intermediate,2,69eb8f1f108d9b87368ef89d,69eb8f1f108d9b87368ef89d,spotlight_PROLIFIC,,42,brazil,Portuguese,"portuguese, english, spanish ",spanish,Portuguese:50|English:40|spanish:10,100,Portuguese:40|English:50|spanish:10,100,Portuguese:75|English:20|spanish:5,100,17,4,Bachelor's,10,10,10,6,7,9,4,20,7,17,Duolingo,150,,,,,22,25,C1,intermediate|advanced,intermediate|advanced,cambridge_22_25_intermediate_advanced,4,20,random,,273.26666259765625,934.9999923706055,313.26666259765625,994.0166625976562,5,7,hover,16,16,0.9149958379834716,0.9183334350585938,98,,,,,,2026-08-09T15:58:12.658Z,C99S394L,2026-08-09,2026-08-09,12:58:12,2026-08-09 12:58:12,,,,,,,,69eb8f1f108d9b87368ef89d,69eb8f1f108d9b87368ef89d,,,,
19661,raw_position_sample,2,2,int,10,2,2,3,70, showed ,929,319,727104,69eb8f1f108d9b87368ef89d,69eb8f1f108d9b87368ef89d,intermediate,2,69eb8f1f108d9b87368ef89d,69eb8f1f108d9b87368ef89d,spotlight_PROLIFIC,,42,brazil,Portuguese,"portuguese, english, spanish ",spanish,Portuguese:50|English:40|spanish:10,100,Portuguese:40|English:50|spanish:10,100,Portuguese:75|English:20|spanish:5,100,17,4,Bachelor's,10,10,10,6,7,9,4,20,7,17,Duolingo,150,,,,,22,25,C1,intermediate|advanced,intermediate|advanced,cambridge_22_25_intermediate_advanced,4,20,random,,321.26666259765625,884.5499877929688,345.26666259765625,954.8666534423828,6,8,,,,,,,,,,,,2026-08-09T15:58:12.658Z,C99S394L,2026-08-09,2026-08-09,12:58:12,2026-08-09 12:58:12,,,,,,,,69eb8f1f108d9b87368ef89d,69eb8f1f108d9b87368ef89d,,,,
19699,hover_association,2,2,int,10,2,2,3,70, showed ,952,316,,69eb8f1f108d9b87368ef89d,69eb8f1f108d9b87368ef89d,intermediate,2,69eb8f1f108d9b87368ef89d,69eb8f1f108d9b87368ef89d,spotlight_PROLIFIC,,42,brazil,Portuguese,"portuguese, english, spanish ",spanish,Portuguese:50|English:40|spanish:10,100,Portuguese:40|English:50|spanish:10,100,Portuguese:75|English:20|spanish:5,100,17,4,Bachelor's,10,10,10,6,7,9,4,20,7,17,Duolingo,150,,,,,22,25,C1,intermediate|advanced,intermediate|advanced,cambridge_22_25_intermediate_advanced,4,20,random,,313.26666259765625,884.5500030517578,353.26666259765625,954.8666763305664,6,8,hover,68,68,0.006399576761231728,0.24333343505859376,98,,,,,,2026-08-09T15:58:12.658Z,C99S394L,2026-08-09,2026-08-09,12:58:12,2026-08-09 12:58:12,,,,,,,,69eb8f1f108d9b87368ef89d,69eb8f1f108d9b87368ef89d,,,,
19712,raw_position_sample,2,2,int,10,2,2,3,69, video ,861,323,727155,69eb8f1f108d9b87368ef89d,69eb8f1f108d9b87368ef89d,intermediate,2,69eb8f1f108d9b87368ef89d,69eb8f1f108d9b87368ef89d,spotlight_PROLIFIC,,42,brazil,Portuguese,"portuguese, english, spanish ",spanish,Portuguese:50|English:40|spanish:10,100,Portuguese:40|English:50|spanish:10,100,Portuguese:75|English:20|spanish:5,100,17,4,Bachelor's,10,10,10,6,7,9,4,20,7,17,Duolingo,150,,,,,22,25,C1,intermediate|advanced,intermediate|advanced,cambridge_22_25_intermediate_advanced,4,20,random,,321.26666259765625,833.9666748046875,345.26666259765625,884.5500183105469,6,7,,,,,,,,,,,,2026-08-09T15:58:12.658Z,C99S394L,2026-08-09,2026-08-09,12:58:12,2026-08-09 12:58:12,,,,,,,,69eb8f1f108d9b87368ef89d,69eb8f1f108d9b87368ef89d,,,,
19716,hover_association,2,2,int,10,2,2,3,69, video ,861,323,,69eb8f1f108d9b87368ef89d,69eb8f1f108d9b87368ef89d,intermediate,2,69eb8f1f108d9b87368ef89d,69eb8f1f108d9b87368ef89d,spotlight_PROLIFIC,,42,brazil,Portuguese,"portuguese, english, spanish ",spanish,Portuguese:50|English:40|spanish:10,100,Portuguese:40|English:50|spanish:10,100,Portuguese:75|English:20|spanish:5,100,17,4,Bachelor's,10,10,10,6,7,9,4,20,7,17,Duolingo,150,,,,,22,25,C1,intermediate|advanced,intermediate|advanced,cambridge_22_25_intermediate_advanced,4,20,random,,313.26666259765625,833.9666595458984,353.26666259765625,884.5500030517578,6,7,hover,16,16,0.5344316642684983,0.24333343505859376,98,,,,,,2026-08-09T15:58:12.658Z,C99S394L,2026-08-09,2026-08-09,12:58:12,2026-08-09 12:58:12,,,,,,,,69eb8f1f108d9b87368ef89d,69eb8f1f108d9b87368ef89d,,,,
19733,hover_association,2,2,int,10,2,2,3,68, A ,830,323,,69eb8f1f108d9b87368ef89d,69eb8f1f108d9b87368ef89d,intermediate,2,69eb8f1f108d9b87368ef89d,69eb8f1f108d9b87368ef89d,spotlight_PROLIFIC,,42,brazil,Portuguese,"portuguese, english, spanish ",spanish,Portuguese:50|English:40|spanish:10,100,Portuguese:40|English:50|spanish:10,100,Portuguese:75|English:20|spanish:5,100,17,4,Bachelor's,10,10,10,6,7,9,4,20,7,17,Duolingo,150,,,,,22,25,C1,intermediate|advanced,intermediate|advanced,cambridge_22_25_intermediate_advanced,4,20,random,,313.26666259765625,817.783317565918,353.26666259765625,833.9666595458984,6,6,hover,17,17,0.7548924350232865,0.24333343505859376,98,,,,,,2026-08-09T15:58:12.658Z,C99S394L,2026-08-09,2026-08-09,12:58:12,2026-08-09 12:58:12,,,,,,,,69eb8f1f108d9b87368ef89d,69eb8f1f108d9b87368ef89d,,,,
19750,hover_association,2,2,int,10,2,2,3,67, calls. ,794,323,,69eb8f1f108d9b87368ef89d,69eb8f1f108d9b87368ef89d,intermediate,2,69eb8f1f108d9b87368ef89d,69eb8f1f108d9b87368ef89d,spotlight_PROLIFIC,,42,brazil,Portuguese,"portuguese, english, spanish ",spanish,Portuguese:50|English:40|spanish:10,100,Portuguese:40|English:50|spanish:10,100,Portuguese:75|English:20|spanish:5,100,17,4,Bachelor's,10,10,10,6,7,9,4,20,7,17,Duolingo,150,,,,,22,25,C1,intermediate|advanced,intermediate|advanced,cambridge_22_25_intermediate_advanced,4,20,random,,313.26666259765625,771.6333312988281,353.26666259765625,817.783317565918,6,5,hover,17,17,0.4846516870390022,0.24333343505859376,98,,,,,,2026-08-09T15:58:12.658Z,C99S394L,2026-08-09,2026-08-09,12:58:12,2026-08-09 12:58:12,,,,,,,,69eb8f1f108d9b87368ef89d,69eb8f1f108d9b87368ef89d,,,,
19762,raw_position_sample,2,2,int,10,2,2,3,66, of ,756,323,727205,69eb8f1f108d9b87368ef89d,69eb8f1f108d9b87368ef89d,intermediate,2,69eb8f1f108d9b87368ef89d,69eb8f1f108d9b87368ef89d,spotlight_PROLIFIC,,42,brazil,Portuguese,"portuguese, english, spanish ",spanish,Portuguese:50|English:40|spanish:10,100,Portuguese:40|English:50|spanish:10,100,Portuguese:75|English:20|spanish:5,100,17,4,Bachelor's,10,10,10,6,7,9,4,20,7,17,Duolingo,150,,,,,22,25,C1,intermediate|advanced,intermediate|advanced,cambridge_22_25_intermediate_advanced,4,20,random,,321.26666259765625,749.86669921875,345.26666259765625,771.6333618164062,6,4,,,,,,,,,,,,2026-08-09T15:58:12.658Z,C99S394L,2026-08-09,2026-08-09,12:58:12,2026-08-09 12:58:12,,,,,,,,69eb8f1f108d9b87368ef89d,69eb8f1f108d9b87368ef89d,,,,
19766,hover_association,2,2,int,10,2,2,3,66, of ,756,323,,69eb8f1f108d9b87368ef89d,69eb8f1f108d9b87368ef89d,intermediate,2,69eb8f1f108d9b87368ef89d,69eb8f1f108d9b87368ef89d,spotlight_PROLIFIC,,42,brazil,Portuguese,"portuguese, english, spanish ",spanish,Portuguese:50|English:40|spanish:10,100,Portuguese:40|English:50|spanish:10,100,Portuguese:75|English:20|spanish:5,100,17,4,Bachelor's,10,10,10,6,7,9,4,20,7,17,Duolingo,150,,,,,22,25,C1,intermediate|advanced,intermediate|advanced,cambridge_22_25_intermediate_advanced,4,20,random,,313.26666259765625,749.86669921875,353.26666259765625,771.6333312988281,6,4,hover,16,16,0.2817753687702331,0.24333343505859376,98,,,,,,2026-08-09T15:58:12.658Z,C99S394L,2026-08-09,2026-08-09,12:58:12,2026-08-09 12:58:12,,,,,,,,69eb8f1f108d9b87368ef89d,69eb8f1f108d9b87368ef89d,,,,
19812,raw_position_sample,2,2,int,10,2,2,3,65, volume ,691,323,727255,69eb8f1f108d9b87368ef89d,69eb8f1f108d9b87368ef89d,intermediate,2,69eb8f1f108d9b87368ef89d,69eb8f1f108d9b87368ef89d,spotlight_PROLIFIC,,42,brazil,Portuguese,"portuguese, english, spanish ",spanish,Portuguese:50|English:40|spanish:10,100,Portuguese:40|English:50|spanish:10,100,Portuguese:75|English:20|spanish:5,100,17,4,Bachelor's,10,10,10,6,7,9,4,20,7,17,Duolingo,150,,,,,22,25,C1,intermediate|advanced,intermediate|advanced,cambridge_22_25_intermediate_advanced,4,20,random,,321.26666259765625,682.4000244140625,345.26666259765625,749.86669921875,6,3,,,,,,,,,,,,2026-08-09T15:58:12.658Z,C99S394L,2026-08-09,2026-08-09,12:58:12,2026-08-09 12:58:12,,,,,,,,69eb8f1f108d9b87368ef89d,69eb8f1f108d9b87368ef89d,,,,
19849,hover_association,2,2,int,10,2,2,3,65, volume ,727,323,,69eb8f1f108d9b87368ef89d,69eb8f1f108d9b87368ef89d,intermediate,2,69eb8f1f108d9b87368ef89d,69eb8f1f108d9b87368ef89d,spotlight_PROLIFIC,,42,brazil,Portuguese,"portuguese, english, spanish ",spanish,Portuguese:50|English:40|spanish:10,100,Portuguese:40|English:50|spanish:10,100,Portuguese:75|English:20|spanish:5,100,17,4,Bachelor's,10,10,10,6,7,9,4,20,7,17,Duolingo,150,,,,,22,25,C1,intermediate|advanced,intermediate|advanced,cambridge_22_25_intermediate_advanced,4,20,random,,313.26666259765625,682.400016784668,353.26666259765625,749.86669921875,6,3,hover,83,83,0.008893029769445707,0.24333343505859376,98,,,,,,2026-08-09T15:58:12.658Z,C99S394L,2026-08-09,2026-08-09,12:58:12,2026-08-09 12:58:12,,,,,,,,69eb8f1f108d9b87368ef89d,69eb8f1f108d9b87368ef89d,,,,
19862,raw_position_sample,2,2,int,10,2,2,3,64, the ,677,323,727306,69eb8f1f108d9b87368ef89d,69eb8f1f108d9b87368ef89d,intermediate,2,69eb8f1f108d9b87368ef89d,69eb8f1f108d9b87368ef89d,spotlight_PROLIFIC,,42,brazil,Portuguese,"portuguese, english, spanish ",spanish,Portuguese:50|English:40|spanish:10,100,Portuguese:40|English:50|spanish:10,100,Portuguese:75|English:20|spanish:5,100,17,4,Bachelor's,10,10,10,6,7,9,4,20,7,17,Duolingo,150,,,,,22,25,C1,intermediate|advanced,intermediate|advanced,cambridge_22_25_intermediate_advanced,4,20,random,,321.26666259765625,649.9500122070312,345.26666259765625,682.4000091552734,6,2,,,,,,,,,,,,2026-08-09T15:58:12.658Z,C99S394L,2026-08-09,2026-08-09,12:58:12,2026-08-09 12:58:12,,,,,,,,69eb8f1f108d9b87368ef89d,69eb8f1f108d9b87368ef89d,,,,
19913,raw_position_sample,2,2,int,10,2,2,3,64, the ,660,323,727356,69eb8f1f108d9b87368ef89d,69eb8f1f108d9b87368ef89d,intermediate,2,69eb8f1f108d9b87368ef89d,69eb8f1f108d9b87368ef89d,spotlight_PROLIFIC,,42,brazil,Portuguese,"portuguese, english, spanish ",spanish,Portuguese:50|English:40|spanish:10,100,Portuguese:40|English:50|spanish:10,100,Portuguese:75|English:20|spanish:5,100,17,4,Bachelor's,10,10,10,6,7,9,4,20,7,17,Duolingo,150,,,,,22,25,C1,intermediate|advanced,intermediate|advanced,cambridge_22_25_intermediate_advanced,4,20,random,,321.26666259765625,649.9500122070312,345.26666259765625,682.4000091552734,6,2,,,,,,,,,,,,2026-08-09T15:58:12.658Z,C99S394L,2026-08-09,2026-08-09,12:58:12,2026-08-09 12:58:12,,,,,,,,69eb8f1f108d9b87368ef89d,69eb8f1f108d9b87368ef89d,,,,
19963,raw_position_sample,2,2,int,10,2,2,3,64, the ,654,323,727406,69eb8f1f108d9b87368ef89d,69eb8f1f108d9b87368ef89d,intermediate,2,69eb8f1f108d9b87368ef89d,69eb8f1f108d9b87368ef89d,spotlight_PROLIFIC,,42,brazil,Portuguese,"portuguese, english, spanish ",spanish,Portuguese:50|English:40|spanish:10,100,Portuguese:40|English:50|spanish:10,100,Portuguese:75|English:20|spanish:5,100,17,4,Bachelor's,10,10,10,6,7,9,4,20,7,17,Duolingo,150,,,,,22,25,C1,intermediate|advanced,intermediate|advanced,cambridge_22_25_intermediate_advanced,4,20,random,,321.26666259765625,649.9500122070312,345.26666259765625,682.4000091552734,6,2,,,,,,,,,,,,2026-08-09T15:58:12.658Z,C99S394L,2026-08-09,2026-08-09,12:58:12,2026-08-09 12:58:12,,,,,,,,69eb8f1f108d9b87368ef89d,69eb8f1f108d9b87368ef89d,,,,
20000,hover_association,2,2,int,10,2,2,3,64, the ,677,323,,69eb8f1f108d9b87368ef89d,69eb8f1f108d9b87368ef89d,intermediate,2,69eb8f1f108d9b87368ef89d,69eb8f1f108d9b87368ef89d,spotlight_PROLIFIC,,42,brazil,Portuguese,"portuguese, english, spanish ",spanish,Portuguese:50|English:40|spanish:10,100,Portuguese:40|English:50|spanish:10,100,Portuguese:75|English:20|spanish:5,100,17,4,Bachelor's,10,10,10,6,7,9,4,20,7,17,Duolingo,150,,,,,22,25,C1,intermediate|advanced,intermediate|advanced,cambridge_22_25_intermediate_advanced,4,20,random,,313.26666259765625,649.9500198364258,353.26666259765625,682.400016784668,6,2,hover,151,151,0.0015402209021448357,0.29333343505859377,98,,,,,,2026-08-09T15:58:12.658Z,C99S394L,2026-08-09,2026-08-09,12:58:12,2026-08-09 12:58:12,,,,,,,,69eb8f1f108d9b87368ef89d,69eb8f1f108d9b87368ef89d,,,,
20013,raw_position_sample,2,2,int,10,2,2,3,63, by ,649,325,727456,69eb8f1f108d9b87368ef89d,69eb8f1f108d9b87368ef89d,intermediate,2,69eb8f1f108d9b87368ef89d,69eb8f1f108d9b87368ef89d,spotlight_PROLIFIC,,42,brazil,Portuguese,"portuguese, english, spanish ",spanish,Portuguese:50|English:40|spanish:10,100,Portuguese:40|English:50|spanish:10,100,Portuguese:75|English:20|spanish:5,100,17,4,Bachelor's,10,10,10,6,7,9,4,20,7,17,Duolingo,150,,,,,22,25,C1,intermediate|advanced,intermediate|advanced,cambridge_22_25_intermediate_advanced,4,20,random,,321.26666259765625,625.36669921875,345.26666259765625,649.9500274658203,6,1,,,,,,,,,,,,2026-08-09T15:58:12.658Z,C99S394L,2026-08-09,2026-08-09,12:58:12,2026-08-09 12:58:12,,,,,,,,69eb8f1f108d9b87368ef89d,69eb8f1f108d9b87368ef89d,,,,
20064,raw_position_sample,2,2,int,10,2,2,3,63, by ,638,325,727507,69eb8f1f108d9b87368ef89d,69eb8f1f108d9b87368ef89d,intermediate,2,69eb8f1f108d9b87368ef89d,69eb8f1f108d9b87368ef89d,spotlight_PROLIFIC,,42,brazil,Portuguese,"portuguese, english, spanish ",spanish,Portuguese:50|English:40|spanish:10,100,Portuguese:40|English:50|spanish:10,100,Portuguese:75|English:20|spanish:5,100,17,4,Bachelor's,10,10,10,6,7,9,4,20,7,17,Duolingo,150,,,,,22,25,C1,intermediate|advanced,intermediate|advanced,cambridge_22_25_intermediate_advanced,4,20,random,,321.26666259765625,625.36669921875,345.26666259765625,649.9500274658203,6,1,,,,,,,,,,,,2026-08-09T15:58:12.658Z,C99S394L,2026-08-09,2026-08-09,12:58:12,2026-08-09 12:58:12,,,,,,,,69eb8f1f108d9b87368ef89d,69eb8f1f108d9b87368ef89d,,,,
20114,raw_position_sample,2,2,int,10,2,2,3,63, by ,637,325,727557,69eb8f1f108d9b87368ef89d,69eb8f1f108d9b87368ef89d,intermediate,2,69eb8f1f108d9b87368ef89d,69eb8f1f108d9b87368ef89d,spotlight_PROLIFIC,,42,brazil,Portuguese,"portuguese, english, spanish ",spanish,Portuguese:50|English:40|spanish:10,100,Portuguese:40|English:50|spanish:10,100,Portuguese:75|English:20|spanish:5,100,17,4,Bachelor's,10,10,10,6,7,9,4,20,7,17,Duolingo,150,,,,,22,25,C1,intermediate|advanced,intermediate|advanced,cambridge_22_25_intermediate_advanced,4,20,random,,321.26666259765625,625.36669921875,345.26666259765625,649.9500274658203,6,1,,,,,,,,,,,,2026-08-09T15:58:12.658Z,C99S394L,2026-08-09,2026-08-09,12:58:12,2026-08-09 12:58:12,,,,,,,,69eb8f1f108d9b87368ef89d,69eb8f1f108d9b87368ef89d,,,,
20163,raw_position_sample,2,2,int,10,2,2,3,63, by ,637,325,727608,69eb8f1f108d9b87368ef89d,69eb8f1f108d9b87368ef89d,intermediate,2,69eb8f1f108d9b87368ef89d,69eb8f1f108d9b87368ef89d,spotlight_PROLIFIC,,42,brazil,Portuguese,"portuguese, english, spanish ",spanish,Portuguese:50|English:40|spanish:10,100,Portuguese:40|English:50|spanish:10,100,Portuguese:75|English:20|spanish:5,100,17,4,Bachelor's,10,10,10,6,7,9,4,20,7,17,Duolingo,150,,,,,22,25,C1,intermediate|advanced,intermediate|advanced,cambridge_22_25_intermediate_advanced,4,20,random,,321.26666259765625,625.36669921875,345.26666259765625,649.9500274658203,6,1,,,,,,,,,,,,2026-08-09T15:58:12.658Z,C99S394L,2026-08-09,2026-08-09,12:58:12,2026-08-09 12:58:12,,,,,,,,69eb8f1f108d9b87368ef89d,69eb8f1f108d9b87368ef89d,,,,
20214,raw_position_sample,2,2,int,10,2,2,3,63, by ,640,325,727658,69eb8f1f108d9b87368ef89d,69eb8f1f108d9b87368ef89d,intermediate,2,69eb8f1f108d9b87368ef89d,69eb8f1f108d9b87368ef89d,spotlight_PROLIFIC,,42,brazil,Portuguese,"portuguese, english, spanish ",spanish,Portuguese:50|English:40|spanish:10,100,Portuguese:40|English:50|spanish:10,100,Portuguese:75|English:20|spanish:5,100,17,4,Bachelor's,10,10,10,6,7,9,4,20,7,17,Duolingo,150,,,,,22,25,C1,intermediate|advanced,intermediate|advanced,cambridge_22_25_intermediate_advanced,4,20,random,,321.26666259765625,625.36669921875,345.26666259765625,649.9500274658203,6,1,,,,,,,,,,,,2026-08-09T15:58:12.658Z,C99S394L,2026-08-09,2026-08-09,12:58:12,2026-08-09 12:58:12,,,,,,,,69eb8f1f108d9b87368ef89d,69eb8f1f108d9b87368ef89d,,,,
20250,hover_association,2,2,int,10,2,2,3,63, by ,649,325,,69eb8f1f108d9b87368ef89d,69eb8f1f108d9b87368ef89d,intermediate,2,69eb8f1f108d9b87368ef89d,69eb8f1f108d9b87368ef89d,spotlight_PROLIFIC,,42,brazil,Portuguese,"portuguese, english, spanish ",spanish,Portuguese:50|English:40|spanish:10,100,Portuguese:40|English:50|spanish:10,100,Portuguese:75|English:20|spanish:5,100,17,4,Bachelor's,10,10,10,6,7,9,4,20,7,17,Duolingo,150,,,,,22,25,C1,intermediate|advanced,intermediate|advanced,cambridge_22_25_intermediate_advanced,4,20,random,,313.26666259765625,621.7716995239258,353.26666259765625,649.9500198364258,6,1,hover,250,250,0.8598206070262626,0.31833343505859374,98,,,,,,2026-08-09T15:58:12.658Z,C99S394L,2026-08-09,2026-08-09,12:58:12,2026-08-09 12:58:12,,,,,,,,69eb8f1f108d9b87368ef89d,69eb8f1f108d9b87368ef89d,,,,
20264,raw_position_sample,2,2,int,10,2,2,3,64, the ,654,326,727707,69eb8f1f108d9b87368ef89d,69eb8f1f108d9b87368ef89d,intermediate,2,69eb8f1f108d9b87368ef89d,69eb8f1f108d9b87368ef89d,spotlight_PROLIFIC,,42,brazil,Portuguese,"portuguese, english, spanish ",spanish,Portuguese:50|English:40|spanish:10,100,Portuguese:40|English:50|spanish:10,100,Portuguese:75|English:20|spanish:5,100,17,4,Bachelor's,10,10,10,6,7,9,4,20,7,17,Duolingo,150,,,,,22,25,C1,intermediate|advanced,intermediate|advanced,cambridge_22_25_intermediate_advanced,4,20,random,,321.26666259765625,649.9500122070312,345.26666259765625,682.4000091552734,6,2,,,,,,,,,,,,2026-08-09T15:58:12.658Z,C99S394L,2026-08-09,2026-08-09,12:58:12,2026-08-09 12:58:12,,,,,,,,69eb8f1f108d9b87368ef89d,69eb8f1f108d9b87368ef89d,,,,
20315,raw_position_sample,2,2,int,10,2,2,3,64, the ,665,326,727758,69eb8f1f108d9b87368ef89d,69eb8f1f108d9b87368ef89d,intermediate,2,69eb8f1f108d9b87368ef89d,69eb8f1f108d9b87368ef89d,spotlight_PROLIFIC,,42,brazil,Portuguese,"portuguese, english, spanish ",spanish,Portuguese:50|English:40|spanish:10,100,Portuguese:40|English:50|spanish:10,100,Portuguese:75|English:20|spanish:5,100,17,4,Bachelor's,10,10,10,6,7,9,4,20,7,17,Duolingo,150,,,,,22,25,C1,intermediate|advanced,intermediate|advanced,cambridge_22_25_intermediate_advanced,4,20,random,,321.26666259765625,649.9500122070312,345.26666259765625,682.4000091552734,6,2,,,,,,,,,,,,2026-08-09T15:58:12.658Z,C99S394L,2026-08-09,2026-08-09,12:58:12,2026-08-09 12:58:12,,,,,,,,69eb8f1f108d9b87368ef89d,69eb8f1f108d9b87368ef89d,,,,
20365,raw_position_sample,2,2,int,10,2,2,3,64, the ,673,326,727808,69eb8f1f108d9b87368ef89d,69eb8f1f108d9b87368ef89d,intermediate,2,69eb8f1f108d9b87368ef89d,69eb8f1f108d9b87368ef89d,spotlight_PROLIFIC,,42,brazil,Portuguese,"portuguese, english, spanish ",spanish,Portuguese:50|English:40|spanish:10,100,Portuguese:40|English:50|spanish:10,100,Portuguese:75|English:20|spanish:5,100,17,4,Bachelor's,10,10,10,6,7,9,4,20,7,17,Duolingo,150,,,,,22,25,C1,intermediate|advanced,intermediate|advanced,cambridge_22_25_intermediate_advanced,4,20,random,,321.26666259765625,649.9500122070312,345.26666259765625,682.4000091552734,6,2,,,,,,,,,,,,2026-08-09T15:58:12.658Z,C99S394L,2026-08-09,2026-08-09,12:58:12,2026-08-09 12:58:12,,,,,,,,69eb8f1f108d9b87368ef89d,69eb8f1f108d9b87368ef89d,,,,
20383,hover_association,2,2,int,10,2,2,3,64, the ,654,326,,69eb8f1f108d9b87368ef89d,69eb8f1f108d9b87368ef89d,intermediate,2,69eb8f1f108d9b87368ef89d,69eb8f1f108d9b87368ef89d,spotlight_PROLIFIC,,42,brazil,Portuguese,"portuguese, english, spanish ",spanish,Portuguese:50|English:40|spanish:10,100,Portuguese:40|English:50|spanish:10,100,Portuguese:75|English:20|spanish:5,100,17,4,Bachelor's,10,10,10,6,7,9,4,20,7,17,Duolingo,150,,,,,22,25,C1,intermediate|advanced,intermediate|advanced,cambridge_22_25_intermediate_advanced,4,20,random,,313.26666259765625,649.9500198364258,353.26666259765625,682.400016784668,6,2,hover,133,133,0.8335896057777445,0.31833343505859374,98,,,,,,2026-08-09T15:58:12.658Z,C99S394L,2026-08-09,2026-08-09,12:58:12,2026-08-09 12:58:12,,,,,,,,69eb8f1f108d9b87368ef89d,69eb8f1f108d9b87368ef89d,,,,
20415,raw_position_sample,2,2,int,10,2,2,3,65, volume ,687,326,727858,69eb8f1f108d9b87368ef89d,69eb8f1f108d9b87368ef89d,intermediate,2,69eb8f1f108d9b87368ef89d,69eb8f1f108d9b87368ef89d,spotlight_PROLIFIC,,42,brazil,Portuguese,"portuguese, english, spanish ",spanish,Portuguese:50|English:40|spanish:10,100,Portuguese:40|English:50|spanish:10,100,Portuguese:75|English:20|spanish:5,100,17,4,Bachelor's,10,10,10,6,7,9,4,20,7,17,Duolingo,150,,,,,22,25,C1,intermediate|advanced,intermediate|advanced,cambridge_22_25_intermediate_advanced,4,20,random,,321.26666259765625,682.4000244140625,345.26666259765625,749.86669921875,6,3,,,,,,,,,,,,2026-08-09T15:58:12.658Z,C99S394L,2026-08-09,2026-08-09,12:58:12,2026-08-09 12:58:12,,,,,,,,69eb8f1f108d9b87368ef89d,69eb8f1f108d9b87368ef89d,,,,
20466,raw_position_sample,2,2,int,10,2,2,3,65, volume ,707,326,727909,69eb8f1f108d9b87368ef89d,69eb8f1f108d9b87368ef89d,intermediate,2,69eb8f1f108d9b87368ef89d,69eb8f1f108d9b87368ef89d,spotlight_PROLIFIC,,42,brazil,Portuguese,"portuguese, english, spanish ",spanish,Portuguese:50|English:40|spanish:10,100,Portuguese:40|English:50|spanish:10,100,Portuguese:75|English:20|spanish:5,100,17,4,Bachelor's,10,10,10,6,7,9,4,20,7,17,Duolingo,150,,,,,22,25,C1,intermediate|advanced,intermediate|advanced,cambridge_22_25_intermediate_advanced,4,20,random,,321.26666259765625,682.4000244140625,345.26666259765625,749.86669921875,6,3,,,,,,,,,,,,2026-08-09T15:58:12.658Z,C99S394L,2026-08-09,2026-08-09,12:58:12,2026-08-09 12:58:12,,,,,,,,69eb8f1f108d9b87368ef89d,69eb8f1f108d9b87368ef89d,,,,
20516,raw_position_sample,2,2,int,10,2,2,3,65, volume ,711,326,727959,69eb8f1f108d9b87368ef89d,69eb8f1f108d9b87368ef89d,intermediate,2,69eb8f1f108d9b87368ef89d,69eb8f1f108d9b87368ef89d,spotlight_PROLIFIC,,42,brazil,Portuguese,"portuguese, english, spanish ",spanish,Portuguese:50|English:40|spanish:10,100,Portuguese:40|English:50|spanish:10,100,Portuguese:75|English:20|spanish:5,100,17,4,Bachelor's,10,10,10,6,7,9,4,20,7,17,Duolingo,150,,,,,22,25,C1,intermediate|advanced,intermediate|advanced,cambridge_22_25_intermediate_advanced,4,20,random,,321.26666259765625,682.4000244140625,345.26666259765625,749.86669921875,6,3,,,,,,,,,,,,2026-08-09T15:58:12.658Z,C99S394L,2026-08-09,2026-08-09,12:58:12,2026-08-09 12:58:12,,,,,,,,69eb8f1f108d9b87368ef89d,69eb8f1f108d9b87368ef89d,,,,
20566,raw_position_sample,2,2,int,10,2,2,3,65, volume ,711,326,728009,69eb8f1f108d9b87368ef89d,69eb8f1f108d9b87368ef89d,intermediate,2,69eb8f1f108d9b87368ef89d,69eb8f1f108d9b87368ef89d,spotlight_PROLIFIC,,42,brazil,Portuguese,"portuguese, english, spanish ",spanish,Portuguese:50|English:40|spanish:10,100,Portuguese:40|English:50|spanish:10,100,Portuguese:75|English:20|spanish:5,100,17,4,Bachelor's,10,10,10,6,7,9,4,20,7,17,Duolingo,150,,,,,22,25,C1,intermediate|advanced,intermediate|advanced,cambridge_22_25_intermediate_advanced,4,20,random,,321.26666259765625,682.4000244140625,345.26666259765625,749.86669921875,6,3,,,,,,,,,,,,2026-08-09T15:58:12.658Z,C99S394L,2026-08-09,2026-08-09,12:58:12,2026-08-09 12:58:12,,,,,,,,69eb8f1f108d9b87368ef89d,69eb8f1f108d9b87368ef89d,,,,
20616,raw_position_sample,2,2,int,10,2,2,3,65, volume ,711,326,728059,69eb8f1f108d9b87368ef89d,69eb8f1f108d9b87368ef89d,intermediate,2,69eb8f1f108d9b87368ef89d,69eb8f1f108d9b87368ef89d,spotlight_PROLIFIC,,42,brazil,Portuguese,"portuguese, english, spanish ",spanish,Portuguese:50|English:40|spanish:10,100,Portuguese:40|English:50|spanish:10,100,Portuguese:75|English:20|spanish:5,100,17,4,Bachelor's,10,10,10,6,7,9,4,20,7,17,Duolingo,150,,,,,22,25,C1,intermediate|advanced,intermediate|advanced,cambridge_22_25_intermediate_advanced,4,20,random,,321.26666259765625,682.4000244140625,345.26666259765625,749.86669921875,6,3,,,,,,,,,,,,2026-08-09T15:58:12.658Z,C99S394L,2026-08-09,2026-08-09,12:58:12,2026-08-09 12:58:12,,,,,,,,69eb8f1f108d9b87368ef89d,69eb8f1f108d9b87368ef89d,,,,
20667,raw_position_sample,2,2,int,10,2,2,3,65, volume ,747,326,728110,69eb8f1f108d9b87368ef89d,69eb8f1f108d9b87368ef89d,intermediate,2,69eb8f1f108d9b87368ef89d,69eb8f1f108d9b87368ef89d,spotlight_PROLIFIC,,42,brazil,Portuguese,"portuguese, english, spanish ",spanish,Portuguese:50|English:40|spanish:10,100,Portuguese:40|English:50|spanish:10,100,Portuguese:75|English:20|spanish:5,100,17,4,Bachelor's,10,10,10,6,7,9,4,20,7,17,Duolingo,150,,,,,22,25,C1,intermediate|advanced,intermediate|advanced,cambridge_22_25_intermediate_advanced,4,20,random,,321.26666259765625,682.4000244140625,345.26666259765625,749.86669921875,6,3,,,,,,,,,,,,2026-08-09T15:58:12.658Z,C99S394L,2026-08-09,2026-08-09,12:58:12,2026-08-09 12:58:12,,,,,,,,69eb8f1f108d9b87368ef89d,69eb8f1f108d9b87368ef89d,,,,
20683,hover_association,2,2,int,10,2,2,3,65, volume ,683,326,,69eb8f1f108d9b87368ef89d,69eb8f1f108d9b87368ef89d,intermediate,2,69eb8f1f108d9b87368ef89d,69eb8f1f108d9b87368ef89d,spotlight_PROLIFIC,,42,brazil,Portuguese,"portuguese, english, spanish ",spanish,Portuguese:50|English:40|spanish:10,100,Portuguese:40|English:50|spanish:10,100,Portuguese:75|English:20|spanish:5,100,17,4,Bachelor's,10,10,10,6,7,9,4,20,7,17,Duolingo,150,,,,,22,25,C1,intermediate|advanced,intermediate|advanced,cambridge_22_25_intermediate_advanced,4,20,random,,313.26666259765625,682.400016784668,353.26666259765625,749.86669921875,6,3,hover,300,300,0.957509408861909,0.31833343505859374,98,,,,,,2026-08-09T15:58:12.658Z,C99S394L,2026-08-09,2026-08-09,12:58:12,2026-08-09 12:58:12,,,,,,,,69eb8f1f108d9b87368ef89d,69eb8f1f108d9b87368ef89d,,,,
20699,hover_association,2,2,int,10,2,2,3,67, calls. ,794,326,,69eb8f1f108d9b87368ef89d,69eb8f1f108d9b87368ef89d,intermediate,2,69eb8f1f108d9b87368ef89d,69eb8f1f108d9b87368ef89d,spotlight_PROLIFIC,,42,brazil,Portuguese,"portuguese, english, spanish ",spanish,Portuguese:50|English:40|spanish:10,100,Portuguese:40|English:50|spanish:10,100,Portuguese:75|English:20|spanish:5,100,17,4,Bachelor's,10,10,10,6,7,9,4,20,7,17,Duolingo,150,,,,,22,25,C1,intermediate|advanced,intermediate|advanced,cambridge_22_25_intermediate_advanced,4,20,random,,313.26666259765625,771.6333312988281,353.26666259765625,817.783317565918,6,5,hover,16,16,0.4846516870390022,0.31833343505859374,98,,,,,,2026-08-09T15:58:12.658Z,C99S394L,2026-08-09,2026-08-09,12:58:12,2026-08-09 12:58:12,,,,,,,,69eb8f1f108d9b87368ef89d,69eb8f1f108d9b87368ef89d,,,,
20716,hover_association,2,2,int,10,2,2,3,69, video ,860,326,,69eb8f1f108d9b87368ef89d,69eb8f1f108d9b87368ef89d,intermediate,2,69eb8f1f108d9b87368ef89d,69eb8f1f108d9b87368ef89d,spotlight_PROLIFIC,,42,brazil,Portuguese,"portuguese, english, spanish ",spanish,Portuguese:50|English:40|spanish:10,100,Portuguese:40|English:50|spanish:10,100,Portuguese:75|English:20|spanish:5,100,17,4,Bachelor's,10,10,10,6,7,9,4,20,7,17,Duolingo,150,,,,,22,25,C1,intermediate|advanced,intermediate|advanced,cambridge_22_25_intermediate_advanced,4,20,random,,313.26666259765625,833.9666595458984,353.26666259765625,884.5500030517578,6,7,hover,17,17,0.514662310748319,0.31833343505859374,98,,,,,,2026-08-09T15:58:12.658Z,C99S394L,2026-08-09,2026-08-09,12:58:12,2026-08-09 12:58:12,,,,,,,,69eb8f1f108d9b87368ef89d,69eb8f1f108d9b87368ef89d,,,,
20717,raw_position_sample,2,2,int,10,2,2,3,70, showed ,913,323,728160,69eb8f1f108d9b87368ef89d,69eb8f1f108d9b87368ef89d,intermediate,2,69eb8f1f108d9b87368ef89d,69eb8f1f108d9b87368ef89d,spotlight_PROLIFIC,,42,brazil,Portuguese,"portuguese, english, spanish ",spanish,Portuguese:50|English:40|spanish:10,100,Portuguese:40|English:50|spanish:10,100,Portuguese:75|English:20|spanish:5,100,17,4,Bachelor's,10,10,10,6,7,9,4,20,7,17,Duolingo,150,,,,,22,25,C1,intermediate|advanced,intermediate|advanced,cambridge_22_25_intermediate_advanced,4,20,random,,321.26666259765625,884.5499877929688,345.26666259765625,954.8666534423828,6,8,,,,,,,,,,,,2026-08-09T15:58:12.658Z,C99S394L,2026-08-09,2026-08-09,12:58:12,2026-08-09 12:58:12,,,,,,,,69eb8f1f108d9b87368ef89d,69eb8f1f108d9b87368ef89d,,,,
20749,hover_association,2,2,int,10,2,2,3,70, showed ,913,323,,69eb8f1f108d9b87368ef89d,69eb8f1f108d9b87368ef89d,intermediate,2,69eb8f1f108d9b87368ef89d,69eb8f1f108d9b87368ef89d,spotlight_PROLIFIC,,42,brazil,Portuguese,"portuguese, english, spanish ",spanish,Portuguese:50|English:40|spanish:10,100,Portuguese:40|English:50|spanish:10,100,Portuguese:75|English:20|spanish:5,100,17,4,Bachelor's,10,10,10,6,7,9,4,20,7,17,Duolingo,150,,,,,22,25,C1,intermediate|advanced,intermediate|advanced,cambridge_22_25_intermediate_advanced,4,20,random,,313.26666259765625,884.5500030517578,353.26666259765625,954.8666763305664,6,8,hover,33,33,0.8739036430888922,0.19333343505859374,98,,,,,,2026-08-09T15:58:12.658Z,C99S394L,2026-08-09,2026-08-09,12:58:12,2026-08-09 12:58:12,,,,,,,,69eb8f1f108d9b87368ef89d,69eb8f1f108d9b87368ef89d,,,,
20767,raw_position_sample,2,2,int,10,2,2,3,71, the ,979,317,728210,69eb8f1f108d9b87368ef89d,69eb8f1f108d9b87368ef89d,intermediate,2,69eb8f1f108d9b87368ef89d,69eb8f1f108d9b87368ef89d,spotlight_PROLIFIC,,42,brazil,Portuguese,"portuguese, english, spanish ",spanish,Portuguese:50|English:40|spanish:10,100,Portuguese:40|English:50|spanish:10,100,Portuguese:75|English:20|spanish:5,100,17,4,Bachelor's,10,10,10,6,7,9,4,20,7,17,Duolingo,150,,,,,22,25,C1,intermediate|advanced,intermediate|advanced,cambridge_22_25_intermediate_advanced,4,20,random,,321.26666259765625,954.86669921875,345.26666259765625,987.3166961669922,6,9,,,,,,,,,,,,2026-08-09T15:58:12.658Z,C99S394L,2026-08-09,2026-08-09,12:58:12,2026-08-09 12:58:12,,,,,,,,69eb8f1f108d9b87368ef89d,69eb8f1f108d9b87368ef89d,,,,
20818,raw_position_sample,2,2,int,10,2,2,3,71, the ,981,317,728260,69eb8f1f108d9b87368ef89d,69eb8f1f108d9b87368ef89d,intermediate,2,69eb8f1f108d9b87368ef89d,69eb8f1f108d9b87368ef89d,spotlight_PROLIFIC,,42,brazil,Portuguese,"portuguese, english, spanish ",spanish,Portuguese:50|English:40|spanish:10,100,Portuguese:40|English:50|spanish:10,100,Portuguese:75|English:20|spanish:5,100,17,4,Bachelor's,10,10,10,6,7,9,4,20,7,17,Duolingo,150,,,,,22,25,C1,intermediate|advanced,intermediate|advanced,cambridge_22_25_intermediate_advanced,4,20,random,,321.26666259765625,954.86669921875,345.26666259765625,987.3166961669922,6,9,,,,,,,,,,,,2026-08-09T15:58:12.658Z,C99S394L,2026-08-09,2026-08-09,12:58:12,2026-08-09 12:58:12,,,,,,,,69eb8f1f108d9b87368ef89d,69eb8f1f108d9b87368ef89d,,,,
20868,raw_position_sample,2,2,int,10,2,2,3,71, the ,983,316,728311,69eb8f1f108d9b87368ef89d,69eb8f1f108d9b87368ef89d,intermediate,2,69eb8f1f108d9b87368ef89d,69eb8f1f108d9b87368ef89d,spotlight_PROLIFIC,,42,brazil,Portuguese,"portuguese, english, spanish ",spanish,Portuguese:50|English:40|spanish:10,100,Portuguese:40|English:50|spanish:10,100,Portuguese:75|English:20|spanish:5,100,17,4,Bachelor's,10,10,10,6,7,9,4,20,7,17,Duolingo,150,,,,,22,25,C1,intermediate|advanced,intermediate|advanced,cambridge_22_25_intermediate_advanced,4,20,random,,321.26666259765625,954.86669921875,345.26666259765625,987.3166961669922,6,9,,,,,,,,,,,,2026-08-09T15:58:12.658Z,C99S394L,2026-08-09,2026-08-09,12:58:12,2026-08-09 12:58:12,,,,,,,,69eb8f1f108d9b87368ef89d,69eb8f1f108d9b87368ef89d,,,,
20918,raw_position_sample,2,2,int,10,2,2,3,71, the ,983,316,728361,69eb8f1f108d9b87368ef89d,69eb8f1f108d9b87368ef89d,intermediate,2,69eb8f1f108d9b87368ef89d,69eb8f1f108d9b87368ef89d,spotlight_PROLIFIC,,42,brazil,Portuguese,"portuguese, english, spanish ",spanish,Portuguese:50|English:40|spanish:10,100,Portuguese:40|English:50|spanish:10,100,Portuguese:75|English:20|spanish:5,100,17,4,Bachelor's,10,10,10,6,7,9,4,20,7,17,Duolingo,150,,,,,22,25,C1,intermediate|advanced,intermediate|advanced,cambridge_22_25_intermediate_advanced,4,20,random,,321.26666259765625,954.86669921875,345.26666259765625,987.3166961669922,6,9,,,,,,,,,,,,2026-08-09T15:58:12.658Z,C99S394L,2026-08-09,2026-08-09,12:58:12,2026-08-09 12:58:12,,,,,,,,69eb8f1f108d9b87368ef89d,69eb8f1f108d9b87368ef89d,,,,
20968,raw_position_sample,2,2,int,10,2,2,3,71, the ,983,316,728412,69eb8f1f108d9b87368ef89d,69eb8f1f108d9b87368ef89d,intermediate,2,69eb8f1f108d9b87368ef89d,69eb8f1f108d9b87368ef89d,spotlight_PROLIFIC,,42,brazil,Portuguese,"portuguese, english, spanish ",spanish,Portuguese:50|English:40|spanish:10,100,Portuguese:40|English:50|spanish:10,100,Portuguese:75|English:20|spanish:5,100,17,4,Bachelor's,10,10,10,6,7,9,4,20,7,17,Duolingo,150,,,,,22,25,C1,intermediate|advanced,intermediate|advanced,cambridge_22_25_intermediate_advanced,4,20,random,,321.26666259765625,954.86669921875,345.26666259765625,987.3166961669922,6,9,,,,,,,,,,,,2026-08-09T15:58:12.658Z,C99S394L,2026-08-09,2026-08-09,12:58:12,2026-08-09 12:58:12,,,,,,,,69eb8f1f108d9b87368ef89d,69eb8f1f108d9b87368ef89d,,,,
21019,raw_position_sample,2,2,int,10,2,2,3,71, the ,983,316,728462,69eb8f1f108d9b87368ef89d,69eb8f1f108d9b87368ef89d,intermediate,2,69eb8f1f108d9b87368ef89d,69eb8f1f108d9b87368ef89d,spotlight_PROLIFIC,,42,brazil,Portuguese,"portuguese, english, spanish ",spanish,Portuguese:50|English:40|spanish:10,100,Portuguese:40|English:50|spanish:10,100,Portuguese:75|English:20|spanish:5,100,17,4,Bachelor's,10,10,10,6,7,9,4,20,7,17,Duolingo,150,,,,,22,25,C1,intermediate|advanced,intermediate|advanced,cambridge_22_25_intermediate_advanced,4,20,random,,321.26666259765625,954.86669921875,345.26666259765625,987.3166961669922,6,9,,,,,,,,,,,,2026-08-09T15:58:12.658Z,C99S394L,2026-08-09,2026-08-09,12:58:12,2026-08-09 12:58:12,,,,,,,,69eb8f1f108d9b87368ef89d,69eb8f1f108d9b87368ef89d,,,,
21069,raw_position_sample,2,2,int,10,2,2,3,71, the ,980,316,728512,69eb8f1f108d9b87368ef89d,69eb8f1f108d9b87368ef89d,intermediate,2,69eb8f1f108d9b87368ef89d,69eb8f1f108d9b87368ef89d,spotlight_PROLIFIC,,42,brazil,Portuguese,"portuguese, english, spanish ",spanish,Portuguese:50|English:40|spanish:10,100,Portuguese:40|English:50|spanish:10,100,Portuguese:75|English:20|spanish:5,100,17,4,Bachelor's,10,10,10,6,7,9,4,20,7,17,Duolingo,150,,,,,22,25,C1,intermediate|advanced,intermediate|advanced,cambridge_22_25_intermediate_advanced,4,20,random,,321.26666259765625,954.86669921875,345.26666259765625,987.3166961669922,6,9,,,,,,,,,,,,2026-08-09T15:58:12.658Z,C99S394L,2026-08-09,2026-08-09,12:58:12,2026-08-09 12:58:12,,,,,,,,69eb8f1f108d9b87368ef89d,69eb8f1f108d9b87368ef89d,,,,
21099,hover_association,2,2,int,10,2,2,3,71, the ,969,318,,69eb8f1f108d9b87368ef89d,69eb8f1f108d9b87368ef89d,intermediate,2,69eb8f1f108d9b87368ef89d,69eb8f1f108d9b87368ef89d,spotlight_PROLIFIC,,42,brazil,Portuguese,"portuguese, english, spanish ",spanish,Portuguese:50|English:40|spanish:10,100,Portuguese:40|English:50|spanish:10,100,Portuguese:75|English:20|spanish:5,100,17,4,Bachelor's,10,10,10,6,7,9,4,20,7,17,Duolingo,150,,,,,22,25,C1,intermediate|advanced,intermediate|advanced,cambridge_22_25_intermediate_advanced,4,20,random,,313.26666259765625,954.8666763305664,353.26666259765625,987.3166732788086,6,9,hover,351,351,0.4663582463065028,0.06833343505859375,98,,,,,,2026-08-09T15:58:12.658Z,C99S394L,2026-08-09,2026-08-09,12:58:12,2026-08-09 12:58:12,,,,,,,,69eb8f1f108d9b87368ef89d,69eb8f1f108d9b87368ef89d,,,,
21119,raw_position_sample,2,2,int,10,2,2,3,70, showed ,915,322,728563,69eb8f1f108d9b87368ef89d,69eb8f1f108d9b87368ef89d,intermediate,2,69eb8f1f108d9b87368ef89d,69eb8f1f108d9b87368ef89d,spotlight_PROLIFIC,,42,brazil,Portuguese,"portuguese, english, spanish ",spanish,Portuguese:50|English:40|spanish:10,100,Portuguese:40|English:50|spanish:10,100,Portuguese:75|English:20|spanish:5,100,17,4,Bachelor's,10,10,10,6,7,9,4,20,7,17,Duolingo,150,,,,,22,25,C1,intermediate|advanced,intermediate|advanced,cambridge_22_25_intermediate_advanced,4,20,random,,321.26666259765625,884.5499877929688,345.26666259765625,954.8666534423828,6,8,,,,,,,,,,,,2026-08-09T15:58:12.658Z,C99S394L,2026-08-09,2026-08-09,12:58:12,2026-08-09 12:58:12,,,,,,,,69eb8f1f108d9b87368ef89d,69eb8f1f108d9b87368ef89d,,,,
21133,hover_association,2,2,int,10,2,2,3,70, showed ,947,318,,69eb8f1f108d9b87368ef89d,69eb8f1f108d9b87368ef89d,intermediate,2,69eb8f1f108d9b87368ef89d,69eb8f1f108d9b87368ef89d,spotlight_PROLIFIC,,42,brazil,Portuguese,"portuguese, english, spanish ",spanish,Portuguese:50|English:40|spanish:10,100,Portuguese:40|English:50|spanish:10,100,Portuguese:75|English:20|spanish:5,100,17,4,Bachelor's,10,10,10,6,7,9,4,20,7,17,Duolingo,150,,,,,22,25,C1,intermediate|advanced,intermediate|advanced,cambridge_22_25_intermediate_advanced,4,20,random,,313.26666259765625,884.5500030517578,353.26666259765625,954.8666763305664,6,8,hover,33,33,0.43304092085680246,0.21833343505859376,98,,,,,,2026-08-09T15:58:12.658Z,C99S394L,2026-08-09,2026-08-09,12:58:12,2026-08-09 12:58:12,,,,,,,,69eb8f1f108d9b87368ef89d,69eb8f1f108d9b87368ef89d,,,,
21166,hover_association,2,2,int,10,2,2,3,69, video ,875,326,,69eb8f1f108d9b87368ef89d,69eb8f1f108d9b87368ef89d,intermediate,2,69eb8f1f108d9b87368ef89d,69eb8f1f108d9b87368ef89d,spotlight_PROLIFIC,,42,brazil,Portuguese,"portuguese, english, spanish ",spanish,Portuguese:50|English:40|spanish:10,100,Portuguese:40|English:50|spanish:10,100,Portuguese:75|English:20|spanish:5,100,17,4,Bachelor's,10,10,10,6,7,9,4,20,7,17,Duolingo,150,,,,,22,25,C1,intermediate|advanced,intermediate|advanced,cambridge_22_25_intermediate_advanced,4,20,random,,313.26666259765625,833.9666595458984,353.26666259765625,884.5500030517578,6,7,hover,33,33,0.0006591192236571011,0.44333343505859374,98,,,,,,2026-08-09T15:58:12.658Z,C99S394L,2026-08-09,2026-08-09,12:58:12,2026-08-09 12:58:12,,,,,,,,69eb8f1f108d9b87368ef89d,69eb8f1f108d9b87368ef89d,,,,
21169,raw_position_sample,2,2,int,10,2,2,3,67, calls. ,795,336,728613,69eb8f1f108d9b87368ef89d,69eb8f1f108d9b87368ef89d,intermediate,2,69eb8f1f108d9b87368ef89d,69eb8f1f108d9b87368ef89d,spotlight_PROLIFIC,,42,brazil,Portuguese,"portuguese, english, spanish ",spanish,Portuguese:50|English:40|spanish:10,100,Portuguese:40|English:50|spanish:10,100,Portuguese:75|English:20|spanish:5,100,17,4,Bachelor's,10,10,10,6,7,9,4,20,7,17,Duolingo,150,,,,,22,25,C1,intermediate|advanced,intermediate|advanced,cambridge_22_25_intermediate_advanced,4,20,random,,321.26666259765625,771.63330078125,345.26666259765625,817.7833099365234,6,5,,,,,,,,,,,,2026-08-09T15:58:12.658Z,C99S394L,2026-08-09,2026-08-09,12:58:12,2026-08-09 12:58:12,,,,,,,,69eb8f1f108d9b87368ef89d,69eb8f1f108d9b87368ef89d,,,,
21200,hover_association,2,2,int,10,2,2,3,67, calls. ,795,336,,69eb8f1f108d9b87368ef89d,69eb8f1f108d9b87368ef89d,intermediate,2,69eb8f1f108d9b87368ef89d,69eb8f1f108d9b87368ef89d,spotlight_PROLIFIC,,42,brazil,Portuguese,"portuguese, english, spanish ",spanish,Portuguese:50|English:40|spanish:10,100,Portuguese:40|English:50|spanish:10,100,Portuguese:75|English:20|spanish:5,100,17,4,Bachelor's,10,10,10,6,7,9,4,20,7,17,Duolingo,150,,,,,22,25,C1,intermediate|advanced,intermediate|advanced,cambridge_22_25_intermediate_advanced,4,20,random,,313.26666259765625,771.6333312988281,353.26666259765625,817.783317565918,6,5,hover,34,34,0.007945152985524315,0.6433334350585938,98,,,,,,2026-08-09T15:58:12.658Z,C99S394L,2026-08-09,2026-08-09,12:58:12,2026-08-09 12:58:12,,,,,,,,69eb8f1f108d9b87368ef89d,69eb8f1f108d9b87368ef89d,,,,
21219,raw_position_sample,2,2,int,10,2,2,3,66, of ,763,340,728663,69eb8f1f108d9b87368ef89d,69eb8f1f108d9b87368ef89d,intermediate,2,69eb8f1f108d9b87368ef89d,69eb8f1f108d9b87368ef89d,spotlight_PROLIFIC,,42,brazil,Portuguese,"portuguese, english, spanish ",spanish,Portuguese:50|English:40|spanish:10,100,Portuguese:40|English:50|spanish:10,100,Portuguese:75|English:20|spanish:5,100,17,4,Bachelor's,10,10,10,6,7,9,4,20,7,17,Duolingo,150,,,,,22,25,C1,intermediate|advanced,intermediate|advanced,cambridge_22_25_intermediate_advanced,4,20,random,,321.26666259765625,749.86669921875,345.26666259765625,771.6333618164062,6,4,,,,,,,,,,,,2026-08-09T15:58:12.658Z,C99S394L,2026-08-09,2026-08-09,12:58:12,2026-08-09 12:58:12,,,,,,,,69eb8f1f108d9b87368ef89d,69eb8f1f108d9b87368ef89d,,,,
21270,raw_position_sample,2,2,int,10,2,2,3,66, of ,763,340,728713,69eb8f1f108d9b87368ef89d,69eb8f1f108d9b87368ef89d,intermediate,2,69eb8f1f108d9b87368ef89d,69eb8f1f108d9b87368ef89d,spotlight_PROLIFIC,,42,brazil,Portuguese,"portuguese, english, spanish ",spanish,Portuguese:50|English:40|spanish:10,100,Portuguese:40|English:50|spanish:10,100,Portuguese:75|English:20|spanish:5,100,17,4,Bachelor's,10,10,10,6,7,9,4,20,7,17,Duolingo,150,,,,,22,25,C1,intermediate|advanced,intermediate|advanced,cambridge_22_25_intermediate_advanced,4,20,random,,321.26666259765625,749.86669921875,345.26666259765625,771.6333618164062,6,4,,,,,,,,,,,,2026-08-09T15:58:12.658Z,C99S394L,2026-08-09,2026-08-09,12:58:12,2026-08-09 12:58:12,,,,,,,,69eb8f1f108d9b87368ef89d,69eb8f1f108d9b87368ef89d,,,,
21320,raw_position_sample,2,2,int,10,2,2,3,66, of ,763,340,728763,69eb8f1f108d9b87368ef89d,69eb8f1f108d9b87368ef89d,intermediate,2,69eb8f1f108d9b87368ef89d,69eb8f1f108d9b87368ef89d,spotlight_PROLIFIC,,42,brazil,Portuguese,"portuguese, english, spanish ",spanish,Portuguese:50|English:40|spanish:10,100,Portuguese:40|English:50|spanish:10,100,Portuguese:75|English:20|spanish:5,100,17,4,Bachelor's,10,10,10,6,7,9,4,20,7,17,Duolingo,150,,,,,22,25,C1,intermediate|advanced,intermediate|advanced,cambridge_22_25_intermediate_advanced,4,20,random,,321.26666259765625,749.86669921875,345.26666259765625,771.6333618164062,6,4,,,,,,,,,,,,2026-08-09T15:58:12.658Z,C99S394L,2026-08-09,2026-08-09,12:58:12,2026-08-09 12:58:12,,,,,,,,69eb8f1f108d9b87368ef89d,69eb8f1f108d9b87368ef89d,,,,
21370,raw_position_sample,2,2,int,10,2,2,3,66, of ,763,340,728813,69eb8f1f108d9b87368ef89d,69eb8f1f108d9b87368ef89d,intermediate,2,69eb8f1f108d9b87368ef89d,69eb8f1f108d9b87368ef89d,spotlight_PROLIFIC,,42,brazil,Portuguese,"portuguese, english, spanish ",spanish,Portuguese:50|English:40|spanish:10,100,Portuguese:40|English:50|spanish:10,100,Portuguese:75|English:20|spanish:5,100,17,4,Bachelor's,10,10,10,6,7,9,4,20,7,17,Duolingo,150,,,,,22,25,C1,intermediate|advanced,intermediate|advanced,cambridge_22_25_intermediate_advanced,4,20,random,,321.26666259765625,749.86669921875,345.26666259765625,771.6333618164062,6,4,,,,,,,,,,,,2026-08-09T15:58:12.658Z,C99S394L,2026-08-09,2026-08-09,12:58:12,2026-08-09 12:58:12,,,,,,,,69eb8f1f108d9b87368ef89d,69eb8f1f108d9b87368ef89d,,,,
21421,raw_position_sample,2,2,int,10,2,2,3,66, of ,763,340,728865,69eb8f1f108d9b87368ef89d,69eb8f1f108d9b87368ef89d,intermediate,2,69eb8f1f108d9b87368ef89d,69eb8f1f108d9b87368ef89d,spotlight_PROLIFIC,,42,brazil,Portuguese,"portuguese, english, spanish ",spanish,Portuguese:50|English:40|spanish:10,100,Portuguese:40|English:50|spanish:10,100,Portuguese:75|English:20|spanish:5,100,17,4,Bachelor's,10,10,10,6,7,9,4,20,7,17,Duolingo,150,,,,,22,25,C1,intermediate|advanced,intermediate|advanced,cambridge_22_25_intermediate_advanced,4,20,random,,321.26666259765625,749.86669921875,345.26666259765625,771.6333618164062,6,4,,,,,,,,,,,,2026-08-09T15:58:12.658Z,C99S394L,2026-08-09,2026-08-09,12:58:12,2026-08-09 12:58:12,,,,,,,,69eb8f1f108d9b87368ef89d,69eb8f1f108d9b87368ef89d,,,,
21471,raw_position_sample,2,2,int,10,2,2,3,66, of ,763,340,728914,69eb8f1f108d9b87368ef89d,69eb8f1f108d9b87368ef89d,intermediate,2,69eb8f1f108d9b87368ef89d,69eb8f1f108d9b87368ef89d,spotlight_PROLIFIC,,42,brazil,Portuguese,"portuguese, english, spanish ",spanish,Portuguese:50|English:40|spanish:10,100,Portuguese:40|English:50|spanish:10,100,Portuguese:75|English:20|spanish:5,100,17,4,Bachelor's,10,10,10,6,7,9,4,20,7,17,Duolingo,150,,,,,22,25,C1,intermediate|advanced,intermediate|advanced,cambridge_22_25_intermediate_advanced,4,20,random,,321.26666259765625,749.86669921875,345.26666259765625,771.6333618164062,6,4,,,,,,,,,,,,2026-08-09T15:58:12.658Z,C99S394L,2026-08-09,2026-08-09,12:58:12,2026-08-09 12:58:12,,,,,,,,69eb8f1f108d9b87368ef89d,69eb8f1f108d9b87368ef89d,,,,
21521,raw_position_sample,2,2,int,10,2,2,3,66, of ,769,340,728964,69eb8f1f108d9b87368ef89d,69eb8f1f108d9b87368ef89d,intermediate,2,69eb8f1f108d9b87368ef89d,69eb8f1f108d9b87368ef89d,spotlight_PROLIFIC,,42,brazil,Portuguese,"portuguese, english, spanish ",spanish,Portuguese:50|English:40|spanish:10,100,Portuguese:40|English:50|spanish:10,100,Portuguese:75|English:20|spanish:5,100,17,4,Bachelor's,10,10,10,6,7,9,4,20,7,17,Duolingo,150,,,,,22,25,C1,intermediate|advanced,intermediate|advanced,cambridge_22_25_intermediate_advanced,4,20,random,,321.26666259765625,749.86669921875,345.26666259765625,771.6333618164062,6,4,,,,,,,,,,,,2026-08-09T15:58:12.658Z,C99S394L,2026-08-09,2026-08-09,12:58:12,2026-08-09 12:58:12,,,,,,,,69eb8f1f108d9b87368ef89d,69eb8f1f108d9b87368ef89d,,,,
21533,hover_association,2,2,int,10,2,2,3,66, of ,765,339,,69eb8f1f108d9b87368ef89d,69eb8f1f108d9b87368ef89d,intermediate,2,69eb8f1f108d9b87368ef89d,69eb8f1f108d9b87368ef89d,spotlight_PROLIFIC,,42,brazil,Portuguese,"portuguese, english, spanish ",spanish,Portuguese:50|English:40|spanish:10,100,Portuguese:40|English:50|spanish:10,100,Portuguese:75|English:20|spanish:5,100,17,4,Bachelor's,10,10,10,6,7,9,4,20,7,17,Duolingo,150,,,,,22,25,C1,intermediate|advanced,intermediate|advanced,cambridge_22_25_intermediate_advanced,4,20,random,,313.26666259765625,749.86669921875,353.26666259765625,771.6333312988281,6,4,hover,333,333,0.8790198093512924,0.6683334350585938,98,,,,,,2026-08-09T15:58:12.658Z,C99S394L,2026-08-09,2026-08-09,12:58:12,2026-08-09 12:58:12,,,,,,,,69eb8f1f108d9b87368ef89d,69eb8f1f108d9b87368ef89d,,,,
21571,raw_position_sample,2,2,int,10,2,2,3,67, calls. ,817,340,729015,69eb8f1f108d9b87368ef89d,69eb8f1f108d9b87368ef89d,intermediate,2,69eb8f1f108d9b87368ef89d,69eb8f1f108d9b87368ef89d,spotlight_PROLIFIC,,42,brazil,Portuguese,"portuguese, english, spanish ",spanish,Portuguese:50|English:40|spanish:10,100,Portuguese:40|English:50|spanish:10,100,Portuguese:75|English:20|spanish:5,100,17,4,Bachelor's,10,10,10,6,7,9,4,20,7,17,Duolingo,150,,,,,22,25,C1,intermediate|advanced,intermediate|advanced,cambridge_22_25_intermediate_advanced,4,20,random,,321.26666259765625,771.63330078125,345.26666259765625,817.7833099365234,6,5,,,,,,,,,,,,2026-08-09T15:58:12.658Z,C99S394L,2026-08-09,2026-08-09,12:58:12,2026-08-09 12:58:12,,,,,,,,69eb8f1f108d9b87368ef89d,69eb8f1f108d9b87368ef89d,,,,
21582,hover_association,2,2,int,10,2,2,3,67, calls. ,781,340,,69eb8f1f108d9b87368ef89d,69eb8f1f108d9b87368ef89d,intermediate,2,69eb8f1f108d9b87368ef89d,69eb8f1f108d9b87368ef89d,spotlight_PROLIFIC,,42,brazil,Portuguese,"portuguese, english, spanish ",spanish,Portuguese:50|English:40|spanish:10,100,Portuguese:40|English:50|spanish:10,100,Portuguese:75|English:20|spanish:5,100,17,4,Bachelor's,10,10,10,6,7,9,4,20,7,17,Duolingo,150,,,,,22,25,C1,intermediate|advanced,intermediate|advanced,cambridge_22_25_intermediate_advanced,4,20,random,,313.26666259765625,771.6333312988281,353.26666259765625,817.783317565918,6,5,hover,50,50,0.9830266999130927,0.6683334350585938,98,,,,,,2026-08-09T15:58:12.658Z,C99S394L,2026-08-09,2026-08-09,12:58:12,2026-08-09 12:58:12,,,,,,,,69eb8f1f108d9b87368ef89d,69eb8f1f108d9b87368ef89d,,,,
21622,raw_position_sample,2,2,int,10,2,2,3,69, video ,874,335,729065,69eb8f1f108d9b87368ef89d,69eb8f1f108d9b87368ef89d,intermediate,2,69eb8f1f108d9b87368ef89d,69eb8f1f108d9b87368ef89d,spotlight_PROLIFIC,,42,brazil,Portuguese,"portuguese, english, spanish ",spanish,Portuguese:50|English:40|spanish:10,100,Portuguese:40|English:50|spanish:10,100,Portuguese:75|English:20|spanish:5,100,17,4,Bachelor's,10,10,10,6,7,9,4,20,7,17,Duolingo,150,,,,,22,25,C1,intermediate|advanced,intermediate|advanced,cambridge_22_25_intermediate_advanced,4,20,random,,321.26666259765625,833.9666748046875,345.26666259765625,884.5500183105469,6,7,,,,,,,,,,,,2026-08-09T15:58:12.658Z,C99S394L,2026-08-09,2026-08-09,12:58:12,2026-08-09 12:58:12,,,,,,,,69eb8f1f108d9b87368ef89d,69eb8f1f108d9b87368ef89d,,,,
21633,hover_association,2,2,int,10,2,2,3,69, video ,840,338,,69eb8f1f108d9b87368ef89d,69eb8f1f108d9b87368ef89d,intermediate,2,69eb8f1f108d9b87368ef89d,69eb8f1f108d9b87368ef89d,spotlight_PROLIFIC,,42,brazil,Portuguese,"portuguese, english, spanish ",spanish,Portuguese:50|English:40|spanish:10,100,Portuguese:40|English:50|spanish:10,100,Portuguese:75|English:20|spanish:5,100,17,4,Bachelor's,10,10,10,6,7,9,4,20,7,17,Duolingo,150,,,,,22,25,C1,intermediate|advanced,intermediate|advanced,cambridge_22_25_intermediate_advanced,4,20,random,,313.26666259765625,833.9666595458984,353.26666259765625,884.5500030517578,6,7,hover,50,50,0.7914332600308293,0.5433334350585938,98,,,,,,2026-08-09T15:58:12.658Z,C99S394L,2026-08-09,2026-08-09,12:58:12,2026-08-09 12:58:12,,,,,,,,69eb8f1f108d9b87368ef89d,69eb8f1f108d9b87368ef89d,,,,
21672,raw_position_sample,2,2,int,10,2,2,3,70, showed ,892,334,729115,69eb8f1f108d9b87368ef89d,69eb8f1f108d9b87368ef89d,intermediate,2,69eb8f1f108d9b87368ef89d,69eb8f1f108d9b87368ef89d,spotlight_PROLIFIC,,42,brazil,Portuguese,"portuguese, english, spanish ",spanish,Portuguese:50|English:40|spanish:10,100,Portuguese:40|English:50|spanish:10,100,Portuguese:75|English:20|spanish:5,100,17,4,Bachelor's,10,10,10,6,7,9,4,20,7,17,Duolingo,150,,,,,22,25,C1,intermediate|advanced,intermediate|advanced,cambridge_22_25_intermediate_advanced,4,20,random,,321.26666259765625,884.5499877929688,345.26666259765625,954.8666534423828,6,8,,,,,,,,,,,,2026-08-09T15:58:12.658Z,C99S394L,2026-08-09,2026-08-09,12:58:12,2026-08-09 12:58:12,,,,,,,,69eb8f1f108d9b87368ef89d,69eb8f1f108d9b87368ef89d,,,,
21723,raw_position_sample,2,2,int,10,2,2,3,70, showed ,894,334,729165,69eb8f1f108d9b87368ef89d,69eb8f1f108d9b87368ef89d,intermediate,2,69eb8f1f108d9b87368ef89d,69eb8f1f108d9b87368ef89d,spotlight_PROLIFIC,,42,brazil,Portuguese,"portuguese, english, spanish ",spanish,Portuguese:50|English:40|spanish:10,100,Portuguese:40|English:50|spanish:10,100,Portuguese:75|English:20|spanish:5,100,17,4,Bachelor's,10,10,10,6,7,9,4,20,7,17,Duolingo,150,,,,,22,25,C1,intermediate|advanced,intermediate|advanced,cambridge_22_25_intermediate_advanced,4,20,random,,321.26666259765625,884.5499877929688,345.26666259765625,954.8666534423828,6,8,,,,,,,,,,,,2026-08-09T15:58:12.658Z,C99S394L,2026-08-09,2026-08-09,12:58:12,2026-08-09 12:58:12,,,,,,,,69eb8f1f108d9b87368ef89d,69eb8f1f108d9b87368ef89d,,,,
21773,raw_position_sample,2,2,int,10,2,2,3,70, showed ,894,334,729216,69eb8f1f108d9b87368ef89d,69eb8f1f108d9b87368ef89d,intermediate,2,69eb8f1f108d9b87368ef89d,69eb8f1f108d9b87368ef89d,spotlight_PROLIFIC,,42,brazil,Portuguese,"portuguese, english, spanish ",spanish,Portuguese:50|English:40|spanish:10,100,Portuguese:40|English:50|spanish:10,100,Portuguese:75|English:20|spanish:5,100,17,4,Bachelor's,10,10,10,6,7,9,4,20,7,17,Duolingo,150,,,,,22,25,C1,intermediate|advanced,intermediate|advanced,cambridge_22_25_intermediate_advanced,4,20,random,,321.26666259765625,884.5499877929688,345.26666259765625,954.8666534423828,6,8,,,,,,,,,,,,2026-08-09T15:58:12.658Z,C99S394L,2026-08-09,2026-08-09,12:58:12,2026-08-09 12:58:12,,,,,,,,69eb8f1f108d9b87368ef89d,69eb8f1f108d9b87368ef89d,,,,
21823,raw_position_sample,2,2,int,10,2,2,3,70, showed ,894,334,729266,69eb8f1f108d9b87368ef89d,69eb8f1f108d9b87368ef89d,intermediate,2,69eb8f1f108d9b87368ef89d,69eb8f1f108d9b87368ef89d,spotlight_PROLIFIC,,42,brazil,Portuguese,"portuguese, english, spanish ",spanish,Portuguese:50|English:40|spanish:10,100,Portuguese:40|English:50|spanish:10,100,Portuguese:75|English:20|spanish:5,100,17,4,Bachelor's,10,10,10,6,7,9,4,20,7,17,Duolingo,150,,,,,22,25,C1,intermediate|advanced,intermediate|advanced,cambridge_22_25_intermediate_advanced,4,20,random,,321.26666259765625,884.5499877929688,345.26666259765625,954.8666534423828,6,8,,,,,,,,,,,,2026-08-09T15:58:12.658Z,C99S394L,2026-08-09,2026-08-09,12:58:12,2026-08-09 12:58:12,,,,,,,,69eb8f1f108d9b87368ef89d,69eb8f1f108d9b87368ef89d,,,,
21873,raw_position_sample,2,2,int,10,2,2,3,70, showed ,900,334,729317,69eb8f1f108d9b87368ef89d,69eb8f1f108d9b87368ef89d,intermediate,2,69eb8f1f108d9b87368ef89d,69eb8f1f108d9b87368ef89d,spotlight_PROLIFIC,,42,brazil,Portuguese,"portuguese, english, spanish ",spanish,Portuguese:50|English:40|spanish:10,100,Portuguese:40|English:50|spanish:10,100,Portuguese:75|English:20|spanish:5,100,17,4,Bachelor's,10,10,10,6,7,9,4,20,7,17,Duolingo,150,,,,,22,25,C1,intermediate|advanced,intermediate|advanced,cambridge_22_25_intermediate_advanced,4,20,random,,321.26666259765625,884.5499877929688,345.26666259765625,954.8666534423828,6,8,,,,,,,,,,,,2026-08-09T15:58:12.658Z,C99S394L,2026-08-09,2026-08-09,12:58:12,2026-08-09 12:58:12,,,,,,,,69eb8f1f108d9b87368ef89d,69eb8f1f108d9b87368ef89d,,,,
21924,raw_position_sample,2,2,int,10,2,2,3,70, showed ,928,334,729367,69eb8f1f108d9b87368ef89d,69eb8f1f108d9b87368ef89d,intermediate,2,69eb8f1f108d9b87368ef89d,69eb8f1f108d9b87368ef89d,spotlight_PROLIFIC,,42,brazil,Portuguese,"portuguese, english, spanish ",spanish,Portuguese:50|English:40|spanish:10,100,Portuguese:40|English:50|spanish:10,100,Portuguese:75|English:20|spanish:5,100,17,4,Bachelor's,10,10,10,6,7,9,4,20,7,17,Duolingo,150,,,,,22,25,C1,intermediate|advanced,intermediate|advanced,cambridge_22_25_intermediate_advanced,4,20,random,,321.26666259765625,884.5499877929688,345.26666259765625,954.8666534423828,6,8,,,,,,,,,,,,2026-08-09T15:58:12.658Z,C99S394L,2026-08-09,2026-08-09,12:58:12,2026-08-09 12:58:12,,,,,,,,69eb8f1f108d9b87368ef89d,69eb8f1f108d9b87368ef89d,,,,
21974,raw_position_sample,2,2,int,10,2,2,3,70, showed ,946,334,729417,69eb8f1f108d9b87368ef89d,69eb8f1f108d9b87368ef89d,intermediate,2,69eb8f1f108d9b87368ef89d,69eb8f1f108d9b87368ef89d,spotlight_PROLIFIC,,42,brazil,Portuguese,"portuguese, english, spanish ",spanish,Portuguese:50|English:40|spanish:10,100,Portuguese:40|English:50|spanish:10,100,Portuguese:75|English:20|spanish:5,100,17,4,Bachelor's,10,10,10,6,7,9,4,20,7,17,Duolingo,150,,,,,22,25,C1,intermediate|advanced,intermediate|advanced,cambridge_22_25_intermediate_advanced,4,20,random,,321.26666259765625,884.5499877929688,345.26666259765625,954.8666534423828,6,8,,,,,,,,,,,,2026-08-09T15:58:12.658Z,C99S394L,2026-08-09,2026-08-09,12:58:12,2026-08-09 12:58:12,,,,,,,,69eb8f1f108d9b87368ef89d,69eb8f1f108d9b87368ef89d,,,,
22024,raw_position_sample,2,2,int,10,2,2,3,70, showed ,949,334,729468,69eb8f1f108d9b87368ef89d,69eb8f1f108d9b87368ef89d,intermediate,2,69eb8f1f108d9b87368ef89d,69eb8f1f108d9b87368ef89d,spotlight_PROLIFIC,,42,brazil,Portuguese,"portuguese, english, spanish ",spanish,Portuguese:50|English:40|spanish:10,100,Portuguese:40|English:50|spanish:10,100,Portuguese:75|English:20|spanish:5,100,17,4,Bachelor's,10,10,10,6,7,9,4,20,7,17,Duolingo,150,,,,,22,25,C1,intermediate|advanced,intermediate|advanced,cambridge_22_25_intermediate_advanced,4,20,random,,321.26666259765625,884.5499877929688,345.26666259765625,954.8666534423828,6,8,,,,,,,,,,,,2026-08-09T15:58:12.658Z,C99S394L,2026-08-09,2026-08-09,12:58:12,2026-08-09 12:58:12,,,,,,,,69eb8f1f108d9b87368ef89d,69eb8f1f108d9b87368ef89d,,,,
22075,raw_position_sample,2,2,int,10,2,2,3,70, showed ,951,334,729518,69eb8f1f108d9b87368ef89d,69eb8f1f108d9b87368ef89d,intermediate,2,69eb8f1f108d9b87368ef89d,69eb8f1f108d9b87368ef89d,spotlight_PROLIFIC,,42,brazil,Portuguese,"portuguese, english, spanish ",spanish,Portuguese:50|English:40|spanish:10,100,Portuguese:40|English:50|spanish:10,100,Portuguese:75|English:20|spanish:5,100,17,4,Bachelor's,10,10,10,6,7,9,4,20,7,17,Duolingo,150,,,,,22,25,C1,intermediate|advanced,intermediate|advanced,cambridge_22_25_intermediate_advanced,4,20,random,,321.26666259765625,884.5499877929688,345.26666259765625,954.8666534423828,6,8,,,,,,,,,,,,2026-08-09T15:58:12.658Z,C99S394L,2026-08-09,2026-08-09,12:58:12,2026-08-09 12:58:12,,,,,,,,69eb8f1f108d9b87368ef89d,69eb8f1f108d9b87368ef89d,,,,
22099,hover_association,2,2,int,10,2,2,3,70, showed ,886,335,,69eb8f1f108d9b87368ef89d,69eb8f1f108d9b87368ef89d,intermediate,2,69eb8f1f108d9b87368ef89d,69eb8f1f108d9b87368ef89d,spotlight_PROLIFIC,,42,brazil,Portuguese,"portuguese, english, spanish ",spanish,Portuguese:50|English:40|spanish:10,100,Portuguese:40|English:50|spanish:10,100,Portuguese:75|English:20|spanish:5,100,17,4,Bachelor's,10,10,10,6,7,9,4,20,7,17,Duolingo,150,,,,,22,25,C1,intermediate|advanced,intermediate|advanced,cambridge_22_25_intermediate_advanced,4,20,random,,313.26666259765625,884.5500030517578,353.26666259765625,954.8666763305664,6,8,hover,466,466,0.9592319119080063,0.5183334350585938,98,,,,,,2026-08-09T15:58:12.658Z,C99S394L,2026-08-09,2026-08-09,12:58:12,2026-08-09 12:58:12,,,,,,,,69eb8f1f108d9b87368ef89d,69eb8f1f108d9b87368ef89d,,,,
22125,raw_position_sample,2,2,int,10,2,2,3,71, the ,957,334,729568,69eb8f1f108d9b87368ef89d,69eb8f1f108d9b87368ef89d,intermediate,2,69eb8f1f108d9b87368ef89d,69eb8f1f108d9b87368ef89d,spotlight_PROLIFIC,,42,brazil,Portuguese,"portuguese, english, spanish ",spanish,Portuguese:50|English:40|spanish:10,100,Portuguese:40|English:50|spanish:10,100,Portuguese:75|English:20|spanish:5,100,17,4,Bachelor's,10,10,10,6,7,9,4,20,7,17,Duolingo,150,,,,,22,25,C1,intermediate|advanced,intermediate|advanced,cambridge_22_25_intermediate_advanced,4,20,random,,321.26666259765625,954.86669921875,345.26666259765625,987.3166961669922,6,9,,,,,,,,,,,,2026-08-09T15:58:12.658Z,C99S394L,2026-08-09,2026-08-09,12:58:12,2026-08-09 12:58:12,,,,,,,,69eb8f1f108d9b87368ef89d,69eb8f1f108d9b87368ef89d,,,,
22175,raw_position_sample,2,2,int,10,2,2,3,71, the ,957,334,729618,69eb8f1f108d9b87368ef89d,69eb8f1f108d9b87368ef89d,intermediate,2,69eb8f1f108d9b87368ef89d,69eb8f1f108d9b87368ef89d,spotlight_PROLIFIC,,42,brazil,Portuguese,"portuguese, english, spanish ",spanish,Portuguese:50|English:40|spanish:10,100,Portuguese:40|English:50|spanish:10,100,Portuguese:75|English:20|spanish:5,100,17,4,Bachelor's,10,10,10,6,7,9,4,20,7,17,Duolingo,150,,,,,22,25,C1,intermediate|advanced,intermediate|advanced,cambridge_22_25_intermediate_advanced,4,20,random,,321.26666259765625,954.86669921875,345.26666259765625,987.3166961669922,6,9,,,,,,,,,,,,2026-08-09T15:58:12.658Z,C99S394L,2026-08-09,2026-08-09,12:58:12,2026-08-09 12:58:12,,,,,,,,69eb8f1f108d9b87368ef89d,69eb8f1f108d9b87368ef89d,,,,
22225,raw_position_sample,2,2,int,10,2,2,3,71, the ,957,334,729669,69eb8f1f108d9b87368ef89d,69eb8f1f108d9b87368ef89d,intermediate,2,69eb8f1f108d9b87368ef89d,69eb8f1f108d9b87368ef89d,spotlight_PROLIFIC,,42,brazil,Portuguese,"portuguese, english, spanish ",spanish,Portuguese:50|English:40|spanish:10,100,Portuguese:40|English:50|spanish:10,100,Portuguese:75|English:20|spanish:5,100,17,4,Bachelor's,10,10,10,6,7,9,4,20,7,17,Duolingo,150,,,,,22,25,C1,intermediate|advanced,intermediate|advanced,cambridge_22_25_intermediate_advanced,4,20,random,,321.26666259765625,954.86669921875,345.26666259765625,987.3166961669922,6,9,,,,,,,,,,,,2026-08-09T15:58:12.658Z,C99S394L,2026-08-09,2026-08-09,12:58:12,2026-08-09 12:58:12,,,,,,,,69eb8f1f108d9b87368ef89d,69eb8f1f108d9b87368ef89d,,,,
22276,raw_position_sample,2,2,int,10,2,2,3,71, the ,958,334,729719,69eb8f1f108d9b87368ef89d,69eb8f1f108d9b87368ef89d,intermediate,2,69eb8f1f108d9b87368ef89d,69eb8f1f108d9b87368ef89d,spotlight_PROLIFIC,,42,brazil,Portuguese,"portuguese, english, spanish ",spanish,Portuguese:50|English:40|spanish:10,100,Portuguese:40|English:50|spanish:10,100,Portuguese:75|English:20|spanish:5,100,17,4,Bachelor's,10,10,10,6,7,9,4,20,7,17,Duolingo,150,,,,,22,25,C1,intermediate|advanced,intermediate|advanced,cambridge_22_25_intermediate_advanced,4,20,random,,321.26666259765625,954.86669921875,345.26666259765625,987.3166961669922,6,9,,,,,,,,,,,,2026-08-09T15:58:12.658Z,C99S394L,2026-08-09,2026-08-09,12:58:12,2026-08-09 12:58:12,,,,,,,,69eb8f1f108d9b87368ef89d,69eb8f1f108d9b87368ef89d,,,,
22326,raw_position_sample,2,2,int,10,2,2,3,71, the ,968,334,729769,69eb8f1f108d9b87368ef89d,69eb8f1f108d9b87368ef89d,intermediate,2,69eb8f1f108d9b87368ef89d,69eb8f1f108d9b87368ef89d,spotlight_PROLIFIC,,42,brazil,Portuguese,"portuguese, english, spanish ",spanish,Portuguese:50|English:40|spanish:10,100,Portuguese:40|English:50|spanish:10,100,Portuguese:75|English:20|spanish:5,100,17,4,Bachelor's,10,10,10,6,7,9,4,20,7,17,Duolingo,150,,,,,22,25,C1,intermediate|advanced,intermediate|advanced,cambridge_22_25_intermediate_advanced,4,20,random,,321.26666259765625,954.86669921875,345.26666259765625,987.3166961669922,6,9,,,,,,,,,,,,2026-08-09T15:58:12.658Z,C99S394L,2026-08-09,2026-08-09,12:58:12,2026-08-09 12:58:12,,,,,,,,69eb8f1f108d9b87368ef89d,69eb8f1f108d9b87368ef89d,,,,
22349,hover_association,2,2,int,10,2,2,3,71, the ,956,334,,69eb8f1f108d9b87368ef89d,69eb8f1f108d9b87368ef89d,intermediate,2,69eb8f1f108d9b87368ef89d,69eb8f1f108d9b87368ef89d,spotlight_PROLIFIC,,42,brazil,Portuguese,"portuguese, english, spanish ",spanish,Portuguese:50|English:40|spanish:10,100,Portuguese:40|English:50|spanish:10,100,Portuguese:75|English:20|spanish:5,100,17,4,Bachelor's,10,10,10,6,7,9,4,20,7,17,Duolingo,150,,,,,22,25,C1,intermediate|advanced,intermediate|advanced,cambridge_22_25_intermediate_advanced,4,20,random,,313.26666259765625,954.8666763305664,353.26666259765625,987.3166732788086,6,9,hover,250,250,0.805341329033599,0.5183334350585938,98,,,,,,2026-08-09T15:58:12.658Z,C99S394L,2026-08-09,2026-08-09,12:58:12,2026-08-09 12:58:12,,,,,,,,69eb8f1f108d9b87368ef89d,69eb8f1f108d9b87368ef89d,,,,
22376,raw_position_sample,2,2,int,10,2,2,3,72, pieces ,1018,329,729820,69eb8f1f108d9b87368ef89d,69eb8f1f108d9b87368ef89d,intermediate,2,69eb8f1f108d9b87368ef89d,69eb8f1f108d9b87368ef89d,spotlight_PROLIFIC,,42,brazil,Portuguese,"portuguese, english, spanish ",spanish,Portuguese:50|English:40|spanish:10,100,Portuguese:40|English:50|spanish:10,100,Portuguese:75|English:20|spanish:5,100,17,4,Bachelor's,10,10,10,6,7,9,4,20,7,17,Duolingo,150,,,,,22,25,C1,intermediate|advanced,intermediate|advanced,cambridge_22_25_intermediate_advanced,4,20,random,,321.26666259765625,987.316650390625,345.26666259765625,1045.2666473388672,6,10,,,,,,,,,,,,2026-08-09T15:58:12.658Z,C99S394L,2026-08-09,2026-08-09,12:58:12,2026-08-09 12:58:12,,,,,,,,69eb8f1f108d9b87368ef89d,69eb8f1f108d9b87368ef89d,,,,
22426,raw_position_sample,2,2,int,10,2,2,3,72, pieces ,1041,329,729870,69eb8f1f108d9b87368ef89d,69eb8f1f108d9b87368ef89d,intermediate,2,69eb8f1f108d9b87368ef89d,69eb8f1f108d9b87368ef89d,spotlight_PROLIFIC,,42,brazil,Portuguese,"portuguese, english, spanish ",spanish,Portuguese:50|English:40|spanish:10,100,Portuguese:40|English:50|spanish:10,100,Portuguese:75|English:20|spanish:5,100,17,4,Bachelor's,10,10,10,6,7,9,4,20,7,17,Duolingo,150,,,,,22,25,C1,intermediate|advanced,intermediate|advanced,cambridge_22_25_intermediate_advanced,4,20,random,,321.26666259765625,987.316650390625,345.26666259765625,1045.2666473388672,6,10,,,,,,,,,,,,2026-08-09T15:58:12.658Z,C99S394L,2026-08-09,2026-08-09,12:58:12,2026-08-09 12:58:12,,,,,,,,69eb8f1f108d9b87368ef89d,69eb8f1f108d9b87368ef89d,,,,
22465,hover_association,2,2,int,10,2,2,3,72, pieces ,995,334,,69eb8f1f108d9b87368ef89d,69eb8f1f108d9b87368ef89d,intermediate,2,69eb8f1f108d9b87368ef89d,69eb8f1f108d9b87368ef89d,spotlight_PROLIFIC,,42,brazil,Portuguese,"portuguese, english, spanish ",spanish,Portuguese:50|English:40|spanish:10,100,Portuguese:40|English:50|spanish:10,100,Portuguese:75|English:20|spanish:5,100,17,4,Bachelor's,10,10,10,6,7,9,4,20,7,17,Duolingo,150,,,,,22,25,C1,intermediate|advanced,intermediate|advanced,cambridge_22_25_intermediate_advanced,4,20,random,,313.26666259765625,987.3166732788086,353.26666259765625,1045.2666244506836,6,10,hover,116,116,0.9953990565083859,0.36833343505859373,98,,,,,,2026-08-09T15:58:12.658Z,C99S394L,2026-08-09,2026-08-09,12:58:12,2026-08-09 12:58:12,,,,,,,,69eb8f1f108d9b87368ef89d,69eb8f1f108d9b87368ef89d,,,,
22476,raw_position_sample,2,2,int,10,2,2,3,73, of ,1046,328,729920,69eb8f1f108d9b87368ef89d,69eb8f1f108d9b87368ef89d,intermediate,2,69eb8f1f108d9b87368ef89d,69eb8f1f108d9b87368ef89d,spotlight_PROLIFIC,,42,brazil,Portuguese,"portuguese, english, spanish ",spanish,Portuguese:50|English:40|spanish:10,100,Portuguese:40|English:50|spanish:10,100,Portuguese:75|English:20|spanish:5,100,17,4,Bachelor's,10,10,10,6,7,9,4,20,7,17,Duolingo,150,,,,,22,25,C1,intermediate|advanced,intermediate|advanced,cambridge_22_25_intermediate_advanced,4,20,random,,321.26666259765625,1045.2666015625,345.26666259765625,1067.0332794189453,6,11,,,,,,,,,,,,2026-08-09T15:58:12.658Z,C99S394L,2026-08-09,2026-08-09,12:58:12,2026-08-09 12:58:12,,,,,,,,69eb8f1f108d9b87368ef89d,69eb8f1f108d9b87368ef89d,,,,
22527,raw_position_sample,2,2,int,10,2,2,3,73, of ,1053,327,729970,69eb8f1f108d9b87368ef89d,69eb8f1f108d9b87368ef89d,intermediate,2,69eb8f1f108d9b87368ef89d,69eb8f1f108d9b87368ef89d,spotlight_PROLIFIC,,42,brazil,Portuguese,"portuguese, english, spanish ",spanish,Portuguese:50|English:40|spanish:10,100,Portuguese:40|English:50|spanish:10,100,Portuguese:75|English:20|spanish:5,100,17,4,Bachelor's,10,10,10,6,7,9,4,20,7,17,Duolingo,150,,,,,22,25,C1,intermediate|advanced,intermediate|advanced,cambridge_22_25_intermediate_advanced,4,20,random,,321.26666259765625,1045.2666015625,345.26666259765625,1067.0332794189453,6,11,,,,,,,,,,,,2026-08-09T15:58:12.658Z,C99S394L,2026-08-09,2026-08-09,12:58:12,2026-08-09 12:58:12,,,,,,,,69eb8f1f108d9b87368ef89d,69eb8f1f108d9b87368ef89d,,,,
22577,raw_position_sample,2,2,int,10,2,2,3,73, of ,1066,326,730020,69eb8f1f108d9b87368ef89d,69eb8f1f108d9b87368ef89d,intermediate,2,69eb8f1f108d9b87368ef89d,69eb8f1f108d9b87368ef89d,spotlight_PROLIFIC,,42,brazil,Portuguese,"portuguese, english, spanish ",spanish,Portuguese:50|English:40|spanish:10,100,Portuguese:40|English:50|spanish:10,100,Portuguese:75|English:20|spanish:5,100,17,4,Bachelor's,10,10,10,6,7,9,4,20,7,17,Duolingo,150,,,,,22,25,C1,intermediate|advanced,intermediate|advanced,cambridge_22_25_intermediate_advanced,4,20,random,,321.26666259765625,1045.2666015625,345.26666259765625,1067.0332794189453,6,11,,,,,,,,,,,,2026-08-09T15:58:12.658Z,C99S394L,2026-08-09,2026-08-09,12:58:12,2026-08-09 12:58:12,,,,,,,,69eb8f1f108d9b87368ef89d,69eb8f1f108d9b87368ef89d,,,,
22582,hover_association,2,2,int,10,2,2,3,73, of ,1046,328,,69eb8f1f108d9b87368ef89d,69eb8f1f108d9b87368ef89d,intermediate,2,69eb8f1f108d9b87368ef89d,69eb8f1f108d9b87368ef89d,spotlight_PROLIFIC,,42,brazil,Portuguese,"portuguese, english, spanish ",spanish,Portuguese:50|English:40|spanish:10,100,Portuguese:40|English:50|spanish:10,100,Portuguese:75|English:20|spanish:5,100,17,4,Bachelor's,10,10,10,6,7,9,4,20,7,17,Duolingo,150,,,,,22,25,C1,intermediate|advanced,intermediate|advanced,cambridge_22_25_intermediate_advanced,4,20,random,,313.26666259765625,1045.2666244506836,353.26666259765625,1067.033302307129,6,11,hover,117,117,0.9525282491915533,0.31833343505859374,98,,,,,,2026-08-09T15:58:12.658Z,C99S394L,2026-08-09,2026-08-09,12:58:12,2026-08-09 12:58:12,,,,,,,,69eb8f1f108d9b87368ef89d,69eb8f1f108d9b87368ef89d,,,,
22628,raw_position_sample,2,2,int,10,2,2,3,74, meteorite ,1086,326,730071,69eb8f1f108d9b87368ef89d,69eb8f1f108d9b87368ef89d,intermediate,2,69eb8f1f108d9b87368ef89d,69eb8f1f108d9b87368ef89d,spotlight_PROLIFIC,,42,brazil,Portuguese,"portuguese, english, spanish ",spanish,Portuguese:50|English:40|spanish:10,100,Portuguese:40|English:50|spanish:10,100,Portuguese:75|English:20|spanish:5,100,17,4,Bachelor's,10,10,10,6,7,9,4,20,7,17,Duolingo,150,,,,,22,25,C1,intermediate|advanced,intermediate|advanced,cambridge_22_25_intermediate_advanced,4,20,random,,321.26666259765625,1067.0333251953125,345.26666259765625,1154.9666442871094,6,12,,,,,,,,,,,,2026-08-09T15:58:12.658Z,C99S394L,2026-08-09,2026-08-09,12:58:12,2026-08-09 12:58:12,,,,,,,,69eb8f1f108d9b87368ef89d,69eb8f1f108d9b87368ef89d,,,,
22677,raw_position_sample,2,2,int,10,2,2,3,74, meteorite ,1109,326,730121,69eb8f1f108d9b87368ef89d,69eb8f1f108d9b87368ef89d,intermediate,2,69eb8f1f108d9b87368ef89d,69eb8f1f108d9b87368ef89d,spotlight_PROLIFIC,,42,brazil,Portuguese,"portuguese, english, spanish ",spanish,Portuguese:50|English:40|spanish:10,100,Portuguese:40|English:50|spanish:10,100,Portuguese:75|English:20|spanish:5,100,17,4,Bachelor's,10,10,10,6,7,9,4,20,7,17,Duolingo,150,,,,,22,25,C1,intermediate|advanced,intermediate|advanced,cambridge_22_25_intermediate_advanced,4,20,random,,321.26666259765625,1067.0333251953125,345.26666259765625,1154.9666442871094,6,12,,,,,,,,,,,,2026-08-09T15:58:12.658Z,C99S394L,2026-08-09,2026-08-09,12:58:12,2026-08-09 12:58:12,,,,,,,,69eb8f1f108d9b87368ef89d,69eb8f1f108d9b87368ef89d,,,,
22728,raw_position_sample,2,2,int,10,2,2,3,74, meteorite ,1124,326,730171,69eb8f1f108d9b87368ef89d,69eb8f1f108d9b87368ef89d,intermediate,2,69eb8f1f108d9b87368ef89d,69eb8f1f108d9b87368ef89d,spotlight_PROLIFIC,,42,brazil,Portuguese,"portuguese, english, spanish ",spanish,Portuguese:50|English:40|spanish:10,100,Portuguese:40|English:50|spanish:10,100,Portuguese:75|English:20|spanish:5,100,17,4,Bachelor's,10,10,10,6,7,9,4,20,7,17,Duolingo,150,,,,,22,25,C1,intermediate|advanced,intermediate|advanced,cambridge_22_25_intermediate_advanced,4,20,random,,321.26666259765625,1067.0333251953125,345.26666259765625,1154.9666442871094,6,12,,,,,,,,,,,,2026-08-09T15:58:12.658Z,C99S394L,2026-08-09,2026-08-09,12:58:12,2026-08-09 12:58:12,,,,,,,,69eb8f1f108d9b87368ef89d,69eb8f1f108d9b87368ef89d,,,,
22778,raw_position_sample,2,2,int,10,2,2,3,74, meteorite ,1138,326,730222,69eb8f1f108d9b87368ef89d,69eb8f1f108d9b87368ef89d,intermediate,2,69eb8f1f108d9b87368ef89d,69eb8f1f108d9b87368ef89d,spotlight_PROLIFIC,,42,brazil,Portuguese,"portuguese, english, spanish ",spanish,Portuguese:50|English:40|spanish:10,100,Portuguese:40|English:50|spanish:10,100,Portuguese:75|English:20|spanish:5,100,17,4,Bachelor's,10,10,10,6,7,9,4,20,7,17,Duolingo,150,,,,,22,25,C1,intermediate|advanced,intermediate|advanced,cambridge_22_25_intermediate_advanced,4,20,random,,321.26666259765625,1067.0333251953125,345.26666259765625,1154.9666442871094,6,12,,,,,,,,,,,,2026-08-09T15:58:12.658Z,C99S394L,2026-08-09,2026-08-09,12:58:12,2026-08-09 12:58:12,,,,,,,,69eb8f1f108d9b87368ef89d,69eb8f1f108d9b87368ef89d,,,,
22799,hover_association,2,2,int,10,2,2,3,74, meteorite ,1073,326,,69eb8f1f108d9b87368ef89d,69eb8f1f108d9b87368ef89d,intermediate,2,69eb8f1f108d9b87368ef89d,69eb8f1f108d9b87368ef89d,spotlight_PROLIFIC,,42,brazil,Portuguese,"portuguese, english, spanish ",spanish,Portuguese:50|English:40|spanish:10,100,Portuguese:40|English:50|spanish:10,100,Portuguese:75|English:20|spanish:5,100,17,4,Bachelor's,10,10,10,6,7,9,4,20,7,17,Duolingo,150,,,,,22,25,C1,intermediate|advanced,intermediate|advanced,cambridge_22_25_intermediate_advanced,4,20,random,,313.26666259765625,1067.033302307129,353.26666259765625,1154.9666595458984,6,12,hover,218,218,0.9321456642477907,0.31833343505859374,98,,,,,,2026-08-09T15:58:12.658Z,C99S394L,2026-08-09,2026-08-09,12:58:12,2026-08-09 12:58:12,,,,,,,,69eb8f1f108d9b87368ef89d,69eb8f1f108d9b87368ef89d,,,,
22829,raw_position_sample,2,2,int,10,2,2,3,75, glowing ,1168,327,730272,69eb8f1f108d9b87368ef89d,69eb8f1f108d9b87368ef89d,intermediate,2,69eb8f1f108d9b87368ef89d,69eb8f1f108d9b87368ef89d,spotlight_PROLIFIC,,42,brazil,Portuguese,"portuguese, english, spanish ",spanish,Portuguese:50|English:40|spanish:10,100,Portuguese:40|English:50|spanish:10,100,Portuguese:75|English:20|spanish:5,100,17,4,Bachelor's,10,10,10,6,7,9,4,20,7,17,Duolingo,150,,,,,22,25,C1,intermediate|advanced,intermediate|advanced,cambridge_22_25_intermediate_advanced,4,20,random,,321.26666259765625,1154.9666748046875,345.26666259765625,1226.8833465576172,6,13,,,,,,,,,,,,2026-08-09T15:58:12.658Z,C99S394L,2026-08-09,2026-08-09,12:58:12,2026-08-09 12:58:12,,,,,,,,69eb8f1f108d9b87368ef89d,69eb8f1f108d9b87368ef89d,,,,
22878,raw_position_sample,2,2,int,10,2,2,3,75, glowing ,1193,328,730322,69eb8f1f108d9b87368ef89d,69eb8f1f108d9b87368ef89d,intermediate,2,69eb8f1f108d9b87368ef89d,69eb8f1f108d9b87368ef89d,spotlight_PROLIFIC,,42,brazil,Portuguese,"portuguese, english, spanish ",spanish,Portuguese:50|English:40|spanish:10,100,Portuguese:40|English:50|spanish:10,100,Portuguese:75|English:20|spanish:5,100,17,4,Bachelor's,10,10,10,6,7,9,4,20,7,17,Duolingo,150,,,,,22,25,C1,intermediate|advanced,intermediate|advanced,cambridge_22_25_intermediate_advanced,4,20,random,,321.26666259765625,1154.9666748046875,345.26666259765625,1226.8833465576172,6,13,,,,,,,,,,,,2026-08-09T15:58:12.658Z,C99S394L,2026-08-09,2026-08-09,12:58:12,2026-08-09 12:58:12,,,,,,,,69eb8f1f108d9b87368ef89d,69eb8f1f108d9b87368ef89d,,,,
22929,raw_position_sample,2,2,int,10,2,2,3,75, glowing ,1197,330,730372,69eb8f1f108d9b87368ef89d,69eb8f1f108d9b87368ef89d,intermediate,2,69eb8f1f108d9b87368ef89d,69eb8f1f108d9b87368ef89d,spotlight_PROLIFIC,,42,brazil,Portuguese,"portuguese, english, spanish ",spanish,Portuguese:50|English:40|spanish:10,100,Portuguese:40|English:50|spanish:10,100,Portuguese:75|English:20|spanish:5,100,17,4,Bachelor's,10,10,10,6,7,9,4,20,7,17,Duolingo,150,,,,,22,25,C1,intermediate|advanced,intermediate|advanced,cambridge_22_25_intermediate_advanced,4,20,random,,321.26666259765625,1154.9666748046875,345.26666259765625,1226.8833465576172,6,13,,,,,,,,,,,,2026-08-09T15:58:12.658Z,C99S394L,2026-08-09,2026-08-09,12:58:12,2026-08-09 12:58:12,,,,,,,,69eb8f1f108d9b87368ef89d,69eb8f1f108d9b87368ef89d,,,,
22979,raw_position_sample,2,2,int,10,2,2,3,75, glowing ,1205,330,730422,69eb8f1f108d9b87368ef89d,69eb8f1f108d9b87368ef89d,intermediate,2,69eb8f1f108d9b87368ef89d,69eb8f1f108d9b87368ef89d,spotlight_PROLIFIC,,42,brazil,Portuguese,"portuguese, english, spanish ",spanish,Portuguese:50|English:40|spanish:10,100,Portuguese:40|English:50|spanish:10,100,Portuguese:75|English:20|spanish:5,100,17,4,Bachelor's,10,10,10,6,7,9,4,20,7,17,Duolingo,150,,,,,22,25,C1,intermediate|advanced,intermediate|advanced,cambridge_22_25_intermediate_advanced,4,20,random,,321.26666259765625,1154.9666748046875,345.26666259765625,1226.8833465576172,6,13,,,,,,,,,,,,2026-08-09T15:58:12.658Z,C99S394L,2026-08-09,2026-08-09,12:58:12,2026-08-09 12:58:12,,,,,,,,69eb8f1f108d9b87368ef89d,69eb8f1f108d9b87368ef89d,,,,
23029,raw_position_sample,2,2,int,10,2,2,3,75, glowing ,1216,330,730473,69eb8f1f108d9b87368ef89d,69eb8f1f108d9b87368ef89d,intermediate,2,69eb8f1f108d9b87368ef89d,69eb8f1f108d9b87368ef89d,spotlight_PROLIFIC,,42,brazil,Portuguese,"portuguese, english, spanish ",spanish,Portuguese:50|English:40|spanish:10,100,Portuguese:40|English:50|spanish:10,100,Portuguese:75|English:20|spanish:5,100,17,4,Bachelor's,10,10,10,6,7,9,4,20,7,17,Duolingo,150,,,,,22,25,C1,intermediate|advanced,intermediate|advanced,cambridge_22_25_intermediate_advanced,4,20,random,,321.26666259765625,1154.9666748046875,345.26666259765625,1226.8833465576172,6,13,,,,,,,,,,,,2026-08-09T15:58:12.658Z,C99S394L,2026-08-09,2026-08-09,12:58:12,2026-08-09 12:58:12,,,,,,,,69eb8f1f108d9b87368ef89d,69eb8f1f108d9b87368ef89d,,,,
23080,raw_position_sample,2,2,int,10,2,2,3,75, glowing ,1216,330,730523,69eb8f1f108d9b87368ef89d,69eb8f1f108d9b87368ef89d,intermediate,2,69eb8f1f108d9b87368ef89d,69eb8f1f108d9b87368ef89d,spotlight_PROLIFIC,,42,brazil,Portuguese,"portuguese, english, spanish ",spanish,Portuguese:50|English:40|spanish:10,100,Portuguese:40|English:50|spanish:10,100,Portuguese:75|English:20|spanish:5,100,17,4,Bachelor's,10,10,10,6,7,9,4,20,7,17,Duolingo,150,,,,,22,25,C1,intermediate|advanced,intermediate|advanced,cambridge_22_25_intermediate_advanced,4,20,random,,321.26666259765625,1154.9666748046875,345.26666259765625,1226.8833465576172,6,13,,,,,,,,,,,,2026-08-09T15:58:12.658Z,C99S394L,2026-08-09,2026-08-09,12:58:12,2026-08-09 12:58:12,,,,,,,,69eb8f1f108d9b87368ef89d,69eb8f1f108d9b87368ef89d,,,,
23130,raw_position_sample,2,2,int,10,2,2,3,75, glowing ,1216,330,730573,69eb8f1f108d9b87368ef89d,69eb8f1f108d9b87368ef89d,intermediate,2,69eb8f1f108d9b87368ef89d,69eb8f1f108d9b87368ef89d,spotlight_PROLIFIC,,42,brazil,Portuguese,"portuguese, english, spanish ",spanish,Portuguese:50|English:40|spanish:10,100,Portuguese:40|English:50|spanish:10,100,Portuguese:75|English:20|spanish:5,100,17,4,Bachelor's,10,10,10,6,7,9,4,20,7,17,Duolingo,150,,,,,22,25,C1,intermediate|advanced,intermediate|advanced,cambridge_22_25_intermediate_advanced,4,20,random,,321.26666259765625,1154.9666748046875,345.26666259765625,1226.8833465576172,6,13,,,,,,,,,,,,2026-08-09T15:58:12.658Z,C99S394L,2026-08-09,2026-08-09,12:58:12,2026-08-09 12:58:12,,,,,,,,69eb8f1f108d9b87368ef89d,69eb8f1f108d9b87368ef89d,,,,
23180,raw_position_sample,2,2,int,10,2,2,3,75, glowing ,1214,330,730623,69eb8f1f108d9b87368ef89d,69eb8f1f108d9b87368ef89d,intermediate,2,69eb8f1f108d9b87368ef89d,69eb8f1f108d9b87368ef89d,spotlight_PROLIFIC,,42,brazil,Portuguese,"portuguese, english, spanish ",spanish,Portuguese:50|English:40|spanish:10,100,Portuguese:40|English:50|spanish:10,100,Portuguese:75|English:20|spanish:5,100,17,4,Bachelor's,10,10,10,6,7,9,4,20,7,17,Duolingo,150,,,,,22,25,C1,intermediate|advanced,intermediate|advanced,cambridge_22_25_intermediate_advanced,4,20,random,,321.26666259765625,1154.9666748046875,345.26666259765625,1226.8833465576172,6,13,,,,,,,,,,,,2026-08-09T15:58:12.658Z,C99S394L,2026-08-09,2026-08-09,12:58:12,2026-08-09 12:58:12,,,,,,,,69eb8f1f108d9b87368ef89d,69eb8f1f108d9b87368ef89d,,,,
23229,raw_position_sample,2,2,int,10,2,2,3,75, glowing ,1190,331,730673,69eb8f1f108d9b87368ef89d,69eb8f1f108d9b87368ef89d,intermediate,2,69eb8f1f108d9b87368ef89d,69eb8f1f108d9b87368ef89d,spotlight_PROLIFIC,,42,brazil,Portuguese,"portuguese, english, spanish ",spanish,Portuguese:50|English:40|spanish:10,100,Portuguese:40|English:50|spanish:10,100,Portuguese:75|English:20|spanish:5,100,17,4,Bachelor's,10,10,10,6,7,9,4,20,7,17,Duolingo,150,,,,,22,25,C1,intermediate|advanced,intermediate|advanced,cambridge_22_25_intermediate_advanced,4,20,random,,321.26666259765625,1154.9666748046875,345.26666259765625,1226.8833465576172,6,13,,,,,,,,,,,,2026-08-09T15:58:12.658Z,C99S394L,2026-08-09,2026-08-09,12:58:12,2026-08-09 12:58:12,,,,,,,,69eb8f1f108d9b87368ef89d,69eb8f1f108d9b87368ef89d,,,,
23249,hover_association,2,2,int,10,2,2,3,75, glowing ,1158,327,,69eb8f1f108d9b87368ef89d,69eb8f1f108d9b87368ef89d,intermediate,2,69eb8f1f108d9b87368ef89d,69eb8f1f108d9b87368ef89d,spotlight_PROLIFIC,,42,brazil,Portuguese,"portuguese, english, spanish ",spanish,Portuguese:50|English:40|spanish:10,100,Portuguese:40|English:50|spanish:10,100,Portuguese:75|English:20|spanish:5,100,17,4,Bachelor's,10,10,10,6,7,9,4,20,7,17,Duolingo,150,,,,,22,25,C1,intermediate|advanced,intermediate|advanced,cambridge_22_25_intermediate_advanced,4,20,random,,313.26666259765625,1154.9666595458984,353.26666259765625,1226.8833236694336,6,13,hover,450,450,0.014368581561660557,0.46833343505859376,98,,,,,,2026-08-09T15:58:12.658Z,C99S394L,2026-08-09,2026-08-09,12:58:12,2026-08-09 12:58:12,,,,,,,,69eb8f1f108d9b87368ef89d,69eb8f1f108d9b87368ef89d,,,,
23280,raw_position_sample,2,2,int,10,2,2,3,74, meteorite ,1080,337,730724,69eb8f1f108d9b87368ef89d,69eb8f1f108d9b87368ef89d,intermediate,2,69eb8f1f108d9b87368ef89d,69eb8f1f108d9b87368ef89d,spotlight_PROLIFIC,,42,brazil,Portuguese,"portuguese, english, spanish ",spanish,Portuguese:50|English:40|spanish:10,100,Portuguese:40|English:50|spanish:10,100,Portuguese:75|English:20|spanish:5,100,17,4,Bachelor's,10,10,10,6,7,9,4,20,7,17,Duolingo,150,,,,,22,25,C1,intermediate|advanced,intermediate|advanced,cambridge_22_25_intermediate_advanced,4,20,random,,321.26666259765625,1067.0333251953125,345.26666259765625,1154.9666442871094,6,12,,,,,,,,,,,,2026-08-09T15:58:12.658Z,C99S394L,2026-08-09,2026-08-09,12:58:12,2026-08-09 12:58:12,,,,,,,,69eb8f1f108d9b87368ef89d,69eb8f1f108d9b87368ef89d,,,,
23283,hover_association,2,2,int,10,2,2,3,74, meteorite ,1123,335,,69eb8f1f108d9b87368ef89d,69eb8f1f108d9b87368ef89d,intermediate,2,69eb8f1f108d9b87368ef89d,69eb8f1f108d9b87368ef89d,spotlight_PROLIFIC,,42,brazil,Portuguese,"portuguese, english, spanish ",spanish,Portuguese:50|English:40|spanish:10,100,Portuguese:40|English:50|spanish:10,100,Portuguese:75|English:20|spanish:5,100,17,4,Bachelor's,10,10,10,6,7,9,4,20,7,17,Duolingo,150,,,,,22,25,C1,intermediate|advanced,intermediate|advanced,cambridge_22_25_intermediate_advanced,4,20,random,,313.26666259765625,1067.033302307129,353.26666259765625,1154.9666595458984,6,12,hover,33,33,0.1474605098684225,0.5933334350585937,98,,,,,,2026-08-09T15:58:12.658Z,C99S394L,2026-08-09,2026-08-09,12:58:12,2026-08-09 12:58:12,,,,,,,,69eb8f1f108d9b87368ef89d,69eb8f1f108d9b87368ef89d,,,,
23330,raw_position_sample,2,2,int,10,2,2,3,72, pieces ,991,344,730774,69eb8f1f108d9b87368ef89d,69eb8f1f108d9b87368ef89d,intermediate,2,69eb8f1f108d9b87368ef89d,69eb8f1f108d9b87368ef89d,spotlight_PROLIFIC,,42,brazil,Portuguese,"portuguese, english, spanish ",spanish,Portuguese:50|English:40|spanish:10,100,Portuguese:40|English:50|spanish:10,100,Portuguese:75|English:20|spanish:5,100,17,4,Bachelor's,10,10,10,6,7,9,4,20,7,17,Duolingo,150,,,,,22,25,C1,intermediate|advanced,intermediate|advanced,cambridge_22_25_intermediate_advanced,4,20,random,,321.26666259765625,987.316650390625,345.26666259765625,1045.2666473388672,6,10,,,,,,,,,,,,2026-08-09T15:58:12.658Z,C99S394L,2026-08-09,2026-08-09,12:58:12,2026-08-09 12:58:12,,,,,,,,69eb8f1f108d9b87368ef89d,69eb8f1f108d9b87368ef89d,,,,
23333,hover_association,2,2,int,10,2,2,3,72, pieces ,1041,340,,69eb8f1f108d9b87368ef89d,69eb8f1f108d9b87368ef89d,intermediate,2,69eb8f1f108d9b87368ef89d,69eb8f1f108d9b87368ef89d,spotlight_PROLIFIC,,42,brazil,Portuguese,"portuguese, english, spanish ",spanish,Portuguese:50|English:40|spanish:10,100,Portuguese:40|English:50|spanish:10,100,Portuguese:75|English:20|spanish:5,100,17,4,Bachelor's,10,10,10,6,7,9,4,20,7,17,Duolingo,150,,,,,22,25,C1,intermediate|advanced,intermediate|advanced,cambridge_22_25_intermediate_advanced,4,20,random,,313.26666259765625,987.3166732788086,353.26666259765625,1045.2666244506836,6,10,hover,50,50,0.06356048015065532,0.7683334350585938,98,,,,,,2026-08-09T15:58:12.658Z,C99S394L,2026-08-09,2026-08-09,12:58:12,2026-08-09 12:58:12,,,,,,,,69eb8f1f108d9b87368ef89d,69eb8f1f108d9b87368ef89d,,,,
23366,hover_association,2,2,int,10,2,2,3,71, the ,974,345,,69eb8f1f108d9b87368ef89d,69eb8f1f108d9b87368ef89d,intermediate,2,69eb8f1f108d9b87368ef89d,69eb8f1f108d9b87368ef89d,spotlight_PROLIFIC,,42,brazil,Portuguese,"portuguese, english, spanish ",spanish,Portuguese:50|English:40|spanish:10,100,Portuguese:40|English:50|spanish:10,100,Portuguese:75|English:20|spanish:5,100,17,4,Bachelor's,10,10,10,6,7,9,4,20,7,17,Duolingo,150,,,,,22,25,C1,intermediate|advanced,intermediate|advanced,cambridge_22_25_intermediate_advanced,4,20,random,,313.26666259765625,954.8666763305664,353.26666259765625,987.3166732788086,6,9,hover,33,33,0.21982509523225102,0.7933334350585938,98,,,,,,2026-08-09T15:58:12.658Z,C99S394L,2026-08-09,2026-08-09,12:58:12,2026-08-09 12:58:12,,,,,,,,69eb8f1f108d9b87368ef89d,69eb8f1f108d9b87368ef89d,,,,
23380,raw_position_sample,2,2,int,10,2,2,3,70, showed ,952,345,730824,69eb8f1f108d9b87368ef89d,69eb8f1f108d9b87368ef89d,intermediate,2,69eb8f1f108d9b87368ef89d,69eb8f1f108d9b87368ef89d,spotlight_PROLIFIC,,42,brazil,Portuguese,"portuguese, english, spanish ",spanish,Portuguese:50|English:40|spanish:10,100,Portuguese:40|English:50|spanish:10,100,Portuguese:75|English:20|spanish:5,100,17,4,Bachelor's,10,10,10,6,7,9,4,20,7,17,Duolingo,150,,,,,22,25,C1,intermediate|advanced,intermediate|advanced,cambridge_22_25_intermediate_advanced,4,20,random,,321.26666259765625,884.5499877929688,345.26666259765625,954.8666534423828,6,8,,,,,,,,,,,,2026-08-09T15:58:12.658Z,C99S394L,2026-08-09,2026-08-09,12:58:12,2026-08-09 12:58:12,,,,,,,,69eb8f1f108d9b87368ef89d,69eb8f1f108d9b87368ef89d,,,,
23431,raw_position_sample,2,2,int,10,2,2,3,70, showed ,921,345,730875,69eb8f1f108d9b87368ef89d,69eb8f1f108d9b87368ef89d,intermediate,2,69eb8f1f108d9b87368ef89d,69eb8f1f108d9b87368ef89d,spotlight_PROLIFIC,,42,brazil,Portuguese,"portuguese, english, spanish ",spanish,Portuguese:50|English:40|spanish:10,100,Portuguese:40|English:50|spanish:10,100,Portuguese:75|English:20|spanish:5,100,17,4,Bachelor's,10,10,10,6,7,9,4,20,7,17,Duolingo,150,,,,,22,25,C1,intermediate|advanced,intermediate|advanced,cambridge_22_25_intermediate_advanced,4,20,random,,321.26666259765625,884.5499877929688,345.26666259765625,954.8666534423828,6,8,,,,,,,,,,,,2026-08-09T15:58:12.658Z,C99S394L,2026-08-09,2026-08-09,12:58:12,2026-08-09 12:58:12,,,,,,,,69eb8f1f108d9b87368ef89d,69eb8f1f108d9b87368ef89d,,,,
23466,hover_association,2,2,int,10,2,2,3,70, showed ,952,345,,69eb8f1f108d9b87368ef89d,69eb8f1f108d9b87368ef89d,intermediate,2,69eb8f1f108d9b87368ef89d,69eb8f1f108d9b87368ef89d,spotlight_PROLIFIC,,42,brazil,Portuguese,"portuguese, english, spanish ",spanish,Portuguese:50|English:40|spanish:10,100,Portuguese:40|English:50|spanish:10,100,Portuguese:75|English:20|spanish:5,100,17,4,Bachelor's,10,10,10,6,7,9,4,20,7,17,Duolingo,150,,,,,22,25,C1,intermediate|advanced,intermediate|advanced,cambridge_22_25_intermediate_advanced,4,20,random,,313.26666259765625,884.5500030517578,353.26666259765625,954.8666763305664,6,8,hover,100,100,0.03484233303426978,0.8433334350585937,98,,,,,,2026-08-09T15:58:12.658Z,C99S394L,2026-08-09,2026-08-09,12:58:12,2026-08-09 12:58:12,,,,,,,,69eb8f1f108d9b87368ef89d,69eb8f1f108d9b87368ef89d,,,,
23482,raw_position_sample,2,2,int,10,2,2,3,69, video ,879,347,730925,69eb8f1f108d9b87368ef89d,69eb8f1f108d9b87368ef89d,intermediate,2,69eb8f1f108d9b87368ef89d,69eb8f1f108d9b87368ef89d,spotlight_PROLIFIC,,42,brazil,Portuguese,"portuguese, english, spanish ",spanish,Portuguese:50|English:40|spanish:10,100,Portuguese:40|English:50|spanish:10,100,Portuguese:75|English:20|spanish:5,100,17,4,Bachelor's,10,10,10,6,7,9,4,20,7,17,Duolingo,150,,,,,22,25,C1,intermediate|advanced,intermediate|advanced,cambridge_22_25_intermediate_advanced,4,20,random,,321.26666259765625,833.9666748046875,345.26666259765625,884.5500183105469,6,7,,,,,,,,,,,,2026-08-09T15:58:12.658Z,C99S394L,2026-08-09,2026-08-09,12:58:12,2026-08-09 12:58:12,,,,,,,,69eb8f1f108d9b87368ef89d,69eb8f1f108d9b87368ef89d,,,,
23532,raw_position_sample,2,2,int,10,2,2,3,69, video ,841,347,730975,69eb8f1f108d9b87368ef89d,69eb8f1f108d9b87368ef89d,intermediate,2,69eb8f1f108d9b87368ef89d,69eb8f1f108d9b87368ef89d,spotlight_PROLIFIC,,42,brazil,Portuguese,"portuguese, english, spanish ",spanish,Portuguese:50|English:40|spanish:10,100,Portuguese:40|English:50|spanish:10,100,Portuguese:75|English:20|spanish:5,100,17,4,Bachelor's,10,10,10,6,7,9,4,20,7,17,Duolingo,150,,,,,22,25,C1,intermediate|advanced,intermediate|advanced,cambridge_22_25_intermediate_advanced,4,20,random,,321.26666259765625,833.9666748046875,345.26666259765625,884.5500183105469,6,7,,,,,,,,,,,,2026-08-09T15:58:12.658Z,C99S394L,2026-08-09,2026-08-09,12:58:12,2026-08-09 12:58:12,,,,,,,,69eb8f1f108d9b87368ef89d,69eb8f1f108d9b87368ef89d,,,,
23532,hover_association,2,2,int,10,2,2,3,69, video ,879,347,,69eb8f1f108d9b87368ef89d,69eb8f1f108d9b87368ef89d,intermediate,2,69eb8f1f108d9b87368ef89d,69eb8f1f108d9b87368ef89d,spotlight_PROLIFIC,,42,brazil,Portuguese,"portuguese, english, spanish ",spanish,Portuguese:50|English:40|spanish:10,100,Portuguese:40|English:50|spanish:10,100,Portuguese:75|English:20|spanish:5,100,17,4,Bachelor's,10,10,10,6,7,9,4,20,7,17,Duolingo,150,,,,,22,25,C1,intermediate|advanced,intermediate|advanced,cambridge_22_25_intermediate_advanced,4,20,random,,313.26666259765625,833.9666595458984,353.26666259765625,884.5500030517578,6,7,hover,66,66,0.13904459386491222,0.8433334350585937,98,,,,,,2026-08-09T15:58:12.658Z,C99S394L,2026-08-09,2026-08-09,12:58:12,2026-08-09 12:58:12,,,,,,,,69eb8f1f108d9b87368ef89d,69eb8f1f108d9b87368ef89d,,,,
23549,hover_association,2,2,int,10,2,2,3,68, A ,824,347,,69eb8f1f108d9b87368ef89d,69eb8f1f108d9b87368ef89d,intermediate,2,69eb8f1f108d9b87368ef89d,69eb8f1f108d9b87368ef89d,spotlight_PROLIFIC,,42,brazil,Portuguese,"portuguese, english, spanish ",spanish,Portuguese:50|English:40|spanish:10,100,Portuguese:40|English:50|spanish:10,100,Portuguese:75|English:20|spanish:5,100,17,4,Bachelor's,10,10,10,6,7,9,4,20,7,17,Duolingo,150,,,,,22,25,C1,intermediate|advanced,intermediate|advanced,cambridge_22_25_intermediate_advanced,4,20,random,,313.26666259765625,817.783317565918,353.26666259765625,833.9666595458984,6,6,hover,17,17,0.38414083084769207,0.8433334350585937,98,,,,,,2026-08-09T15:58:12.658Z,C99S394L,2026-08-09,2026-08-09,12:58:12,2026-08-09 12:58:12,,,,,,,,69eb8f1f108d9b87368ef89d,69eb8f1f108d9b87368ef89d,,,,
23582,raw_position_sample,2,2,int,10,2,2,3,67, calls. ,777,350,731025,69eb8f1f108d9b87368ef89d,69eb8f1f108d9b87368ef89d,intermediate,2,69eb8f1f108d9b87368ef89d,69eb8f1f108d9b87368ef89d,spotlight_PROLIFIC,,42,brazil,Portuguese,"portuguese, english, spanish ",spanish,Portuguese:50|English:40|spanish:10,100,Portuguese:40|English:50|spanish:10,100,Portuguese:75|English:20|spanish:5,100,17,4,Bachelor's,10,10,10,6,7,9,4,20,7,17,Duolingo,150,,,,,22,25,C1,intermediate|advanced,intermediate|advanced,cambridge_22_25_intermediate_advanced,4,20,random,,321.26666259765625,771.63330078125,345.26666259765625,817.7833099365234,6,5,,,,,,,,,,,,2026-08-09T15:58:12.658Z,C99S394L,2026-08-09,2026-08-09,12:58:12,2026-08-09 12:58:12,,,,,,,,69eb8f1f108d9b87368ef89d,69eb8f1f108d9b87368ef89d,,,,
23582,hover_association,2,2,int,10,2,2,3,67, calls. ,801,349,,69eb8f1f108d9b87368ef89d,69eb8f1f108d9b87368ef89d,intermediate,2,69eb8f1f108d9b87368ef89d,69eb8f1f108d9b87368ef89d,spotlight_PROLIFIC,,42,brazil,Portuguese,"portuguese, english, spanish ",spanish,Portuguese:50|English:40|spanish:10,100,Portuguese:40|English:50|spanish:10,100,Portuguese:75|English:20|spanish:5,100,17,4,Bachelor's,10,10,10,6,7,9,4,20,7,17,Duolingo,150,,,,,22,25,C1,intermediate|advanced,intermediate|advanced,cambridge_22_25_intermediate_advanced,4,20,random,,313.26666259765625,771.6333312988281,353.26666259765625,817.783317565918,6,5,hover,34,34,0.11628754708858746,0.9183334350585938,98,,,,,,2026-08-09T15:58:12.658Z,C99S394L,2026-08-09,2026-08-09,12:58:12,2026-08-09 12:58:12,,,,,,,,69eb8f1f108d9b87368ef89d,69eb8f1f108d9b87368ef89d,,,,
23599,hover_association,2,2,int,10,2,2,3,66, of ,756,350,,69eb8f1f108d9b87368ef89d,69eb8f1f108d9b87368ef89d,intermediate,2,69eb8f1f108d9b87368ef89d,69eb8f1f108d9b87368ef89d,spotlight_PROLIFIC,,42,brazil,Portuguese,"portuguese, english, spanish ",spanish,Portuguese:50|English:40|spanish:10,100,Portuguese:40|English:50|spanish:10,100,Portuguese:75|English:20|spanish:5,100,17,4,Bachelor's,10,10,10,6,7,9,4,20,7,17,Duolingo,150,,,,,22,25,C1,intermediate|advanced,intermediate|advanced,cambridge_22_25_intermediate_advanced,4,20,random,,313.26666259765625,749.86669921875,353.26666259765625,771.6333312988281,6,4,hover,16,16,0.2817753687702331,0.9183334350585938,98,,,,,,2026-08-09T15:58:12.658Z,C99S394L,2026-08-09,2026-08-09,12:58:12,2026-08-09 12:58:12,,,,,,,,69eb8f1f108d9b87368ef89d,69eb8f1f108d9b87368ef89d,,,,
23632,raw_position_sample,2,2,int,10,2,2,3,65, volume ,726,350,731075,69eb8f1f108d9b87368ef89d,69eb8f1f108d9b87368ef89d,intermediate,2,69eb8f1f108d9b87368ef89d,69eb8f1f108d9b87368ef89d,spotlight_PROLIFIC,,42,brazil,Portuguese,"portuguese, english, spanish ",spanish,Portuguese:50|English:40|spanish:10,100,Portuguese:40|English:50|spanish:10,100,Portuguese:75|English:20|spanish:5,100,17,4,Bachelor's,10,10,10,6,7,9,4,20,7,17,Duolingo,150,,,,,22,25,C1,intermediate|advanced,intermediate|advanced,cambridge_22_25_intermediate_advanced,4,20,random,,321.26666259765625,682.4000244140625,345.26666259765625,749.86669921875,6,3,,,,,,,,,,,,2026-08-09T15:58:12.658Z,C99S394L,2026-08-09,2026-08-09,12:58:12,2026-08-09 12:58:12,,,,,,,,69eb8f1f108d9b87368ef89d,69eb8f1f108d9b87368ef89d,,,,
23683,raw_position_sample,2,2,int,10,2,2,3,65, volume ,696,351,731127,69eb8f1f108d9b87368ef89d,69eb8f1f108d9b87368ef89d,intermediate,2,69eb8f1f108d9b87368ef89d,69eb8f1f108d9b87368ef89d,spotlight_PROLIFIC,,42,brazil,Portuguese,"portuguese, english, spanish ",spanish,Portuguese:50|English:40|spanish:10,100,Portuguese:40|English:50|spanish:10,100,Portuguese:75|English:20|spanish:5,100,17,4,Bachelor's,10,10,10,6,7,9,4,20,7,17,Duolingo,150,,,,,22,25,C1,intermediate|advanced,intermediate|advanced,cambridge_22_25_intermediate_advanced,4,20,random,,321.26666259765625,682.4000244140625,345.26666259765625,749.86669921875,6,3,,,,,,,,,,,,2026-08-09T15:58:12.658Z,C99S394L,2026-08-09,2026-08-09,12:58:12,2026-08-09 12:58:12,,,,,,,,69eb8f1f108d9b87368ef89d,69eb8f1f108d9b87368ef89d,,,,
23716,hover_association,2,2,int,10,2,2,3,65, volume ,738,350,,69eb8f1f108d9b87368ef89d,69eb8f1f108d9b87368ef89d,intermediate,2,69eb8f1f108d9b87368ef89d,69eb8f1f108d9b87368ef89d,spotlight_PROLIFIC,,42,brazil,Portuguese,"portuguese, english, spanish ",spanish,Portuguese:50|English:40|spanish:10,100,Portuguese:40|English:50|spanish:10,100,Portuguese:75|English:20|spanish:5,100,17,4,Bachelor's,10,10,10,6,7,9,4,20,7,17,Duolingo,150,,,,,22,25,C1,intermediate|advanced,intermediate|advanced,cambridge_22_25_intermediate_advanced,4,20,random,,313.26666259765625,682.400016784668,353.26666259765625,749.86669921875,6,3,hover,117,117,0.038537291616085184,0.9933334350585937,98,,,,,,2026-08-09T15:58:12.658Z,C99S394L,2026-08-09,2026-08-09,12:58:12,2026-08-09 12:58:12,,,,,,,,69eb8f1f108d9b87368ef89d,69eb8f1f108d9b87368ef89d,,,,
23734,raw_position_sample,2,2,int,10,2,2,3,77, brightly ,664,356,731177,69eb8f1f108d9b87368ef89d,69eb8f1f108d9b87368ef89d,intermediate,2,69eb8f1f108d9b87368ef89d,69eb8f1f108d9b87368ef89d,spotlight_PROLIFIC,,42,brazil,Portuguese,"portuguese, english, spanish ",spanish,Portuguese:50|English:40|spanish:10,100,Portuguese:40|English:50|spanish:10,100,Portuguese:75|English:20|spanish:5,100,17,4,Bachelor's,10,10,10,6,7,9,4,20,7,17,Duolingo,150,,,,,22,25,C1,intermediate|advanced,intermediate|advanced,cambridge_22_25_intermediate_advanced,4,20,random,,361.26666259765625,625.36669921875,385.26666259765625,695.7166900634766,7,1,,,,,,,,,,,,2026-08-09T15:58:12.658Z,C99S394L,2026-08-09,2026-08-09,12:58:12,2026-08-09 12:58:12,,,,,,,,69eb8f1f108d9b87368ef89d,69eb8f1f108d9b87368ef89d,,,,
23784,raw_position_sample,2,2,int,10,2,2,3,77, brightly ,659,356,731227,69eb8f1f108d9b87368ef89d,69eb8f1f108d9b87368ef89d,intermediate,2,69eb8f1f108d9b87368ef89d,69eb8f1f108d9b87368ef89d,spotlight_PROLIFIC,,42,brazil,Portuguese,"portuguese, english, spanish ",spanish,Portuguese:50|English:40|spanish:10,100,Portuguese:40|English:50|spanish:10,100,Portuguese:75|English:20|spanish:5,100,17,4,Bachelor's,10,10,10,6,7,9,4,20,7,17,Duolingo,150,,,,,22,25,C1,intermediate|advanced,intermediate|advanced,cambridge_22_25_intermediate_advanced,4,20,random,,361.26666259765625,625.36669921875,385.26666259765625,695.7166900634766,7,1,,,,,,,,,,,,2026-08-09T15:58:12.658Z,C99S394L,2026-08-09,2026-08-09,12:58:12,2026-08-09 12:58:12,,,,,,,,69eb8f1f108d9b87368ef89d,69eb8f1f108d9b87368ef89d,,,,
23834,raw_position_sample,2,2,int,10,2,2,3,77, brightly ,659,356,731277,69eb8f1f108d9b87368ef89d,69eb8f1f108d9b87368ef89d,intermediate,2,69eb8f1f108d9b87368ef89d,69eb8f1f108d9b87368ef89d,spotlight_PROLIFIC,,42,brazil,Portuguese,"portuguese, english, spanish ",spanish,Portuguese:50|English:40|spanish:10,100,Portuguese:40|English:50|spanish:10,100,Portuguese:75|English:20|spanish:5,100,17,4,Bachelor's,10,10,10,6,7,9,4,20,7,17,Duolingo,150,,,,,22,25,C1,intermediate|advanced,intermediate|advanced,cambridge_22_25_intermediate_advanced,4,20,random,,361.26666259765625,625.36669921875,385.26666259765625,695.7166900634766,7,1,,,,,,,,,,,,2026-08-09T15:58:12.658Z,C99S394L,2026-08-09,2026-08-09,12:58:12,2026-08-09 12:58:12,,,,,,,,69eb8f1f108d9b87368ef89d,69eb8f1f108d9b87368ef89d,,,,
23884,raw_position_sample,2,2,int,10,2,2,3,77, brightly ,657,359,731328,69eb8f1f108d9b87368ef89d,69eb8f1f108d9b87368ef89d,intermediate,2,69eb8f1f108d9b87368ef89d,69eb8f1f108d9b87368ef89d,spotlight_PROLIFIC,,42,brazil,Portuguese,"portuguese, english, spanish ",spanish,Portuguese:50|English:40|spanish:10,100,Portuguese:40|English:50|spanish:10,100,Portuguese:75|English:20|spanish:5,100,17,4,Bachelor's,10,10,10,6,7,9,4,20,7,17,Duolingo,150,,,,,22,25,C1,intermediate|advanced,intermediate|advanced,cambridge_22_25_intermediate_advanced,4,20,random,,361.26666259765625,625.36669921875,385.26666259765625,695.7166900634766,7,1,,,,,,,,,,,,2026-08-09T15:58:12.658Z,C99S394L,2026-08-09,2026-08-09,12:58:12,2026-08-09 12:58:12,,,,,,,,69eb8f1f108d9b87368ef89d,69eb8f1f108d9b87368ef89d,,,,
23934,raw_position_sample,2,2,int,10,2,2,3,77, brightly ,653,366,731378,69eb8f1f108d9b87368ef89d,69eb8f1f108d9b87368ef89d,intermediate,2,69eb8f1f108d9b87368ef89d,69eb8f1f108d9b87368ef89d,spotlight_PROLIFIC,,42,brazil,Portuguese,"portuguese, english, spanish ",spanish,Portuguese:50|English:40|spanish:10,100,Portuguese:40|English:50|spanish:10,100,Portuguese:75|English:20|spanish:5,100,17,4,Bachelor's,10,10,10,6,7,9,4,20,7,17,Duolingo,150,,,,,22,25,C1,intermediate|advanced,intermediate|advanced,cambridge_22_25_intermediate_advanced,4,20,random,,361.26666259765625,625.36669921875,385.26666259765625,695.7166900634766,7,1,,,,,,,,,,,,2026-08-09T15:58:12.658Z,C99S394L,2026-08-09,2026-08-09,12:58:12,2026-08-09 12:58:12,,,,,,,,69eb8f1f108d9b87368ef89d,69eb8f1f108d9b87368ef89d,,,,
23985,raw_position_sample,2,2,int,10,2,2,3,77, brightly ,650,372,731428,69eb8f1f108d9b87368ef89d,69eb8f1f108d9b87368ef89d,intermediate,2,69eb8f1f108d9b87368ef89d,69eb8f1f108d9b87368ef89d,spotlight_PROLIFIC,,42,brazil,Portuguese,"portuguese, english, spanish ",spanish,Portuguese:50|English:40|spanish:10,100,Portuguese:40|English:50|spanish:10,100,Portuguese:75|English:20|spanish:5,100,17,4,Bachelor's,10,10,10,6,7,9,4,20,7,17,Duolingo,150,,,,,22,25,C1,intermediate|advanced,intermediate|advanced,cambridge_22_25_intermediate_advanced,4,20,random,,361.26666259765625,625.36669921875,385.26666259765625,695.7166900634766,7,1,,,,,,,,,,,,2026-08-09T15:58:12.658Z,C99S394L,2026-08-09,2026-08-09,12:58:12,2026-08-09 12:58:12,,,,,,,,69eb8f1f108d9b87368ef89d,69eb8f1f108d9b87368ef89d,,,,
24035,raw_position_sample,2,2,int,10,2,2,3,77, brightly ,647,376,731479,69eb8f1f108d9b87368ef89d,69eb8f1f108d9b87368ef89d,intermediate,2,69eb8f1f108d9b87368ef89d,69eb8f1f108d9b87368ef89d,spotlight_PROLIFIC,,42,brazil,Portuguese,"portuguese, english, spanish ",spanish,Portuguese:50|English:40|spanish:10,100,Portuguese:40|English:50|spanish:10,100,Portuguese:75|English:20|spanish:5,100,17,4,Bachelor's,10,10,10,6,7,9,4,20,7,17,Duolingo,150,,,,,22,25,C1,intermediate|advanced,intermediate|advanced,cambridge_22_25_intermediate_advanced,4,20,random,,361.26666259765625,625.36669921875,385.26666259765625,695.7166900634766,7,1,,,,,,,,,,,,2026-08-09T15:58:12.658Z,C99S394L,2026-08-09,2026-08-09,12:58:12,2026-08-09 12:58:12,,,,,,,,69eb8f1f108d9b87368ef89d,69eb8f1f108d9b87368ef89d,,,,
24085,raw_position_sample,2,2,int,10,2,2,3,77, brightly ,647,376,731529,69eb8f1f108d9b87368ef89d,69eb8f1f108d9b87368ef89d,intermediate,2,69eb8f1f108d9b87368ef89d,69eb8f1f108d9b87368ef89d,spotlight_PROLIFIC,,42,brazil,Portuguese,"portuguese, english, spanish ",spanish,Portuguese:50|English:40|spanish:10,100,Portuguese:40|English:50|spanish:10,100,Portuguese:75|English:20|spanish:5,100,17,4,Bachelor's,10,10,10,6,7,9,4,20,7,17,Duolingo,150,,,,,22,25,C1,intermediate|advanced,intermediate|advanced,cambridge_22_25_intermediate_advanced,4,20,random,,361.26666259765625,625.36669921875,385.26666259765625,695.7166900634766,7,1,,,,,,,,,,,,2026-08-09T15:58:12.658Z,C99S394L,2026-08-09,2026-08-09,12:58:12,2026-08-09 12:58:12,,,,,,,,69eb8f1f108d9b87368ef89d,69eb8f1f108d9b87368ef89d,,,,
24136,raw_position_sample,2,2,int,10,2,2,3,77, brightly ,647,377,731579,69eb8f1f108d9b87368ef89d,69eb8f1f108d9b87368ef89d,intermediate,2,69eb8f1f108d9b87368ef89d,69eb8f1f108d9b87368ef89d,spotlight_PROLIFIC,,42,brazil,Portuguese,"portuguese, english, spanish ",spanish,Portuguese:50|English:40|spanish:10,100,Portuguese:40|English:50|spanish:10,100,Portuguese:75|English:20|spanish:5,100,17,4,Bachelor's,10,10,10,6,7,9,4,20,7,17,Duolingo,150,,,,,22,25,C1,intermediate|advanced,intermediate|advanced,cambridge_22_25_intermediate_advanced,4,20,random,,361.26666259765625,625.36669921875,385.26666259765625,695.7166900634766,7,1,,,,,,,,,,,,2026-08-09T15:58:12.658Z,C99S394L,2026-08-09,2026-08-09,12:58:12,2026-08-09 12:58:12,,,,,,,,69eb8f1f108d9b87368ef89d,69eb8f1f108d9b87368ef89d,,,,
24186,raw_position_sample,2,2,int,10,2,2,3,77, brightly ,650,377,731629,69eb8f1f108d9b87368ef89d,69eb8f1f108d9b87368ef89d,intermediate,2,69eb8f1f108d9b87368ef89d,69eb8f1f108d9b87368ef89d,spotlight_PROLIFIC,,42,brazil,Portuguese,"portuguese, english, spanish ",spanish,Portuguese:50|English:40|spanish:10,100,Portuguese:40|English:50|spanish:10,100,Portuguese:75|English:20|spanish:5,100,17,4,Bachelor's,10,10,10,6,7,9,4,20,7,17,Duolingo,150,,,,,22,25,C1,intermediate|advanced,intermediate|advanced,cambridge_22_25_intermediate_advanced,4,20,random,,361.26666259765625,625.36669921875,385.26666259765625,695.7166900634766,7,1,,,,,,,,,,,,2026-08-09T15:58:12.658Z,C99S394L,2026-08-09,2026-08-09,12:58:12,2026-08-09 12:58:12,,,,,,,,69eb8f1f108d9b87368ef89d,69eb8f1f108d9b87368ef89d,,,,
24236,raw_position_sample,2,2,int,10,2,2,3,77, brightly ,664,380,731679,69eb8f1f108d9b87368ef89d,69eb8f1f108d9b87368ef89d,intermediate,2,69eb8f1f108d9b87368ef89d,69eb8f1f108d9b87368ef89d,spotlight_PROLIFIC,,42,brazil,Portuguese,"portuguese, english, spanish ",spanish,Portuguese:50|English:40|spanish:10,100,Portuguese:40|English:50|spanish:10,100,Portuguese:75|English:20|spanish:5,100,17,4,Bachelor's,10,10,10,6,7,9,4,20,7,17,Duolingo,150,,,,,22,25,C1,intermediate|advanced,intermediate|advanced,cambridge_22_25_intermediate_advanced,4,20,random,,361.26666259765625,625.36669921875,385.26666259765625,695.7166900634766,7,1,,,,,,,,,,,,2026-08-09T15:58:12.658Z,C99S394L,2026-08-09,2026-08-09,12:58:12,2026-08-09 12:58:12,,,,,,,,69eb8f1f108d9b87368ef89d,69eb8f1f108d9b87368ef89d,,,,
24282,hover_association,2,2,int,10,2,2,3,77, brightly ,674,354,,69eb8f1f108d9b87368ef89d,69eb8f1f108d9b87368ef89d,intermediate,2,69eb8f1f108d9b87368ef89d,69eb8f1f108d9b87368ef89d,spotlight_PROLIFIC,,42,brazil,Portuguese,"portuguese, english, spanish ",spanish,Portuguese:50|English:40|spanish:10,100,Portuguese:40|English:50|spanish:10,100,Portuguese:75|English:20|spanish:5,100,17,4,Bachelor's,10,10,10,6,7,9,4,20,7,17,Duolingo,150,,,,,22,25,C1,intermediate|advanced,intermediate|advanced,cambridge_22_25_intermediate_advanced,4,20,random,,353.26666259765625,621.7716995239258,393.26666259765625,695.716682434082,7,1,hover,567,567,0.9903078964132995,0.6933334350585938,98,,,,,,2026-08-09T15:58:12.658Z,C99S394L,2026-08-09,2026-08-09,12:58:12,2026-08-09 12:58:12,,,,,,,,69eb8f1f108d9b87368ef89d,69eb8f1f108d9b87368ef89d,,,,
24286,raw_position_sample,2,2,int,10,2,2,3,78, as ,703,381,731730,69eb8f1f108d9b87368ef89d,69eb8f1f108d9b87368ef89d,intermediate,2,69eb8f1f108d9b87368ef89d,69eb8f1f108d9b87368ef89d,spotlight_PROLIFIC,,42,brazil,Portuguese,"portuguese, english, spanish ",spanish,Portuguese:50|English:40|spanish:10,100,Portuguese:40|English:50|spanish:10,100,Portuguese:75|English:20|spanish:5,100,17,4,Bachelor's,10,10,10,6,7,9,4,20,7,17,Duolingo,150,,,,,22,25,C1,intermediate|advanced,intermediate|advanced,cambridge_22_25_intermediate_advanced,4,20,random,,361.26666259765625,695.7166748046875,385.26666259765625,719.1166839599609,7,2,,,,,,,,,,,,2026-08-09T15:58:12.658Z,C99S394L,2026-08-09,2026-08-09,12:58:12,2026-08-09 12:58:12,,,,,,,,69eb8f1f108d9b87368ef89d,69eb8f1f108d9b87368ef89d,,,,
24336,raw_position_sample,2,2,int,10,2,2,3,78, as ,708,381,731780,69eb8f1f108d9b87368ef89d,69eb8f1f108d9b87368ef89d,intermediate,2,69eb8f1f108d9b87368ef89d,69eb8f1f108d9b87368ef89d,spotlight_PROLIFIC,,42,brazil,Portuguese,"portuguese, english, spanish ",spanish,Portuguese:50|English:40|spanish:10,100,Portuguese:40|English:50|spanish:10,100,Portuguese:75|English:20|spanish:5,100,17,4,Bachelor's,10,10,10,6,7,9,4,20,7,17,Duolingo,150,,,,,22,25,C1,intermediate|advanced,intermediate|advanced,cambridge_22_25_intermediate_advanced,4,20,random,,361.26666259765625,695.7166748046875,385.26666259765625,719.1166839599609,7,2,,,,,,,,,,,,2026-08-09T15:58:12.658Z,C99S394L,2026-08-09,2026-08-09,12:58:12,2026-08-09 12:58:12,,,,,,,,69eb8f1f108d9b87368ef89d,69eb8f1f108d9b87368ef89d,,,,
24386,raw_position_sample,2,2,int,10,2,2,3,78, as ,708,381,731830,69eb8f1f108d9b87368ef89d,69eb8f1f108d9b87368ef89d,intermediate,2,69eb8f1f108d9b87368ef89d,69eb8f1f108d9b87368ef89d,spotlight_PROLIFIC,,42,brazil,Portuguese,"portuguese, english, spanish ",spanish,Portuguese:50|English:40|spanish:10,100,Portuguese:40|English:50|spanish:10,100,Portuguese:75|English:20|spanish:5,100,17,4,Bachelor's,10,10,10,6,7,9,4,20,7,17,Duolingo,150,,,,,22,25,C1,intermediate|advanced,intermediate|advanced,cambridge_22_25_intermediate_advanced,4,20,random,,361.26666259765625,695.7166748046875,385.26666259765625,719.1166839599609,7,2,,,,,,,,,,,,2026-08-09T15:58:12.658Z,C99S394L,2026-08-09,2026-08-09,12:58:12,2026-08-09 12:58:12,,,,,,,,69eb8f1f108d9b87368ef89d,69eb8f1f108d9b87368ef89d,,,,
24436,raw_position_sample,2,2,int,10,2,2,3,78, as ,708,381,731881,69eb8f1f108d9b87368ef89d,69eb8f1f108d9b87368ef89d,intermediate,2,69eb8f1f108d9b87368ef89d,69eb8f1f108d9b87368ef89d,spotlight_PROLIFIC,,42,brazil,Portuguese,"portuguese, english, spanish ",spanish,Portuguese:50|English:40|spanish:10,100,Portuguese:40|English:50|spanish:10,100,Portuguese:75|English:20|spanish:5,100,17,4,Bachelor's,10,10,10,6,7,9,4,20,7,17,Duolingo,150,,,,,22,25,C1,intermediate|advanced,intermediate|advanced,cambridge_22_25_intermediate_advanced,4,20,random,,361.26666259765625,695.7166748046875,385.26666259765625,719.1166839599609,7,2,,,,,,,,,,,,2026-08-09T15:58:12.658Z,C99S394L,2026-08-09,2026-08-09,12:58:12,2026-08-09 12:58:12,,,,,,,,69eb8f1f108d9b87368ef89d,69eb8f1f108d9b87368ef89d,,,,
24487,raw_position_sample,2,2,int,10,2,2,3,78, as ,708,381,731930,69eb8f1f108d9b87368ef89d,69eb8f1f108d9b87368ef89d,intermediate,2,69eb8f1f108d9b87368ef89d,69eb8f1f108d9b87368ef89d,spotlight_PROLIFIC,,42,brazil,Portuguese,"portuguese, english, spanish ",spanish,Portuguese:50|English:40|spanish:10,100,Portuguese:40|English:50|spanish:10,100,Portuguese:75|English:20|spanish:5,100,17,4,Bachelor's,10,10,10,6,7,9,4,20,7,17,Duolingo,150,,,,,22,25,C1,intermediate|advanced,intermediate|advanced,cambridge_22_25_intermediate_advanced,4,20,random,,361.26666259765625,695.7166748046875,385.26666259765625,719.1166839599609,7,2,,,,,,,,,,,,2026-08-09T15:58:12.658Z,C99S394L,2026-08-09,2026-08-09,12:58:12,2026-08-09 12:58:12,,,,,,,,69eb8f1f108d9b87368ef89d,69eb8f1f108d9b87368ef89d,,,,
24537,raw_position_sample,2,2,int,10,2,2,3,78, as ,712,381,731981,69eb8f1f108d9b87368ef89d,69eb8f1f108d9b87368ef89d,intermediate,2,69eb8f1f108d9b87368ef89d,69eb8f1f108d9b87368ef89d,spotlight_PROLIFIC,,42,brazil,Portuguese,"portuguese, english, spanish ",spanish,Portuguese:50|English:40|spanish:10,100,Portuguese:40|English:50|spanish:10,100,Portuguese:75|English:20|spanish:5,100,17,4,Bachelor's,10,10,10,6,7,9,4,20,7,17,Duolingo,150,,,,,22,25,C1,intermediate|advanced,intermediate|advanced,cambridge_22_25_intermediate_advanced,4,20,random,,361.26666259765625,695.7166748046875,385.26666259765625,719.1166839599609,7,2,,,,,,,,,,,,2026-08-09T15:58:12.658Z,C99S394L,2026-08-09,2026-08-09,12:58:12,2026-08-09 12:58:12,,,,,,,,69eb8f1f108d9b87368ef89d,69eb8f1f108d9b87368ef89d,,,,
24565,hover_association,2,2,int,10,2,2,3,78, as ,703,381,,69eb8f1f108d9b87368ef89d,69eb8f1f108d9b87368ef89d,intermediate,2,69eb8f1f108d9b87368ef89d,69eb8f1f108d9b87368ef89d,spotlight_PROLIFIC,,42,brazil,Portuguese,"portuguese, english, spanish ",spanish,Portuguese:50|English:40|spanish:10,100,Portuguese:40|English:50|spanish:10,100,Portuguese:75|English:20|spanish:5,100,17,4,Bachelor's,10,10,10,6,7,9,4,20,7,17,Duolingo,150,,,,,22,25,C1,intermediate|advanced,intermediate|advanced,cambridge_22_25_intermediate_advanced,4,20,random,,353.26666259765625,695.716682434082,393.26666259765625,719.1166915893555,7,2,hover,283,283,0.9095431298633295,0.6683334350585938,98,,,,,,2026-08-09T15:58:12.658Z,C99S394L,2026-08-09,2026-08-09,12:58:12,2026-08-09 12:58:12,,,,,,,,69eb8f1f108d9b87368ef89d,69eb8f1f108d9b87368ef89d,,,,
24588,raw_position_sample,2,2,int,10,2,2,3,79, they ,753,377,732031,69eb8f1f108d9b87368ef89d,69eb8f1f108d9b87368ef89d,intermediate,2,69eb8f1f108d9b87368ef89d,69eb8f1f108d9b87368ef89d,spotlight_PROLIFIC,,42,brazil,Portuguese,"portuguese, english, spanish ",spanish,Portuguese:50|English:40|spanish:10,100,Portuguese:40|English:50|spanish:10,100,Portuguese:75|English:20|spanish:5,100,17,4,Bachelor's,10,10,10,6,7,9,4,20,7,17,Duolingo,150,,,,,22,25,C1,intermediate|advanced,intermediate|advanced,cambridge_22_25_intermediate_advanced,4,20,random,,361.26666259765625,719.11669921875,385.26666259765625,760.4000244140625,7,3,,,,,,,,,,,,2026-08-09T15:58:12.658Z,C99S394L,2026-08-09,2026-08-09,12:58:12,2026-08-09 12:58:12,,,,,,,,69eb8f1f108d9b87368ef89d,69eb8f1f108d9b87368ef89d,,,,
24599,hover_association,2,2,int,10,2,2,3,79, they ,733,378,,69eb8f1f108d9b87368ef89d,69eb8f1f108d9b87368ef89d,intermediate,2,69eb8f1f108d9b87368ef89d,69eb8f1f108d9b87368ef89d,spotlight_PROLIFIC,,42,brazil,Portuguese,"portuguese, english, spanish ",spanish,Portuguese:50|English:40|spanish:10,100,Portuguese:40|English:50|spanish:10,100,Portuguese:75|English:20|spanish:5,100,17,4,Bachelor's,10,10,10,6,7,9,4,20,7,17,Duolingo,150,,,,,22,25,C1,intermediate|advanced,intermediate|advanced,cambridge_22_25_intermediate_advanced,4,20,random,,353.26666259765625,719.1166915893555,393.26666259765625,760.4000244140625,7,3,hover,33,33,0.82075031477028,0.5933334350585937,98,,,,,,2026-08-09T15:58:12.658Z,C99S394L,2026-08-09,2026-08-09,12:58:12,2026-08-09 12:58:12,,,,,,,,69eb8f1f108d9b87368ef89d,69eb8f1f108d9b87368ef89d,,,,
24638,raw_position_sample,2,2,int,10,2,2,3,80, approached ,823,371,732081,69eb8f1f108d9b87368ef89d,69eb8f1f108d9b87368ef89d,intermediate,2,69eb8f1f108d9b87368ef89d,69eb8f1f108d9b87368ef89d,spotlight_PROLIFIC,,42,brazil,Portuguese,"portuguese, english, spanish ",spanish,Portuguese:50|English:40|spanish:10,100,Portuguese:40|English:50|spanish:10,100,Portuguese:75|English:20|spanish:5,100,17,4,Bachelor's,10,10,10,6,7,9,4,20,7,17,Duolingo,150,,,,,22,25,C1,intermediate|advanced,intermediate|advanced,cambridge_22_25_intermediate_advanced,4,20,random,,361.26666259765625,760.4000244140625,385.26666259765625,866.3333587646484,7,4,,,,,,,,,,,,2026-08-09T15:58:12.658Z,C99S394L,2026-08-09,2026-08-09,12:58:12,2026-08-09 12:58:12,,,,,,,,69eb8f1f108d9b87368ef89d,69eb8f1f108d9b87368ef89d,,,,
24688,raw_position_sample,2,2,int,10,2,2,3,80, approached ,828,371,732132,69eb8f1f108d9b87368ef89d,69eb8f1f108d9b87368ef89d,intermediate,2,69eb8f1f108d9b87368ef89d,69eb8f1f108d9b87368ef89d,spotlight_PROLIFIC,,42,brazil,Portuguese,"portuguese, english, spanish ",spanish,Portuguese:50|English:40|spanish:10,100,Portuguese:40|English:50|spanish:10,100,Portuguese:75|English:20|spanish:5,100,17,4,Bachelor's,10,10,10,6,7,9,4,20,7,17,Duolingo,150,,,,,22,25,C1,intermediate|advanced,intermediate|advanced,cambridge_22_25_intermediate_advanced,4,20,random,,361.26666259765625,760.4000244140625,385.26666259765625,866.3333587646484,7,4,,,,,,,,,,,,2026-08-09T15:58:12.658Z,C99S394L,2026-08-09,2026-08-09,12:58:12,2026-08-09 12:58:12,,,,,,,,69eb8f1f108d9b87368ef89d,69eb8f1f108d9b87368ef89d,,,,
24738,raw_position_sample,2,2,int,10,2,2,3,80, approached ,828,371,732182,69eb8f1f108d9b87368ef89d,69eb8f1f108d9b87368ef89d,intermediate,2,69eb8f1f108d9b87368ef89d,69eb8f1f108d9b87368ef89d,spotlight_PROLIFIC,,42,brazil,Portuguese,"portuguese, english, spanish ",spanish,Portuguese:50|English:40|spanish:10,100,Portuguese:40|English:50|spanish:10,100,Portuguese:75|English:20|spanish:5,100,17,4,Bachelor's,10,10,10,6,7,9,4,20,7,17,Duolingo,150,,,,,22,25,C1,intermediate|advanced,intermediate|advanced,cambridge_22_25_intermediate_advanced,4,20,random,,361.26666259765625,760.4000244140625,385.26666259765625,866.3333587646484,7,4,,,,,,,,,,,,2026-08-09T15:58:12.658Z,C99S394L,2026-08-09,2026-08-09,12:58:12,2026-08-09 12:58:12,,,,,,,,69eb8f1f108d9b87368ef89d,69eb8f1f108d9b87368ef89d,,,,
24788,raw_position_sample,2,2,int,10,2,2,3,80, approached ,828,371,732232,69eb8f1f108d9b87368ef89d,69eb8f1f108d9b87368ef89d,intermediate,2,69eb8f1f108d9b87368ef89d,69eb8f1f108d9b87368ef89d,spotlight_PROLIFIC,,42,brazil,Portuguese,"portuguese, english, spanish ",spanish,Portuguese:50|English:40|spanish:10,100,Portuguese:40|English:50|spanish:10,100,Portuguese:75|English:20|spanish:5,100,17,4,Bachelor's,10,10,10,6,7,9,4,20,7,17,Duolingo,150,,,,,22,25,C1,intermediate|advanced,intermediate|advanced,cambridge_22_25_intermediate_advanced,4,20,random,,361.26666259765625,760.4000244140625,385.26666259765625,866.3333587646484,7,4,,,,,,,,,,,,2026-08-09T15:58:12.658Z,C99S394L,2026-08-09,2026-08-09,12:58:12,2026-08-09 12:58:12,,,,,,,,69eb8f1f108d9b87368ef89d,69eb8f1f108d9b87368ef89d,,,,
24839,raw_position_sample,2,2,int,10,2,2,3,80, approached ,828,371,732282,69eb8f1f108d9b87368ef89d,69eb8f1f108d9b87368ef89d,intermediate,2,69eb8f1f108d9b87368ef89d,69eb8f1f108d9b87368ef89d,spotlight_PROLIFIC,,42,brazil,Portuguese,"portuguese, english, spanish ",spanish,Portuguese:50|English:40|spanish:10,100,Portuguese:40|English:50|spanish:10,100,Portuguese:75|English:20|spanish:5,100,17,4,Bachelor's,10,10,10,6,7,9,4,20,7,17,Duolingo,150,,,,,22,25,C1,intermediate|advanced,intermediate|advanced,cambridge_22_25_intermediate_advanced,4,20,random,,361.26666259765625,760.4000244140625,385.26666259765625,866.3333587646484,7,4,,,,,,,,,,,,2026-08-09T15:58:12.658Z,C99S394L,2026-08-09,2026-08-09,12:58:12,2026-08-09 12:58:12,,,,,,,,69eb8f1f108d9b87368ef89d,69eb8f1f108d9b87368ef89d,,,,
24889,raw_position_sample,2,2,int,10,2,2,3,80, approached ,828,371,732332,69eb8f1f108d9b87368ef89d,69eb8f1f108d9b87368ef89d,intermediate,2,69eb8f1f108d9b87368ef89d,69eb8f1f108d9b87368ef89d,spotlight_PROLIFIC,,42,brazil,Portuguese,"portuguese, english, spanish ",spanish,Portuguese:50|English:40|spanish:10,100,Portuguese:40|English:50|spanish:10,100,Portuguese:75|English:20|spanish:5,100,17,4,Bachelor's,10,10,10,6,7,9,4,20,7,17,Duolingo,150,,,,,22,25,C1,intermediate|advanced,intermediate|advanced,cambridge_22_25_intermediate_advanced,4,20,random,,361.26666259765625,760.4000244140625,385.26666259765625,866.3333587646484,7,4,,,,,,,,,,,,2026-08-09T15:58:12.658Z,C99S394L,2026-08-09,2026-08-09,12:58:12,2026-08-09 12:58:12,,,,,,,,69eb8f1f108d9b87368ef89d,69eb8f1f108d9b87368ef89d,,,,
24939,raw_position_sample,2,2,int,10,2,2,3,80, approached ,828,371,732383,69eb8f1f108d9b87368ef89d,69eb8f1f108d9b87368ef89d,intermediate,2,69eb8f1f108d9b87368ef89d,69eb8f1f108d9b87368ef89d,spotlight_PROLIFIC,,42,brazil,Portuguese,"portuguese, english, spanish ",spanish,Portuguese:50|English:40|spanish:10,100,Portuguese:40|English:50|spanish:10,100,Portuguese:75|English:20|spanish:5,100,17,4,Bachelor's,10,10,10,6,7,9,4,20,7,17,Duolingo,150,,,,,22,25,C1,intermediate|advanced,intermediate|advanced,cambridge_22_25_intermediate_advanced,4,20,random,,361.26666259765625,760.4000244140625,385.26666259765625,866.3333587646484,7,4,,,,,,,,,,,,2026-08-09T15:58:12.658Z,C99S394L,2026-08-09,2026-08-09,12:58:12,2026-08-09 12:58:12,,,,,,,,69eb8f1f108d9b87368ef89d,69eb8f1f108d9b87368ef89d,,,,
24990,raw_position_sample,2,2,int,10,2,2,3,80, approached ,830,371,732433,69eb8f1f108d9b87368ef89d,69eb8f1f108d9b87368ef89d,intermediate,2,69eb8f1f108d9b87368ef89d,69eb8f1f108d9b87368ef89d,spotlight_PROLIFIC,,42,brazil,Portuguese,"portuguese, english, spanish ",spanish,Portuguese:50|English:40|spanish:10,100,Portuguese:40|English:50|spanish:10,100,Portuguese:75|English:20|spanish:5,100,17,4,Bachelor's,10,10,10,6,7,9,4,20,7,17,Duolingo,150,,,,,22,25,C1,intermediate|advanced,intermediate|advanced,cambridge_22_25_intermediate_advanced,4,20,random,,361.26666259765625,760.4000244140625,385.26666259765625,866.3333587646484,7,4,,,,,,,,,,,,2026-08-09T15:58:12.658Z,C99S394L,2026-08-09,2026-08-09,12:58:12,2026-08-09 12:58:12,,,,,,,,69eb8f1f108d9b87368ef89d,69eb8f1f108d9b87368ef89d,,,,
25040,raw_position_sample,2,2,int,10,2,2,3,80, approached ,853,371,732483,69eb8f1f108d9b87368ef89d,69eb8f1f108d9b87368ef89d,intermediate,2,69eb8f1f108d9b87368ef89d,69eb8f1f108d9b87368ef89d,spotlight_PROLIFIC,,42,brazil,Portuguese,"portuguese, english, spanish ",spanish,Portuguese:50|English:40|spanish:10,100,Portuguese:40|English:50|spanish:10,100,Portuguese:75|English:20|spanish:5,100,17,4,Bachelor's,10,10,10,6,7,9,4,20,7,17,Duolingo,150,,,,,22,25,C1,intermediate|advanced,intermediate|advanced,cambridge_22_25_intermediate_advanced,4,20,random,,361.26666259765625,760.4000244140625,385.26666259765625,866.3333587646484,7,4,,,,,,,,,,,,2026-08-09T15:58:12.658Z,C99S394L,2026-08-09,2026-08-09,12:58:12,2026-08-09 12:58:12,,,,,,,,69eb8f1f108d9b87368ef89d,69eb8f1f108d9b87368ef89d,,,,
25049,hover_association,2,2,int,10,2,2,3,80, approached ,778,375,,69eb8f1f108d9b87368ef89d,69eb8f1f108d9b87368ef89d,intermediate,2,69eb8f1f108d9b87368ef89d,69eb8f1f108d9b87368ef89d,spotlight_PROLIFIC,,42,brazil,Portuguese,"portuguese, english, spanish ",spanish,Portuguese:50|English:40|spanish:10,100,Portuguese:40|English:50|spanish:10,100,Portuguese:75|English:20|spanish:5,100,17,4,Bachelor's,10,10,10,6,7,9,4,20,7,17,Duolingo,150,,,,,22,25,C1,intermediate|advanced,intermediate|advanced,cambridge_22_25_intermediate_advanced,4,20,random,,353.26666259765625,760.4000244140625,393.26666259765625,866.3333358764648,7,4,hover,451,451,0.8741346259037972,0.44333343505859374,98,,,,,,2026-08-09T15:58:12.658Z,C99S394L,2026-08-09,2026-08-09,12:58:12,2026-08-09 12:58:12,,,,,,,,69eb8f1f108d9b87368ef89d,69eb8f1f108d9b87368ef89d,,,,
25090,raw_position_sample,2,2,int,10,2,2,3,81, the ,885,371,732534,69eb8f1f108d9b87368ef89d,69eb8f1f108d9b87368ef89d,intermediate,2,69eb8f1f108d9b87368ef89d,69eb8f1f108d9b87368ef89d,spotlight_PROLIFIC,,42,brazil,Portuguese,"portuguese, english, spanish ",spanish,Portuguese:50|English:40|spanish:10,100,Portuguese:40|English:50|spanish:10,100,Portuguese:75|English:20|spanish:5,100,17,4,Bachelor's,10,10,10,6,7,9,4,20,7,17,Duolingo,150,,,,,22,25,C1,intermediate|advanced,intermediate|advanced,cambridge_22_25_intermediate_advanced,4,20,random,,361.26666259765625,866.3333129882812,385.26666259765625,898.7833251953125,7,5,,,,,,,,,,,,2026-08-09T15:58:12.658Z,C99S394L,2026-08-09,2026-08-09,12:58:12,2026-08-09 12:58:12,,,,,,,,69eb8f1f108d9b87368ef89d,69eb8f1f108d9b87368ef89d,,,,
25141,raw_position_sample,2,2,int,10,2,2,3,81, the ,890,370,732584,69eb8f1f108d9b87368ef89d,69eb8f1f108d9b87368ef89d,intermediate,2,69eb8f1f108d9b87368ef89d,69eb8f1f108d9b87368ef89d,spotlight_PROLIFIC,,42,brazil,Portuguese,"portuguese, english, spanish ",spanish,Portuguese:50|English:40|spanish:10,100,Portuguese:40|English:50|spanish:10,100,Portuguese:75|English:20|spanish:5,100,17,4,Bachelor's,10,10,10,6,7,9,4,20,7,17,Duolingo,150,,,,,22,25,C1,intermediate|advanced,intermediate|advanced,cambridge_22_25_intermediate_advanced,4,20,random,,361.26666259765625,866.3333129882812,385.26666259765625,898.7833251953125,7,5,,,,,,,,,,,,2026-08-09T15:58:12.658Z,C99S394L,2026-08-09,2026-08-09,12:58:12,2026-08-09 12:58:12,,,,,,,,69eb8f1f108d9b87368ef89d,69eb8f1f108d9b87368ef89d,,,,
25197,raw_position_sample,2,2,int,10,2,2,3,81, the ,893,370,732641,69eb8f1f108d9b87368ef89d,69eb8f1f108d9b87368ef89d,intermediate,2,69eb8f1f108d9b87368ef89d,69eb8f1f108d9b87368ef89d,spotlight_PROLIFIC,,42,brazil,Portuguese,"portuguese, english, spanish ",spanish,Portuguese:50|English:40|spanish:10,100,Portuguese:40|English:50|spanish:10,100,Portuguese:75|English:20|spanish:5,100,17,4,Bachelor's,10,10,10,6,7,9,4,20,7,17,Duolingo,150,,,,,22,25,C1,intermediate|advanced,intermediate|advanced,cambridge_22_25_intermediate_advanced,4,20,random,,361.26666259765625,866.3333129882812,385.26666259765625,898.7833251953125,7,5,,,,,,,,,,,,2026-08-09T15:58:12.658Z,C99S394L,2026-08-09,2026-08-09,12:58:12,2026-08-09 12:58:12,,,,,,,,69eb8f1f108d9b87368ef89d,69eb8f1f108d9b87368ef89d,,,,
25233,hover_association,2,2,int,10,2,2,3,81, the ,867,371,,69eb8f1f108d9b87368ef89d,69eb8f1f108d9b87368ef89d,intermediate,2,69eb8f1f108d9b87368ef89d,69eb8f1f108d9b87368ef89d,spotlight_PROLIFIC,,42,brazil,Portuguese,"portuguese, english, spanish ",spanish,Portuguese:50|English:40|spanish:10,100,Portuguese:40|English:50|spanish:10,100,Portuguese:75|English:20|spanish:5,100,17,4,Bachelor's,10,10,10,6,7,9,4,20,7,17,Duolingo,150,,,,,22,25,C1,intermediate|advanced,intermediate|advanced,cambridge_22_25_intermediate_advanced,4,20,random,,353.26666259765625,866.3333358764648,393.26666259765625,898.7833251953125,7,5,hover,182,182,0.9450438896053286,0.41833343505859377,98,,,,,,2026-08-09T15:58:12.658Z,C99S394L,2026-08-09,2026-08-09,12:58:12,2026-08-09 12:58:12,,,,,,,,69eb8f1f108d9b87368ef89d,69eb8f1f108d9b87368ef89d,,,,
25248,raw_position_sample,2,2,int,10,2,2,3,82, moment ,900,370,732690,69eb8f1f108d9b87368ef89d,69eb8f1f108d9b87368ef89d,intermediate,2,69eb8f1f108d9b87368ef89d,69eb8f1f108d9b87368ef89d,spotlight_PROLIFIC,,42,brazil,Portuguese,"portuguese, english, spanish ",spanish,Portuguese:50|English:40|spanish:10,100,Portuguese:40|English:50|spanish:10,100,Portuguese:75|English:20|spanish:5,100,17,4,Bachelor's,10,10,10,6,7,9,4,20,7,17,Duolingo,150,,,,,22,25,C1,intermediate|advanced,intermediate|advanced,cambridge_22_25_intermediate_advanced,4,20,random,,361.26666259765625,898.7833251953125,385.26666259765625,975.7833251953125,7,6,,,,,,,,,,,,2026-08-09T15:58:12.658Z,C99S394L,2026-08-09,2026-08-09,12:58:12,2026-08-09 12:58:12,,,,,,,,69eb8f1f108d9b87368ef89d,69eb8f1f108d9b87368ef89d,,,,
25298,raw_position_sample,2,2,int,10,2,2,3,82, moment ,933,370,732741,69eb8f1f108d9b87368ef89d,69eb8f1f108d9b87368ef89d,intermediate,2,69eb8f1f108d9b87368ef89d,69eb8f1f108d9b87368ef89d,spotlight_PROLIFIC,,42,brazil,Portuguese,"portuguese, english, spanish ",spanish,Portuguese:50|English:40|spanish:10,100,Portuguese:40|English:50|spanish:10,100,Portuguese:75|English:20|spanish:5,100,17,4,Bachelor's,10,10,10,6,7,9,4,20,7,17,Duolingo,150,,,,,22,25,C1,intermediate|advanced,intermediate|advanced,cambridge_22_25_intermediate_advanced,4,20,random,,361.26666259765625,898.7833251953125,385.26666259765625,975.7833251953125,7,6,,,,,,,,,,,,2026-08-09T15:58:12.658Z,C99S394L,2026-08-09,2026-08-09,12:58:12,2026-08-09 12:58:12,,,,,,,,69eb8f1f108d9b87368ef89d,69eb8f1f108d9b87368ef89d,,,,
25348,raw_position_sample,2,2,int,10,2,2,3,82, moment ,948,369,732792,69eb8f1f108d9b87368ef89d,69eb8f1f108d9b87368ef89d,intermediate,2,69eb8f1f108d9b87368ef89d,69eb8f1f108d9b87368ef89d,spotlight_PROLIFIC,,42,brazil,Portuguese,"portuguese, english, spanish ",spanish,Portuguese:50|English:40|spanish:10,100,Portuguese:40|English:50|spanish:10,100,Portuguese:75|English:20|spanish:5,100,17,4,Bachelor's,10,10,10,6,7,9,4,20,7,17,Duolingo,150,,,,,22,25,C1,intermediate|advanced,intermediate|advanced,cambridge_22_25_intermediate_advanced,4,20,random,,361.26666259765625,898.7833251953125,385.26666259765625,975.7833251953125,7,6,,,,,,,,,,,,2026-08-09T15:58:12.658Z,C99S394L,2026-08-09,2026-08-09,12:58:12,2026-08-09 12:58:12,,,,,,,,69eb8f1f108d9b87368ef89d,69eb8f1f108d9b87368ef89d,,,,
25398,raw_position_sample,2,2,int,10,2,2,3,82, moment ,955,369,732842,69eb8f1f108d9b87368ef89d,69eb8f1f108d9b87368ef89d,intermediate,2,69eb8f1f108d9b87368ef89d,69eb8f1f108d9b87368ef89d,spotlight_PROLIFIC,,42,brazil,Portuguese,"portuguese, english, spanish ",spanish,Portuguese:50|English:40|spanish:10,100,Portuguese:40|English:50|spanish:10,100,Portuguese:75|English:20|spanish:5,100,17,4,Bachelor's,10,10,10,6,7,9,4,20,7,17,Duolingo,150,,,,,22,25,C1,intermediate|advanced,intermediate|advanced,cambridge_22_25_intermediate_advanced,4,20,random,,361.26666259765625,898.7833251953125,385.26666259765625,975.7833251953125,7,6,,,,,,,,,,,,2026-08-09T15:58:12.658Z,C99S394L,2026-08-09,2026-08-09,12:58:12,2026-08-09 12:58:12,,,,,,,,69eb8f1f108d9b87368ef89d,69eb8f1f108d9b87368ef89d,,,,
25448,raw_position_sample,2,2,int,10,2,2,3,82, moment ,964,369,732891,69eb8f1f108d9b87368ef89d,69eb8f1f108d9b87368ef89d,intermediate,2,69eb8f1f108d9b87368ef89d,69eb8f1f108d9b87368ef89d,spotlight_PROLIFIC,,42,brazil,Portuguese,"portuguese, english, spanish ",spanish,Portuguese:50|English:40|spanish:10,100,Portuguese:40|English:50|spanish:10,100,Portuguese:75|English:20|spanish:5,100,17,4,Bachelor's,10,10,10,6,7,9,4,20,7,17,Duolingo,150,,,,,22,25,C1,intermediate|advanced,intermediate|advanced,cambridge_22_25_intermediate_advanced,4,20,random,,361.26666259765625,898.7833251953125,385.26666259765625,975.7833251953125,7,6,,,,,,,,,,,,2026-08-09T15:58:12.658Z,C99S394L,2026-08-09,2026-08-09,12:58:12,2026-08-09 12:58:12,,,,,,,,69eb8f1f108d9b87368ef89d,69eb8f1f108d9b87368ef89d,,,,
25498,raw_position_sample,2,2,int,10,2,2,3,82, moment ,975,369,732941,69eb8f1f108d9b87368ef89d,69eb8f1f108d9b87368ef89d,intermediate,2,69eb8f1f108d9b87368ef89d,69eb8f1f108d9b87368ef89d,spotlight_PROLIFIC,,42,brazil,Portuguese,"portuguese, english, spanish ",spanish,Portuguese:50|English:40|spanish:10,100,Portuguese:40|English:50|spanish:10,100,Portuguese:75|English:20|spanish:5,100,17,4,Bachelor's,10,10,10,6,7,9,4,20,7,17,Duolingo,150,,,,,22,25,C1,intermediate|advanced,intermediate|advanced,cambridge_22_25_intermediate_advanced,4,20,random,,361.26666259765625,898.7833251953125,385.26666259765625,975.7833251953125,7,6,,,,,,,,,,,,2026-08-09T15:58:12.658Z,C99S394L,2026-08-09,2026-08-09,12:58:12,2026-08-09 12:58:12,,,,,,,,69eb8f1f108d9b87368ef89d,69eb8f1f108d9b87368ef89d,,,,
25500,hover_association,2,2,int,10,2,2,3,82, moment ,900,370,,69eb8f1f108d9b87368ef89d,69eb8f1f108d9b87368ef89d,intermediate,2,69eb8f1f108d9b87368ef89d,69eb8f1f108d9b87368ef89d,spotlight_PROLIFIC,,42,brazil,Portuguese,"portuguese, english, spanish ",spanish,Portuguese:50|English:40|spanish:10,100,Portuguese:40|English:50|spanish:10,100,Portuguese:75|English:20|spanish:5,100,17,4,Bachelor's,10,10,10,6,7,9,4,20,7,17,Duolingo,150,,,,,22,25,C1,intermediate|advanced,intermediate|advanced,cambridge_22_25_intermediate_advanced,4,20,random,,353.26666259765625,898.7833251953125,393.26666259765625,975.7833251953125,7,6,hover,267,267,0.989826945515422,0.39333343505859375,98,,,,,,2026-08-09T15:58:12.658Z,C99S394L,2026-08-09,2026-08-09,12:58:12,2026-08-09 12:58:12,,,,,,,,69eb8f1f108d9b87368ef89d,69eb8f1f108d9b87368ef89d,,,,
25548,raw_position_sample,2,2,int,10,2,2,3,83, of ,995,369,732992,69eb8f1f108d9b87368ef89d,69eb8f1f108d9b87368ef89d,intermediate,2,69eb8f1f108d9b87368ef89d,69eb8f1f108d9b87368ef89d,spotlight_PROLIFIC,,42,brazil,Portuguese,"portuguese, english, spanish ",spanish,Portuguese:50|English:40|spanish:10,100,Portuguese:40|English:50|spanish:10,100,Portuguese:75|English:20|spanish:5,100,17,4,Bachelor's,10,10,10,6,7,9,4,20,7,17,Duolingo,150,,,,,22,25,C1,intermediate|advanced,intermediate|advanced,cambridge_22_25_intermediate_advanced,4,20,random,,361.26666259765625,975.7833251953125,385.26666259765625,997.5499877929688,7,7,,,,,,,,,,,,2026-08-09T15:58:12.658Z,C99S394L,2026-08-09,2026-08-09,12:58:12,2026-08-09 12:58:12,,,,,,,,69eb8f1f108d9b87368ef89d,69eb8f1f108d9b87368ef89d,,,,
25549,hover_association,2,2,int,10,2,2,3,83, of ,982,369,,69eb8f1f108d9b87368ef89d,69eb8f1f108d9b87368ef89d,intermediate,2,69eb8f1f108d9b87368ef89d,69eb8f1f108d9b87368ef89d,spotlight_PROLIFIC,,42,brazil,Portuguese,"portuguese, english, spanish ",spanish,Portuguese:50|English:40|spanish:10,100,Portuguese:40|English:50|spanish:10,100,Portuguese:75|English:20|spanish:5,100,17,4,Bachelor's,10,10,10,6,7,9,4,20,7,17,Duolingo,150,,,,,22,25,C1,intermediate|advanced,intermediate|advanced,cambridge_22_25_intermediate_advanced,4,20,random,,353.26666259765625,975.7833251953125,393.26666259765625,997.5499877929688,7,7,hover,50,50,0.8828489309498774,0.39333343505859375,98,,,,,,2026-08-09T15:58:12.658Z,C99S394L,2026-08-09,2026-08-09,12:58:12,2026-08-09 12:58:12,,,,,,,,69eb8f1f108d9b87368ef89d,69eb8f1f108d9b87368ef89d,,,,
25599,raw_position_sample,2,2,int,10,2,2,3,84, impact. ,1015,369,733042,69eb8f1f108d9b87368ef89d,69eb8f1f108d9b87368ef89d,intermediate,2,69eb8f1f108d9b87368ef89d,69eb8f1f108d9b87368ef89d,spotlight_PROLIFIC,,42,brazil,Portuguese,"portuguese, english, spanish ",spanish,Portuguese:50|English:40|spanish:10,100,Portuguese:40|English:50|spanish:10,100,Portuguese:75|English:20|spanish:5,100,17,4,Bachelor's,10,10,10,6,7,9,4,20,7,17,Duolingo,150,,,,,22,25,C1,intermediate|advanced,intermediate|advanced,cambridge_22_25_intermediate_advanced,4,20,random,,361.26666259765625,997.5499877929688,385.26666259765625,1064.8333129882812,7,8,,,,,,,,,,,,2026-08-09T15:58:12.658Z,C99S394L,2026-08-09,2026-08-09,12:58:12,2026-08-09 12:58:12,,,,,,,,69eb8f1f108d9b87368ef89d,69eb8f1f108d9b87368ef89d,,,,
25650,raw_position_sample,2,2,int,10,2,2,3,84, impact. ,1034,367,733093,69eb8f1f108d9b87368ef89d,69eb8f1f108d9b87368ef89d,intermediate,2,69eb8f1f108d9b87368ef89d,69eb8f1f108d9b87368ef89d,spotlight_PROLIFIC,,42,brazil,Portuguese,"portuguese, english, spanish ",spanish,Portuguese:50|English:40|spanish:10,100,Portuguese:40|English:50|spanish:10,100,Portuguese:75|English:20|spanish:5,100,17,4,Bachelor's,10,10,10,6,7,9,4,20,7,17,Duolingo,150,,,,,22,25,C1,intermediate|advanced,intermediate|advanced,cambridge_22_25_intermediate_advanced,4,20,random,,361.26666259765625,997.5499877929688,385.26666259765625,1064.8333129882812,7,8,,,,,,,,,,,,2026-08-09T15:58:12.658Z,C99S394L,2026-08-09,2026-08-09,12:58:12,2026-08-09 12:58:12,,,,,,,,69eb8f1f108d9b87368ef89d,69eb8f1f108d9b87368ef89d,,,,
25700,raw_position_sample,2,2,int,10,2,2,3,84, impact. ,1053,367,733144,69eb8f1f108d9b87368ef89d,69eb8f1f108d9b87368ef89d,intermediate,2,69eb8f1f108d9b87368ef89d,69eb8f1f108d9b87368ef89d,spotlight_PROLIFIC,,42,brazil,Portuguese,"portuguese, english, spanish ",spanish,Portuguese:50|English:40|spanish:10,100,Portuguese:40|English:50|spanish:10,100,Portuguese:75|English:20|spanish:5,100,17,4,Bachelor's,10,10,10,6,7,9,4,20,7,17,Duolingo,150,,,,,22,25,C1,intermediate|advanced,intermediate|advanced,cambridge_22_25_intermediate_advanced,4,20,random,,361.26666259765625,997.5499877929688,385.26666259765625,1064.8333129882812,7,8,,,,,,,,,,,,2026-08-09T15:58:12.658Z,C99S394L,2026-08-09,2026-08-09,12:58:12,2026-08-09 12:58:12,,,,,,,,69eb8f1f108d9b87368ef89d,69eb8f1f108d9b87368ef89d,,,,
25733,hover_association,2,2,int,10,2,2,3,84, impact. ,1003,369,,69eb8f1f108d9b87368ef89d,69eb8f1f108d9b87368ef89d,intermediate,2,69eb8f1f108d9b87368ef89d,69eb8f1f108d9b87368ef89d,spotlight_PROLIFIC,,42,brazil,Portuguese,"portuguese, english, spanish ",spanish,Portuguese:50|English:40|spanish:10,100,Portuguese:40|English:50|spanish:10,100,Portuguese:75|English:20|spanish:5,100,17,4,Bachelor's,10,10,10,6,7,9,4,20,7,17,Duolingo,150,,,,,22,25,C1,intermediate|advanced,intermediate|advanced,cambridge_22_25_intermediate_advanced,4,20,random,,353.26666259765625,997.5499877929688,393.26666259765625,1064.8333435058594,7,8,hover,184,184,0.9876144182015031,0.34333343505859376,98,,,,,,2026-08-09T15:58:12.658Z,C99S394L,2026-08-09,2026-08-09,12:58:12,2026-08-09 12:58:12,,,,,,,,69eb8f1f108d9b87368ef89d,69eb8f1f108d9b87368ef89d,,,,
25750,raw_position_sample,2,2,int,10,2,2,3,85, The ,1082,367,733195,69eb8f1f108d9b87368ef89d,69eb8f1f108d9b87368ef89d,intermediate,2,69eb8f1f108d9b87368ef89d,69eb8f1f108d9b87368ef89d,spotlight_PROLIFIC,,42,brazil,Portuguese,"portuguese, english, spanish ",spanish,Portuguese:50|English:40|spanish:10,100,Portuguese:40|English:50|spanish:10,100,Portuguese:75|English:20|spanish:5,100,17,4,Bachelor's,10,10,10,6,7,9,4,20,7,17,Duolingo,150,,,,,22,25,C1,intermediate|advanced,intermediate|advanced,cambridge_22_25_intermediate_advanced,4,20,random,,361.26666259765625,1064.8333740234375,385.26666259765625,1100.7833862304688,7,9,,,,,,,,,,,,2026-08-09T15:58:12.658Z,C99S394L,2026-08-09,2026-08-09,12:58:12,2026-08-09 12:58:12,,,,,,,,69eb8f1f108d9b87368ef89d,69eb8f1f108d9b87368ef89d,,,,
25799,hover_association,2,2,int,10,2,2,3,85, The ,1072,367,,69eb8f1f108d9b87368ef89d,69eb8f1f108d9b87368ef89d,intermediate,2,69eb8f1f108d9b87368ef89d,69eb8f1f108d9b87368ef89d,spotlight_PROLIFIC,,42,brazil,Portuguese,"portuguese, english, spanish ",spanish,Portuguese:50|English:40|spanish:10,100,Portuguese:40|English:50|spanish:10,100,Portuguese:75|English:20|spanish:5,100,17,4,Bachelor's,10,10,10,6,7,9,4,20,7,17,Duolingo,150,,,,,22,25,C1,intermediate|advanced,intermediate|advanced,cambridge_22_25_intermediate_advanced,4,20,random,,353.26666259765625,1064.8333435058594,393.26666259765625,1100.7833557128906,7,9,hover,67,67,0.8669442534443681,0.34333343505859376,98,,,,,,2026-08-09T15:58:12.658Z,C99S394L,2026-08-09,2026-08-09,12:58:12,2026-08-09 12:58:12,,,,,,,,69eb8f1f108d9b87368ef89d,69eb8f1f108d9b87368ef89d,,,,
25801,raw_position_sample,2,2,int,10,2,2,3,86, vapor ,1101,367,733244,69eb8f1f108d9b87368ef89d,69eb8f1f108d9b87368ef89d,intermediate,2,69eb8f1f108d9b87368ef89d,69eb8f1f108d9b87368ef89d,spotlight_PROLIFIC,,42,brazil,Portuguese,"portuguese, english, spanish ",spanish,Portuguese:50|English:40|spanish:10,100,Portuguese:40|English:50|spanish:10,100,Portuguese:75|English:20|spanish:5,100,17,4,Bachelor's,10,10,10,6,7,9,4,20,7,17,Duolingo,150,,,,,22,25,C1,intermediate|advanced,intermediate|advanced,cambridge_22_25_intermediate_advanced,4,20,random,,361.26666259765625,1100.7833251953125,385.26666259765625,1154.0999908447266,7,10,,,,,,,,,,,,2026-08-09T15:58:12.658Z,C99S394L,2026-08-09,2026-08-09,12:58:12,2026-08-09 12:58:12,,,,,,,,69eb8f1f108d9b87368ef89d,69eb8f1f108d9b87368ef89d,,,,
25852,raw_position_sample,2,2,int,10,2,2,3,86, vapor ,1116,367,733294,69eb8f1f108d9b87368ef89d,69eb8f1f108d9b87368ef89d,intermediate,2,69eb8f1f108d9b87368ef89d,69eb8f1f108d9b87368ef89d,spotlight_PROLIFIC,,42,brazil,Portuguese,"portuguese, english, spanish ",spanish,Portuguese:50|English:40|spanish:10,100,Portuguese:40|English:50|spanish:10,100,Portuguese:75|English:20|spanish:5,100,17,4,Bachelor's,10,10,10,6,7,9,4,20,7,17,Duolingo,150,,,,,22,25,C1,intermediate|advanced,intermediate|advanced,cambridge_22_25_intermediate_advanced,4,20,random,,361.26666259765625,1100.7833251953125,385.26666259765625,1154.0999908447266,7,10,,,,,,,,,,,,2026-08-09T15:58:12.658Z,C99S394L,2026-08-09,2026-08-09,12:58:12,2026-08-09 12:58:12,,,,,,,,69eb8f1f108d9b87368ef89d,69eb8f1f108d9b87368ef89d,,,,
25906,raw_position_sample,2,2,int,10,2,2,3,86, vapor ,1133,367,733350,69eb8f1f108d9b87368ef89d,69eb8f1f108d9b87368ef89d,intermediate,2,69eb8f1f108d9b87368ef89d,69eb8f1f108d9b87368ef89d,spotlight_PROLIFIC,,42,brazil,Portuguese,"portuguese, english, spanish ",spanish,Portuguese:50|English:40|spanish:10,100,Portuguese:40|English:50|spanish:10,100,Portuguese:75|English:20|spanish:5,100,17,4,Bachelor's,10,10,10,6,7,9,4,20,7,17,Duolingo,150,,,,,22,25,C1,intermediate|advanced,intermediate|advanced,cambridge_22_25_intermediate_advanced,4,20,random,,361.26666259765625,1100.7833251953125,385.26666259765625,1154.0999908447266,7,10,,,,,,,,,,,,2026-08-09T15:58:12.658Z,C99S394L,2026-08-09,2026-08-09,12:58:12,2026-08-09 12:58:12,,,,,,,,69eb8f1f108d9b87368ef89d,69eb8f1f108d9b87368ef89d,,,,
25956,raw_position_sample,2,2,int,10,2,2,3,86, vapor ,1147,370,733399,69eb8f1f108d9b87368ef89d,69eb8f1f108d9b87368ef89d,intermediate,2,69eb8f1f108d9b87368ef89d,69eb8f1f108d9b87368ef89d,spotlight_PROLIFIC,,42,brazil,Portuguese,"portuguese, english, spanish ",spanish,Portuguese:50|English:40|spanish:10,100,Portuguese:40|English:50|spanish:10,100,Portuguese:75|English:20|spanish:5,100,17,4,Bachelor's,10,10,10,6,7,9,4,20,7,17,Duolingo,150,,,,,22,25,C1,intermediate|advanced,intermediate|advanced,cambridge_22_25_intermediate_advanced,4,20,random,,361.26666259765625,1100.7833251953125,385.26666259765625,1154.0999908447266,7,10,,,,,,,,,,,,2026-08-09T15:58:12.658Z,C99S394L,2026-08-09,2026-08-09,12:58:12,2026-08-09 12:58:12,,,,,,,,69eb8f1f108d9b87368ef89d,69eb8f1f108d9b87368ef89d,,,,
25983,hover_association,2,2,int,10,2,2,3,86, vapor ,1101,367,,69eb8f1f108d9b87368ef89d,69eb8f1f108d9b87368ef89d,intermediate,2,69eb8f1f108d9b87368ef89d,69eb8f1f108d9b87368ef89d,spotlight_PROLIFIC,,42,brazil,Portuguese,"portuguese, english, spanish ",spanish,Portuguese:50|English:40|spanish:10,100,Portuguese:40|English:50|spanish:10,100,Portuguese:75|English:20|spanish:5,100,17,4,Bachelor's,10,10,10,6,7,9,4,20,7,17,Duolingo,150,,,,,22,25,C1,intermediate|advanced,intermediate|advanced,cambridge_22_25_intermediate_advanced,4,20,random,,353.26666259765625,1100.7833557128906,393.26666259765625,1154.099983215332,7,10,hover,183,183,0.9606129773449029,0.41833343505859377,98,,,,,,2026-08-09T15:58:12.658Z,C99S394L,2026-08-09,2026-08-09,12:58:12,2026-08-09 12:58:12,,,,,,,,69eb8f1f108d9b87368ef89d,69eb8f1f108d9b87368ef89d,,,,
26007,raw_position_sample,2,2,int,10,2,2,3,87, trail ,1162,370,733451,69eb8f1f108d9b87368ef89d,69eb8f1f108d9b87368ef89d,intermediate,2,69eb8f1f108d9b87368ef89d,69eb8f1f108d9b87368ef89d,spotlight_PROLIFIC,,42,brazil,Portuguese,"portuguese, english, spanish ",spanish,Portuguese:50|English:40|spanish:10,100,Portuguese:40|English:50|spanish:10,100,Portuguese:75|English:20|spanish:5,100,17,4,Bachelor's,10,10,10,6,7,9,4,20,7,17,Duolingo,150,,,,,22,25,C1,intermediate|advanced,intermediate|advanced,cambridge_22_25_intermediate_advanced,4,20,random,,361.26666259765625,1154.0999755859375,385.26666259765625,1191.7499694824219,7,11,,,,,,,,,,,,2026-08-09T15:58:12.658Z,C99S394L,2026-08-09,2026-08-09,12:58:12,2026-08-09 12:58:12,,,,,,,,69eb8f1f108d9b87368ef89d,69eb8f1f108d9b87368ef89d,,,,
26057,raw_position_sample,2,2,int,10,2,2,3,87, trail ,1177,370,733500,69eb8f1f108d9b87368ef89d,69eb8f1f108d9b87368ef89d,intermediate,2,69eb8f1f108d9b87368ef89d,69eb8f1f108d9b87368ef89d,spotlight_PROLIFIC,,42,brazil,Portuguese,"portuguese, english, spanish ",spanish,Portuguese:50|English:40|spanish:10,100,Portuguese:40|English:50|spanish:10,100,Portuguese:75|English:20|spanish:5,100,17,4,Bachelor's,10,10,10,6,7,9,4,20,7,17,Duolingo,150,,,,,22,25,C1,intermediate|advanced,intermediate|advanced,cambridge_22_25_intermediate_advanced,4,20,random,,361.26666259765625,1154.0999755859375,385.26666259765625,1191.7499694824219,7,11,,,,,,,,,,,,2026-08-09T15:58:12.658Z,C99S394L,2026-08-09,2026-08-09,12:58:12,2026-08-09 12:58:12,,,,,,,,69eb8f1f108d9b87368ef89d,69eb8f1f108d9b87368ef89d,,,,
26108,raw_position_sample,2,2,int,10,2,2,3,87, trail ,1184,370,733551,69eb8f1f108d9b87368ef89d,69eb8f1f108d9b87368ef89d,intermediate,2,69eb8f1f108d9b87368ef89d,69eb8f1f108d9b87368ef89d,spotlight_PROLIFIC,,42,brazil,Portuguese,"portuguese, english, spanish ",spanish,Portuguese:50|English:40|spanish:10,100,Portuguese:40|English:50|spanish:10,100,Portuguese:75|English:20|spanish:5,100,17,4,Bachelor's,10,10,10,6,7,9,4,20,7,17,Duolingo,150,,,,,22,25,C1,intermediate|advanced,intermediate|advanced,cambridge_22_25_intermediate_advanced,4,20,random,,361.26666259765625,1154.0999755859375,385.26666259765625,1191.7499694824219,7,11,,,,,,,,,,,,2026-08-09T15:58:12.658Z,C99S394L,2026-08-09,2026-08-09,12:58:12,2026-08-09 12:58:12,,,,,,,,69eb8f1f108d9b87368ef89d,69eb8f1f108d9b87368ef89d,,,,
26149,hover_association,2,2,int,10,2,2,3,87, trail ,1157,370,,69eb8f1f108d9b87368ef89d,69eb8f1f108d9b87368ef89d,intermediate,2,69eb8f1f108d9b87368ef89d,69eb8f1f108d9b87368ef89d,spotlight_PROLIFIC,,42,brazil,Portuguese,"portuguese, english, spanish ",spanish,Portuguese:50|English:40|spanish:10,100,Portuguese:40|English:50|spanish:10,100,Portuguese:75|English:20|spanish:5,100,17,4,Bachelor's,10,10,10,6,7,9,4,20,7,17,Duolingo,150,,,,,22,25,C1,intermediate|advanced,intermediate|advanced,cambridge_22_25_intermediate_advanced,4,20,random,,353.26666259765625,1154.099983215332,393.26666259765625,1191.749984741211,7,11,hover,166,166,0.9269592395814188,0.41833343505859377,98,,,,,,2026-08-09T15:58:12.658Z,C99S394L,2026-08-09,2026-08-09,12:58:12,2026-08-09 12:58:12,,,,,,,,69eb8f1f108d9b87368ef89d,69eb8f1f108d9b87368ef89d,,,,
26157,raw_position_sample,2,2,int,10,2,2,3,88, was ,1192,370,733601,69eb8f1f108d9b87368ef89d,69eb8f1f108d9b87368ef89d,intermediate,2,69eb8f1f108d9b87368ef89d,69eb8f1f108d9b87368ef89d,spotlight_PROLIFIC,,42,brazil,Portuguese,"portuguese, english, spanish ",spanish,Portuguese:50|English:40|spanish:10,100,Portuguese:40|English:50|spanish:10,100,Portuguese:75|English:20|spanish:5,100,17,4,Bachelor's,10,10,10,6,7,9,4,20,7,17,Duolingo,150,,,,,22,25,C1,intermediate|advanced,intermediate|advanced,cambridge_22_25_intermediate_advanced,4,20,random,,361.26666259765625,1191.75,385.26666259765625,1229.3000030517578,7,12,,,,,,,,,,,,2026-08-09T15:58:12.658Z,C99S394L,2026-08-09,2026-08-09,12:58:12,2026-08-09 12:58:12,,,,,,,,69eb8f1f108d9b87368ef89d,69eb8f1f108d9b87368ef89d,,,,
26208,raw_position_sample,2,2,int,10,2,2,3,88, was ,1198,372,733652,69eb8f1f108d9b87368ef89d,69eb8f1f108d9b87368ef89d,intermediate,2,69eb8f1f108d9b87368ef89d,69eb8f1f108d9b87368ef89d,spotlight_PROLIFIC,,42,brazil,Portuguese,"portuguese, english, spanish ",spanish,Portuguese:50|English:40|spanish:10,100,Portuguese:40|English:50|spanish:10,100,Portuguese:75|English:20|spanish:5,100,17,4,Bachelor's,10,10,10,6,7,9,4,20,7,17,Duolingo,150,,,,,22,25,C1,intermediate|advanced,intermediate|advanced,cambridge_22_25_intermediate_advanced,4,20,random,,361.26666259765625,1191.75,385.26666259765625,1229.3000030517578,7,12,,,,,,,,,,,,2026-08-09T15:58:12.658Z,C99S394L,2026-08-09,2026-08-09,12:58:12,2026-08-09 12:58:12,,,,,,,,69eb8f1f108d9b87368ef89d,69eb8f1f108d9b87368ef89d,,,,
26258,raw_position_sample,2,2,int,10,2,2,3,88, was ,1198,372,733702,69eb8f1f108d9b87368ef89d,69eb8f1f108d9b87368ef89d,intermediate,2,69eb8f1f108d9b87368ef89d,69eb8f1f108d9b87368ef89d,spotlight_PROLIFIC,,42,brazil,Portuguese,"portuguese, english, spanish ",spanish,Portuguese:50|English:40|spanish:10,100,Portuguese:40|English:50|spanish:10,100,Portuguese:75|English:20|spanish:5,100,17,4,Bachelor's,10,10,10,6,7,9,4,20,7,17,Duolingo,150,,,,,22,25,C1,intermediate|advanced,intermediate|advanced,cambridge_22_25_intermediate_advanced,4,20,random,,361.26666259765625,1191.75,385.26666259765625,1229.3000030517578,7,12,,,,,,,,,,,,2026-08-09T15:58:12.658Z,C99S394L,2026-08-09,2026-08-09,12:58:12,2026-08-09 12:58:12,,,,,,,,69eb8f1f108d9b87368ef89d,69eb8f1f108d9b87368ef89d,,,,
26308,raw_position_sample,2,2,int,10,2,2,3,88, was ,1198,372,733751,69eb8f1f108d9b87368ef89d,69eb8f1f108d9b87368ef89d,intermediate,2,69eb8f1f108d9b87368ef89d,69eb8f1f108d9b87368ef89d,spotlight_PROLIFIC,,42,brazil,Portuguese,"portuguese, english, spanish ",spanish,Portuguese:50|English:40|spanish:10,100,Portuguese:40|English:50|spanish:10,100,Portuguese:75|English:20|spanish:5,100,17,4,Bachelor's,10,10,10,6,7,9,4,20,7,17,Duolingo,150,,,,,22,25,C1,intermediate|advanced,intermediate|advanced,cambridge_22_25_intermediate_advanced,4,20,random,,361.26666259765625,1191.75,385.26666259765625,1229.3000030517578,7,12,,,,,,,,,,,,2026-08-09T15:58:12.658Z,C99S394L,2026-08-09,2026-08-09,12:58:12,2026-08-09 12:58:12,,,,,,,,69eb8f1f108d9b87368ef89d,69eb8f1f108d9b87368ef89d,,,,
26358,raw_position_sample,2,2,int,10,2,2,3,88, was ,1198,372,733801,69eb8f1f108d9b87368ef89d,69eb8f1f108d9b87368ef89d,intermediate,2,69eb8f1f108d9b87368ef89d,69eb8f1f108d9b87368ef89d,spotlight_PROLIFIC,,42,brazil,Portuguese,"portuguese, english, spanish ",spanish,Portuguese:50|English:40|spanish:10,100,Portuguese:40|English:50|spanish:10,100,Portuguese:75|English:20|spanish:5,100,17,4,Bachelor's,10,10,10,6,7,9,4,20,7,17,Duolingo,150,,,,,22,25,C1,intermediate|advanced,intermediate|advanced,cambridge_22_25_intermediate_advanced,4,20,random,,361.26666259765625,1191.75,385.26666259765625,1229.3000030517578,7,12,,,,,,,,,,,,2026-08-09T15:58:12.658Z,C99S394L,2026-08-09,2026-08-09,12:58:12,2026-08-09 12:58:12,,,,,,,,69eb8f1f108d9b87368ef89d,69eb8f1f108d9b87368ef89d,,,,
26409,raw_position_sample,2,2,int,10,2,2,3,88, was ,1198,372,733852,69eb8f1f108d9b87368ef89d,69eb8f1f108d9b87368ef89d,intermediate,2,69eb8f1f108d9b87368ef89d,69eb8f1f108d9b87368ef89d,spotlight_PROLIFIC,,42,brazil,Portuguese,"portuguese, english, spanish ",spanish,Portuguese:50|English:40|spanish:10,100,Portuguese:40|English:50|spanish:10,100,Portuguese:75|English:20|spanish:5,100,17,4,Bachelor's,10,10,10,6,7,9,4,20,7,17,Duolingo,150,,,,,22,25,C1,intermediate|advanced,intermediate|advanced,cambridge_22_25_intermediate_advanced,4,20,random,,361.26666259765625,1191.75,385.26666259765625,1229.3000030517578,7,12,,,,,,,,,,,,2026-08-09T15:58:12.658Z,C99S394L,2026-08-09,2026-08-09,12:58:12,2026-08-09 12:58:12,,,,,,,,69eb8f1f108d9b87368ef89d,69eb8f1f108d9b87368ef89d,,,,
26459,raw_position_sample,2,2,int,10,2,2,3,88, was ,1204,371,733902,69eb8f1f108d9b87368ef89d,69eb8f1f108d9b87368ef89d,intermediate,2,69eb8f1f108d9b87368ef89d,69eb8f1f108d9b87368ef89d,spotlight_PROLIFIC,,42,brazil,Portuguese,"portuguese, english, spanish ",spanish,Portuguese:50|English:40|spanish:10,100,Portuguese:40|English:50|spanish:10,100,Portuguese:75|English:20|spanish:5,100,17,4,Bachelor's,10,10,10,6,7,9,4,20,7,17,Duolingo,150,,,,,22,25,C1,intermediate|advanced,intermediate|advanced,cambridge_22_25_intermediate_advanced,4,20,random,,361.26666259765625,1191.75,385.26666259765625,1229.3000030517578,7,12,,,,,,,,,,,,2026-08-09T15:58:12.658Z,C99S394L,2026-08-09,2026-08-09,12:58:12,2026-08-09 12:58:12,,,,,,,,69eb8f1f108d9b87368ef89d,69eb8f1f108d9b87368ef89d,,,,
26510,raw_position_sample,2,2,int,10,2,2,3,88, was ,1226,369,733952,69eb8f1f108d9b87368ef89d,69eb8f1f108d9b87368ef89d,intermediate,2,69eb8f1f108d9b87368ef89d,69eb8f1f108d9b87368ef89d,spotlight_PROLIFIC,,42,brazil,Portuguese,"portuguese, english, spanish ",spanish,Portuguese:50|English:40|spanish:10,100,Portuguese:40|English:50|spanish:10,100,Portuguese:75|English:20|spanish:5,100,17,4,Bachelor's,10,10,10,6,7,9,4,20,7,17,Duolingo,150,,,,,22,25,C1,intermediate|advanced,intermediate|advanced,cambridge_22_25_intermediate_advanced,4,20,random,,361.26666259765625,1191.75,385.26666259765625,1229.3000030517578,7,12,,,,,,,,,,,,2026-08-09T15:58:12.658Z,C99S394L,2026-08-09,2026-08-09,12:58:12,2026-08-09 12:58:12,,,,,,,,69eb8f1f108d9b87368ef89d,69eb8f1f108d9b87368ef89d,,,,
26516,hover_association,2,2,int,10,2,2,3,88, was ,1192,370,,69eb8f1f108d9b87368ef89d,69eb8f1f108d9b87368ef89d,intermediate,2,69eb8f1f108d9b87368ef89d,69eb8f1f108d9b87368ef89d,spotlight_PROLIFIC,,42,brazil,Portuguese,"portuguese, english, spanish ",spanish,Portuguese:50|English:40|spanish:10,100,Portuguese:40|English:50|spanish:10,100,Portuguese:75|English:20|spanish:5,100,17,4,Bachelor's,10,10,10,6,7,9,4,20,7,17,Duolingo,150,,,,,22,25,C1,intermediate|advanced,intermediate|advanced,cambridge_22_25_intermediate_advanced,4,20,random,,353.26666259765625,1191.749984741211,393.26666259765625,1229.3000259399414,7,12,hover,367,367,0.9121165827095556,0.39333343505859375,98,,,,,,2026-08-09T15:58:12.658Z,C99S394L,2026-08-09,2026-08-09,12:58:12,2026-08-09 12:58:12,,,,,,,,69eb8f1f108d9b87368ef89d,69eb8f1f108d9b87368ef89d,,,,
26560,raw_position_sample,2,2,int,10,2,2,3,89, visible ,1236,368,734003,69eb8f1f108d9b87368ef89d,69eb8f1f108d9b87368ef89d,intermediate,2,69eb8f1f108d9b87368ef89d,69eb8f1f108d9b87368ef89d,spotlight_PROLIFIC,,42,brazil,Portuguese,"portuguese, english, spanish ",spanish,Portuguese:50|English:40|spanish:10,100,Portuguese:40|English:50|spanish:10,100,Portuguese:75|English:20|spanish:5,100,17,4,Bachelor's,10,10,10,6,7,9,4,20,7,17,Duolingo,150,,,,,22,25,C1,intermediate|advanced,intermediate|advanced,cambridge_22_25_intermediate_advanced,4,20,random,,361.26666259765625,1229.300048828125,385.26666259765625,1282.233383178711,7,13,,,,,,,,,,,,2026-08-09T15:58:12.658Z,C99S394L,2026-08-09,2026-08-09,12:58:12,2026-08-09 12:58:12,,,,,,,,69eb8f1f108d9b87368ef89d,69eb8f1f108d9b87368ef89d,,,,
26610,raw_position_sample,2,2,int,10,2,2,3,89, visible ,1237,368,734052,69eb8f1f108d9b87368ef89d,69eb8f1f108d9b87368ef89d,intermediate,2,69eb8f1f108d9b87368ef89d,69eb8f1f108d9b87368ef89d,spotlight_PROLIFIC,,42,brazil,Portuguese,"portuguese, english, spanish ",spanish,Portuguese:50|English:40|spanish:10,100,Portuguese:40|English:50|spanish:10,100,Portuguese:75|English:20|spanish:5,100,17,4,Bachelor's,10,10,10,6,7,9,4,20,7,17,Duolingo,150,,,,,22,25,C1,intermediate|advanced,intermediate|advanced,cambridge_22_25_intermediate_advanced,4,20,random,,361.26666259765625,1229.300048828125,385.26666259765625,1282.233383178711,7,13,,,,,,,,,,,,2026-08-09T15:58:12.658Z,C99S394L,2026-08-09,2026-08-09,12:58:12,2026-08-09 12:58:12,,,,,,,,69eb8f1f108d9b87368ef89d,69eb8f1f108d9b87368ef89d,,,,
26659,raw_position_sample,2,2,int,10,2,2,3,89, visible ,1237,368,734103,69eb8f1f108d9b87368ef89d,69eb8f1f108d9b87368ef89d,intermediate,2,69eb8f1f108d9b87368ef89d,69eb8f1f108d9b87368ef89d,spotlight_PROLIFIC,,42,brazil,Portuguese,"portuguese, english, spanish ",spanish,Portuguese:50|English:40|spanish:10,100,Portuguese:40|English:50|spanish:10,100,Portuguese:75|English:20|spanish:5,100,17,4,Bachelor's,10,10,10,6,7,9,4,20,7,17,Duolingo,150,,,,,22,25,C1,intermediate|advanced,intermediate|advanced,cambridge_22_25_intermediate_advanced,4,20,random,,361.26666259765625,1229.300048828125,385.26666259765625,1282.233383178711,7,13,,,,,,,,,,,,2026-08-09T15:58:12.658Z,C99S394L,2026-08-09,2026-08-09,12:58:12,2026-08-09 12:58:12,,,,,,,,69eb8f1f108d9b87368ef89d,69eb8f1f108d9b87368ef89d,,,,
26711,raw_position_sample,2,2,int,10,2,2,3,89, visible ,1233,368,734154,69eb8f1f108d9b87368ef89d,69eb8f1f108d9b87368ef89d,intermediate,2,69eb8f1f108d9b87368ef89d,69eb8f1f108d9b87368ef89d,spotlight_PROLIFIC,,42,brazil,Portuguese,"portuguese, english, spanish ",spanish,Portuguese:50|English:40|spanish:10,100,Portuguese:40|English:50|spanish:10,100,Portuguese:75|English:20|spanish:5,100,17,4,Bachelor's,10,10,10,6,7,9,4,20,7,17,Duolingo,150,,,,,22,25,C1,intermediate|advanced,intermediate|advanced,cambridge_22_25_intermediate_advanced,4,20,random,,361.26666259765625,1229.300048828125,385.26666259765625,1282.233383178711,7,13,,,,,,,,,,,,2026-08-09T15:58:12.658Z,C99S394L,2026-08-09,2026-08-09,12:58:12,2026-08-09 12:58:12,,,,,,,,69eb8f1f108d9b87368ef89d,69eb8f1f108d9b87368ef89d,,,,
26716,hover_association,2,2,int,10,2,2,3,89, visible ,1231,368,,69eb8f1f108d9b87368ef89d,69eb8f1f108d9b87368ef89d,intermediate,2,69eb8f1f108d9b87368ef89d,69eb8f1f108d9b87368ef89d,spotlight_PROLIFIC,,42,brazil,Portuguese,"portuguese, english, spanish ",spanish,Portuguese:50|English:40|spanish:10,100,Portuguese:40|English:50|spanish:10,100,Portuguese:75|English:20|spanish:5,100,17,4,Bachelor's,10,10,10,6,7,9,4,20,7,17,Duolingo,150,,,,,22,25,C1,intermediate|advanced,intermediate|advanced,cambridge_22_25_intermediate_advanced,4,20,random,,353.26666259765625,1229.3000259399414,393.26666259765625,1285.8283828735352,7,13,hover,200,200,0.065453415962631,0.36833343505859373,98,,,,,,2026-08-09T15:58:12.658Z,C99S394L,2026-08-09,2026-08-09,12:58:12,2026-08-09 12:58:12,,,,,,,,69eb8f1f108d9b87368ef89d,69eb8f1f108d9b87368ef89d,,,,
26750,hover_association,2,2,int,10,2,2,3,88, was ,1228,368,,69eb8f1f108d9b87368ef89d,69eb8f1f108d9b87368ef89d,intermediate,2,69eb8f1f108d9b87368ef89d,69eb8f1f108d9b87368ef89d,spotlight_PROLIFIC,,42,brazil,Portuguese,"portuguese, english, spanish ",spanish,Portuguese:50|English:40|spanish:10,100,Portuguese:40|English:50|spanish:10,100,Portuguese:75|English:20|spanish:5,100,17,4,Bachelor's,10,10,10,6,7,9,4,20,7,17,Duolingo,150,,,,,22,25,C1,intermediate|advanced,intermediate|advanced,cambridge_22_25_intermediate_advanced,4,20,random,,353.26666259765625,1191.749984741211,393.26666259765625,1229.3000259399414,7,12,hover,34,34,0.5126496441617723,0.44333343505859374,98,,,,,,2026-08-09T15:58:12.658Z,C99S394L,2026-08-09,2026-08-09,12:58:12,2026-08-09 12:58:12,,,,,,,,69eb8f1f108d9b87368ef89d,69eb8f1f108d9b87368ef89d,,,,
26760,raw_position_sample,2,2,int,10,2,2,3,87, trail ,1186,374,734203,69eb8f1f108d9b87368ef89d,69eb8f1f108d9b87368ef89d,intermediate,2,69eb8f1f108d9b87368ef89d,69eb8f1f108d9b87368ef89d,spotlight_PROLIFIC,,42,brazil,Portuguese,"portuguese, english, spanish ",spanish,Portuguese:50|English:40|spanish:10,100,Portuguese:40|English:50|spanish:10,100,Portuguese:75|English:20|spanish:5,100,17,4,Bachelor's,10,10,10,6,7,9,4,20,7,17,Duolingo,150,,,,,22,25,C1,intermediate|advanced,intermediate|advanced,cambridge_22_25_intermediate_advanced,4,20,random,,361.26666259765625,1154.0999755859375,385.26666259765625,1191.7499694824219,7,11,,,,,,,,,,,,2026-08-09T15:58:12.658Z,C99S394L,2026-08-09,2026-08-09,12:58:12,2026-08-09 12:58:12,,,,,,,,69eb8f1f108d9b87368ef89d,69eb8f1f108d9b87368ef89d,,,,
26766,hover_association,2,2,int,10,2,2,3,87, trail ,1186,374,,69eb8f1f108d9b87368ef89d,69eb8f1f108d9b87368ef89d,intermediate,2,69eb8f1f108d9b87368ef89d,69eb8f1f108d9b87368ef89d,spotlight_PROLIFIC,,42,brazil,Portuguese,"portuguese, english, spanish ",spanish,Portuguese:50|English:40|spanish:10,100,Portuguese:40|English:50|spanish:10,100,Portuguese:75|English:20|spanish:5,100,17,4,Bachelor's,10,10,10,6,7,9,4,20,7,17,Duolingo,150,,,,,22,25,C1,intermediate|advanced,intermediate|advanced,cambridge_22_25_intermediate_advanced,4,20,random,,353.26666259765625,1154.099983215332,393.26666259765625,1191.749984741211,7,11,hover,16,16,0.8472779679103424,0.5183334350585938,98,,,,,,2026-08-09T15:58:12.658Z,C99S394L,2026-08-09,2026-08-09,12:58:12,2026-08-09 12:58:12,,,,,,,,69eb8f1f108d9b87368ef89d,69eb8f1f108d9b87368ef89d,,,,
26800,hover_association,2,2,int,10,2,2,3,86, vapor ,1154,375,,69eb8f1f108d9b87368ef89d,69eb8f1f108d9b87368ef89d,intermediate,2,69eb8f1f108d9b87368ef89d,69eb8f1f108d9b87368ef89d,spotlight_PROLIFIC,,42,brazil,Portuguese,"portuguese, english, spanish ",spanish,Portuguese:50|English:40|spanish:10,100,Portuguese:40|English:50|spanish:10,100,Portuguese:75|English:20|spanish:5,100,17,4,Bachelor's,10,10,10,6,7,9,4,20,7,17,Duolingo,150,,,,,22,25,C1,intermediate|advanced,intermediate|advanced,cambridge_22_25_intermediate_advanced,4,20,random,,353.26666259765625,1100.7833557128906,393.26666259765625,1154.099983215332,7,10,hover,33,33,0.15411035303636053,0.5933334350585937,98,,,,,,2026-08-09T15:58:12.658Z,C99S394L,2026-08-09,2026-08-09,12:58:12,2026-08-09 12:58:12,,,,,,,,69eb8f1f108d9b87368ef89d,69eb8f1f108d9b87368ef89d,,,,
26811,raw_position_sample,2,2,int,10,2,2,3,85, The ,1066,381,734253,69eb8f1f108d9b87368ef89d,69eb8f1f108d9b87368ef89d,intermediate,2,69eb8f1f108d9b87368ef89d,69eb8f1f108d9b87368ef89d,spotlight_PROLIFIC,,42,brazil,Portuguese,"portuguese, english, spanish ",spanish,Portuguese:50|English:40|spanish:10,100,Portuguese:40|English:50|spanish:10,100,Portuguese:75|English:20|spanish:5,100,17,4,Bachelor's,10,10,10,6,7,9,4,20,7,17,Duolingo,150,,,,,22,25,C1,intermediate|advanced,intermediate|advanced,cambridge_22_25_intermediate_advanced,4,20,random,,361.26666259765625,1064.8333740234375,385.26666259765625,1100.7833862304688,7,9,,,,,,,,,,,,2026-08-09T15:58:12.658Z,C99S394L,2026-08-09,2026-08-09,12:58:12,2026-08-09 12:58:12,,,,,,,,69eb8f1f108d9b87368ef89d,69eb8f1f108d9b87368ef89d,,,,
26816,hover_association,2,2,int,10,2,2,3,85, The ,1066,381,,69eb8f1f108d9b87368ef89d,69eb8f1f108d9b87368ef89d,intermediate,2,69eb8f1f108d9b87368ef89d,69eb8f1f108d9b87368ef89d,spotlight_PROLIFIC,,42,brazil,Portuguese,"portuguese, english, spanish ",spanish,Portuguese:50|English:40|spanish:10,100,Portuguese:40|English:50|spanish:10,100,Portuguese:75|English:20|spanish:5,100,17,4,Bachelor's,10,10,10,6,7,9,4,20,7,17,Duolingo,150,,,,,22,25,C1,intermediate|advanced,intermediate|advanced,cambridge_22_25_intermediate_advanced,4,20,random,,353.26666259765625,1064.8333435058594,393.26666259765625,1100.7833557128906,7,9,hover,17,17,0.03245218631420786,0.6933334350585938,98,,,,,,2026-08-09T15:58:12.658Z,C99S394L,2026-08-09,2026-08-09,12:58:12,2026-08-09 12:58:12,,,,,,,,69eb8f1f108d9b87368ef89d,69eb8f1f108d9b87368ef89d,,,,
26833,hover_association,2,2,int,10,2,2,3,84, impact. ,1025,382,,69eb8f1f108d9b87368ef89d,69eb8f1f108d9b87368ef89d,intermediate,2,69eb8f1f108d9b87368ef89d,69eb8f1f108d9b87368ef89d,spotlight_PROLIFIC,,42,brazil,Portuguese,"portuguese, english, spanish ",spanish,Portuguese:50|English:40|spanish:10,100,Portuguese:40|English:50|spanish:10,100,Portuguese:75|English:20|spanish:5,100,17,4,Bachelor's,10,10,10,6,7,9,4,20,7,17,Duolingo,150,,,,,22,25,C1,intermediate|advanced,intermediate|advanced,cambridge_22_25_intermediate_advanced,4,20,random,,353.26666259765625,997.5499877929688,393.26666259765625,1064.8333435058594,7,8,hover,16,16,0.40797626569288636,0.7183334350585937,98,,,,,,2026-08-09T15:58:12.658Z,C99S394L,2026-08-09,2026-08-09,12:58:12,2026-08-09 12:58:12,,,,,,,,69eb8f1f108d9b87368ef89d,69eb8f1f108d9b87368ef89d,,,,
26861,raw_position_sample,2,2,int,10,2,2,3,82, moment ,926,385,734305,69eb8f1f108d9b87368ef89d,69eb8f1f108d9b87368ef89d,intermediate,2,69eb8f1f108d9b87368ef89d,69eb8f1f108d9b87368ef89d,spotlight_PROLIFIC,,42,brazil,Portuguese,"portuguese, english, spanish ",spanish,Portuguese:50|English:40|spanish:10,100,Portuguese:40|English:50|spanish:10,100,Portuguese:75|English:20|spanish:5,100,17,4,Bachelor's,10,10,10,6,7,9,4,20,7,17,Duolingo,150,,,,,22,25,C1,intermediate|advanced,intermediate|advanced,cambridge_22_25_intermediate_advanced,4,20,random,,361.26666259765625,898.7833251953125,385.26666259765625,975.7833251953125,7,6,,,,,,,,,,,,2026-08-09T15:58:12.658Z,C99S394L,2026-08-09,2026-08-09,12:58:12,2026-08-09 12:58:12,,,,,,,,69eb8f1f108d9b87368ef89d,69eb8f1f108d9b87368ef89d,,,,
26866,hover_association,2,2,int,10,2,2,3,82, moment ,966,385,,69eb8f1f108d9b87368ef89d,69eb8f1f108d9b87368ef89d,intermediate,2,69eb8f1f108d9b87368ef89d,69eb8f1f108d9b87368ef89d,spotlight_PROLIFIC,,42,brazil,Portuguese,"portuguese, english, spanish ",spanish,Portuguese:50|English:40|spanish:10,100,Portuguese:40|English:50|spanish:10,100,Portuguese:75|English:20|spanish:5,100,17,4,Bachelor's,10,10,10,6,7,9,4,20,7,17,Duolingo,150,,,,,22,25,C1,intermediate|advanced,intermediate|advanced,cambridge_22_25_intermediate_advanced,4,20,random,,353.26666259765625,898.7833251953125,393.26666259765625,975.7833251953125,7,6,hover,34,34,0.3534633091517857,0.7933334350585938,98,,,,,,2026-08-09T15:58:12.658Z,C99S394L,2026-08-09,2026-08-09,12:58:12,2026-08-09 12:58:12,,,,,,,,69eb8f1f108d9b87368ef89d,69eb8f1f108d9b87368ef89d,,,,
26882,hover_association,2,2,int,10,2,2,3,81, the ,893,384,,69eb8f1f108d9b87368ef89d,69eb8f1f108d9b87368ef89d,intermediate,2,69eb8f1f108d9b87368ef89d,69eb8f1f108d9b87368ef89d,spotlight_PROLIFIC,,42,brazil,Portuguese,"portuguese, english, spanish ",spanish,Portuguese:50|English:40|spanish:10,100,Portuguese:40|English:50|spanish:10,100,Portuguese:75|English:20|spanish:5,100,17,4,Bachelor's,10,10,10,6,7,9,4,20,7,17,Duolingo,150,,,,,22,25,C1,intermediate|advanced,intermediate|advanced,cambridge_22_25_intermediate_advanced,4,20,random,,353.26666259765625,866.3333358764648,393.26666259765625,898.7833251953125,7,5,hover,16,16,0.8217772850867036,0.7683334350585938,98,,,,,,2026-08-09T15:58:12.658Z,C99S394L,2026-08-09,2026-08-09,12:58:12,2026-08-09 12:58:12,,,,,,,,69eb8f1f108d9b87368ef89d,69eb8f1f108d9b87368ef89d,,,,
26911,raw_position_sample,2,2,int,10,2,2,3,80, approached ,831,382,734354,69eb8f1f108d9b87368ef89d,69eb8f1f108d9b87368ef89d,intermediate,2,69eb8f1f108d9b87368ef89d,69eb8f1f108d9b87368ef89d,spotlight_PROLIFIC,,42,brazil,Portuguese,"portuguese, english, spanish ",spanish,Portuguese:50|English:40|spanish:10,100,Portuguese:40|English:50|spanish:10,100,Portuguese:75|English:20|spanish:5,100,17,4,Bachelor's,10,10,10,6,7,9,4,20,7,17,Duolingo,150,,,,,22,25,C1,intermediate|advanced,intermediate|advanced,cambridge_22_25_intermediate_advanced,4,20,random,,361.26666259765625,760.4000244140625,385.26666259765625,866.3333587646484,7,4,,,,,,,,,,,,2026-08-09T15:58:12.658Z,C99S394L,2026-08-09,2026-08-09,12:58:12,2026-08-09 12:58:12,,,,,,,,69eb8f1f108d9b87368ef89d,69eb8f1f108d9b87368ef89d,,,,
26949,hover_association,2,2,int,10,2,2,3,80, approached ,862,384,,69eb8f1f108d9b87368ef89d,69eb8f1f108d9b87368ef89d,intermediate,2,69eb8f1f108d9b87368ef89d,69eb8f1f108d9b87368ef89d,spotlight_PROLIFIC,,42,brazil,Portuguese,"portuguese, english, spanish ",spanish,Portuguese:50|English:40|spanish:10,100,Portuguese:40|English:50|spanish:10,100,Portuguese:75|English:20|spanish:5,100,17,4,Bachelor's,10,10,10,6,7,9,4,20,7,17,Duolingo,150,,,,,22,25,C1,intermediate|advanced,intermediate|advanced,cambridge_22_25_intermediate_advanced,4,20,random,,353.26666259765625,760.4000244140625,393.26666259765625,866.3333358764648,7,4,hover,67,67,0.137822327881436,0.6433334350585938,98,,,,,,2026-08-09T15:58:12.658Z,C99S394L,2026-08-09,2026-08-09,12:58:12,2026-08-09 12:58:12,,,,,,,,69eb8f1f108d9b87368ef89d,69eb8f1f108d9b87368ef89d,,,,
26962,raw_position_sample,2,2,int,10,2,2,3,79, they ,748,376,734404,69eb8f1f108d9b87368ef89d,69eb8f1f108d9b87368ef89d,intermediate,2,69eb8f1f108d9b87368ef89d,69eb8f1f108d9b87368ef89d,spotlight_PROLIFIC,,42,brazil,Portuguese,"portuguese, english, spanish ",spanish,Portuguese:50|English:40|spanish:10,100,Portuguese:40|English:50|spanish:10,100,Portuguese:75|English:20|spanish:5,100,17,4,Bachelor's,10,10,10,6,7,9,4,20,7,17,Duolingo,150,,,,,22,25,C1,intermediate|advanced,intermediate|advanced,cambridge_22_25_intermediate_advanced,4,20,random,,361.26666259765625,719.11669921875,385.26666259765625,760.4000244140625,7,3,,,,,,,,,,,,2026-08-09T15:58:12.658Z,C99S394L,2026-08-09,2026-08-09,12:58:12,2026-08-09 12:58:12,,,,,,,,69eb8f1f108d9b87368ef89d,69eb8f1f108d9b87368ef89d,,,,
26983,hover_association,2,2,int,10,2,2,3,79, they ,748,376,,69eb8f1f108d9b87368ef89d,69eb8f1f108d9b87368ef89d,intermediate,2,69eb8f1f108d9b87368ef89d,69eb8f1f108d9b87368ef89d,spotlight_PROLIFIC,,42,brazil,Portuguese,"portuguese, english, spanish ",spanish,Portuguese:50|English:40|spanish:10,100,Portuguese:40|English:50|spanish:10,100,Portuguese:75|English:20|spanish:5,100,17,4,Bachelor's,10,10,10,6,7,9,4,20,7,17,Duolingo,150,,,,,22,25,C1,intermediate|advanced,intermediate|advanced,cambridge_22_25_intermediate_advanced,4,20,random,,353.26666259765625,719.1166915893555,393.26666259765625,760.4000244140625,7,3,hover,34,34,0.21517905175834293,0.5183334350585938,98,,,,,,2026-08-09T15:58:12.658Z,C99S394L,2026-08-09,2026-08-09,12:58:12,2026-08-09 12:58:12,,,,,,,,69eb8f1f108d9b87368ef89d,69eb8f1f108d9b87368ef89d,,,,
27000,hover_association,2,2,int,10,2,2,3,78, as ,708,374,,69eb8f1f108d9b87368ef89d,69eb8f1f108d9b87368ef89d,intermediate,2,69eb8f1f108d9b87368ef89d,69eb8f1f108d9b87368ef89d,spotlight_PROLIFIC,,42,brazil,Portuguese,"portuguese, english, spanish ",spanish,Portuguese:50|English:40|spanish:10,100,Portuguese:40|English:50|spanish:10,100,Portuguese:75|English:20|spanish:5,100,17,4,Bachelor's,10,10,10,6,7,9,4,20,7,17,Duolingo,150,,,,,22,25,C1,intermediate|advanced,intermediate|advanced,cambridge_22_25_intermediate_advanced,4,20,random,,353.26666259765625,695.716682434082,393.26666259765625,719.1166915893555,7,2,hover,16,16,0.5249278957290405,0.5183334350585938,98,,,,,,2026-08-09T15:58:12.658Z,C99S394L,2026-08-09,2026-08-09,12:58:12,2026-08-09 12:58:12,,,,,,,,69eb8f1f108d9b87368ef89d,69eb8f1f108d9b87368ef89d,,,,
27011,raw_position_sample,2,2,int,10,2,2,3,77, brightly ,695,374,734455,69eb8f1f108d9b87368ef89d,69eb8f1f108d9b87368ef89d,intermediate,2,69eb8f1f108d9b87368ef89d,69eb8f1f108d9b87368ef89d,spotlight_PROLIFIC,,42,brazil,Portuguese,"portuguese, english, spanish ",spanish,Portuguese:50|English:40|spanish:10,100,Portuguese:40|English:50|spanish:10,100,Portuguese:75|English:20|spanish:5,100,17,4,Bachelor's,10,10,10,6,7,9,4,20,7,17,Duolingo,150,,,,,22,25,C1,intermediate|advanced,intermediate|advanced,cambridge_22_25_intermediate_advanced,4,20,random,,361.26666259765625,625.36669921875,385.26666259765625,695.7166900634766,7,1,,,,,,,,,,,,2026-08-09T15:58:12.658Z,C99S394L,2026-08-09,2026-08-09,12:58:12,2026-08-09 12:58:12,,,,,,,,69eb8f1f108d9b87368ef89d,69eb8f1f108d9b87368ef89d,,,,
27062,raw_position_sample,2,2,int,10,2,2,3,77, brightly ,650,376,734505,69eb8f1f108d9b87368ef89d,69eb8f1f108d9b87368ef89d,intermediate,2,69eb8f1f108d9b87368ef89d,69eb8f1f108d9b87368ef89d,spotlight_PROLIFIC,,42,brazil,Portuguese,"portuguese, english, spanish ",spanish,Portuguese:50|English:40|spanish:10,100,Portuguese:40|English:50|spanish:10,100,Portuguese:75|English:20|spanish:5,100,17,4,Bachelor's,10,10,10,6,7,9,4,20,7,17,Duolingo,150,,,,,22,25,C1,intermediate|advanced,intermediate|advanced,cambridge_22_25_intermediate_advanced,4,20,random,,361.26666259765625,625.36669921875,385.26666259765625,695.7166900634766,7,1,,,,,,,,,,,,2026-08-09T15:58:12.658Z,C99S394L,2026-08-09,2026-08-09,12:58:12,2026-08-09 12:58:12,,,,,,,,69eb8f1f108d9b87368ef89d,69eb8f1f108d9b87368ef89d,,,,
27112,raw_position_sample,2,2,int,10,2,2,3,77, brightly ,624,380,734556,69eb8f1f108d9b87368ef89d,69eb8f1f108d9b87368ef89d,intermediate,2,69eb8f1f108d9b87368ef89d,69eb8f1f108d9b87368ef89d,spotlight_PROLIFIC,,42,brazil,Portuguese,"portuguese, english, spanish ",spanish,Portuguese:50|English:40|spanish:10,100,Portuguese:40|English:50|spanish:10,100,Portuguese:75|English:20|spanish:5,100,17,4,Bachelor's,10,10,10,6,7,9,4,20,7,17,Duolingo,150,,,,,22,25,C1,intermediate|advanced,intermediate|advanced,cambridge_22_25_intermediate_advanced,4,20,random,,361.26666259765625,625.36669921875,385.26666259765625,695.7166900634766,7,1,,,,,,,,,,,,2026-08-09T15:58:12.658Z,C99S394L,2026-08-09,2026-08-09,12:58:12,2026-08-09 12:58:12,,,,,,,,69eb8f1f108d9b87368ef89d,69eb8f1f108d9b87368ef89d,,,,
27163,raw_position_sample,2,2,int,10,2,2,3,77, brightly ,622,381,734606,69eb8f1f108d9b87368ef89d,69eb8f1f108d9b87368ef89d,intermediate,2,69eb8f1f108d9b87368ef89d,69eb8f1f108d9b87368ef89d,spotlight_PROLIFIC,,42,brazil,Portuguese,"portuguese, english, spanish ",spanish,Portuguese:50|English:40|spanish:10,100,Portuguese:40|English:50|spanish:10,100,Portuguese:75|English:20|spanish:5,100,17,4,Bachelor's,10,10,10,6,7,9,4,20,7,17,Duolingo,150,,,,,22,25,C1,intermediate|advanced,intermediate|advanced,cambridge_22_25_intermediate_advanced,4,20,random,,361.26666259765625,625.36669921875,385.26666259765625,695.7166900634766,7,1,,,,,,,,,,,,2026-08-09T15:58:12.658Z,C99S394L,2026-08-09,2026-08-09,12:58:12,2026-08-09 12:58:12,,,,,,,,69eb8f1f108d9b87368ef89d,69eb8f1f108d9b87368ef89d,,,,
27184,hover_association,2,2,int,10,2,2,3,77, brightly ,695,374,,69eb8f1f108d9b87368ef89d,69eb8f1f108d9b87368ef89d,intermediate,2,69eb8f1f108d9b87368ef89d,69eb8f1f108d9b87368ef89d,spotlight_PROLIFIC,,42,brazil,Portuguese,"portuguese, english, spanish ",spanish,Portuguese:50|English:40|spanish:10,100,Portuguese:40|English:50|spanish:10,100,Portuguese:75|English:20|spanish:5,100,17,4,Bachelor's,10,10,10,6,7,9,4,20,7,17,Duolingo,150,,,,,22,25,C1,intermediate|advanced,intermediate|advanced,cambridge_22_25_intermediate_advanced,4,20,random,,353.26666259765625,621.7716995239258,393.26666259765625,695.716682434082,7,1,hover,186,186,0.003087436998282669,0.6933334350585938,98,,,,,,2026-08-09T15:58:12.658Z,C99S394L,2026-08-09,2026-08-09,12:58:12,2026-08-09 12:58:12,,,,,,,,69eb8f1f108d9b87368ef89d,69eb8f1f108d9b87368ef89d,,,,
27212,raw_position_sample,2,2,int,10,2,2,3,-1,999,619,384,734656,69eb8f1f108d9b87368ef89d,69eb8f1f108d9b87368ef89d,intermediate,2,69eb8f1f108d9b87368ef89d,69eb8f1f108d9b87368ef89d,spotlight_PROLIFIC,,42,brazil,Portuguese,"portuguese, english, spanish ",spanish,Portuguese:50|English:40|spanish:10,100,Portuguese:40|English:50|spanish:10,100,Portuguese:75|English:20|spanish:5,100,17,4,Bachelor's,10,10,10,6,7,9,4,20,7,17,Duolingo,150,,,,,22,25,C1,intermediate|advanced,intermediate|advanced,cambridge_22_25_intermediate_advanced,4,20,random,,,,,,,,,,,,,,,,,,,2026-08-09T15:58:12.658Z,C99S394L,2026-08-09,2026-08-09,12:58:12,2026-08-09 12:58:12,,,,,,,,69eb8f1f108d9b87368ef89d,69eb8f1f108d9b87368ef89d,,,,
27263,raw_position_sample,2,2,int,10,2,2,3,-1,999,617,390,734707,69eb8f1f108d9b87368ef89d,69eb8f1f108d9b87368ef89d,intermediate,2,69eb8f1f108d9b87368ef89d,69eb8f1f108d9b87368ef89d,spotlight_PROLIFIC,,42,brazil,Portuguese,"portuguese, english, spanish ",spanish,Portuguese:50|English:40|spanish:10,100,Portuguese:40|English:50|spanish:10,100,Portuguese:75|English:20|spanish:5,100,17,4,Bachelor's,10,10,10,6,7,9,4,20,7,17,Duolingo,150,,,,,22,25,C1,intermediate|advanced,intermediate|advanced,cambridge_22_25_intermediate_advanced,4,20,random,,,,,,,,,,,,,,,,,,,2026-08-09T15:58:12.658Z,C99S394L,2026-08-09,2026-08-09,12:58:12,2026-08-09 12:58:12,,,,,,,,69eb8f1f108d9b87368ef89d,69eb8f1f108d9b87368ef89d,,,,
27314,raw_position_sample,2,2,int,10,2,2,3,-1,999,619,395,734757,69eb8f1f108d9b87368ef89d,69eb8f1f108d9b87368ef89d,intermediate,2,69eb8f1f108d9b87368ef89d,69eb8f1f108d9b87368ef89d,spotlight_PROLIFIC,,42,brazil,Portuguese,"portuguese, english, spanish ",spanish,Portuguese:50|English:40|spanish:10,100,Portuguese:40|English:50|spanish:10,100,Portuguese:75|English:20|spanish:5,100,17,4,Bachelor's,10,10,10,6,7,9,4,20,7,17,Duolingo,150,,,,,22,25,C1,intermediate|advanced,intermediate|advanced,cambridge_22_25_intermediate_advanced,4,20,random,,,,,,,,,,,,,,,,,,,2026-08-09T15:58:12.658Z,C99S394L,2026-08-09,2026-08-09,12:58:12,2026-08-09 12:58:12,,,,,,,,69eb8f1f108d9b87368ef89d,69eb8f1f108d9b87368ef89d,,,,
27365,raw_position_sample,2,2,int,10,2,2,3,90, for ,634,402,734807,69eb8f1f108d9b87368ef89d,69eb8f1f108d9b87368ef89d,intermediate,2,69eb8f1f108d9b87368ef89d,69eb8f1f108d9b87368ef89d,spotlight_PROLIFIC,,42,brazil,Portuguese,"portuguese, english, spanish ",spanish,Portuguese:50|English:40|spanish:10,100,Portuguese:40|English:50|spanish:10,100,Portuguese:75|English:20|spanish:5,100,17,4,Bachelor's,10,10,10,6,7,9,4,20,7,17,Duolingo,150,,,,,22,25,C1,intermediate|advanced,intermediate|advanced,cambridge_22_25_intermediate_advanced,4,20,random,,401.26666259765625,625.36669921875,425.26666259765625,654.5666961669922,8,1,,,,,,,,,,,,2026-08-09T15:58:12.658Z,C99S394L,2026-08-09,2026-08-09,12:58:12,2026-08-09 12:58:12,,,,,,,,69eb8f1f108d9b87368ef89d,69eb8f1f108d9b87368ef89d,,,,
27382,hover_association,2,2,int,10,2,2,3,90, for ,623,396,,69eb8f1f108d9b87368ef89d,69eb8f1f108d9b87368ef89d,intermediate,2,69eb8f1f108d9b87368ef89d,69eb8f1f108d9b87368ef89d,spotlight_PROLIFIC,,42,brazil,Portuguese,"portuguese, english, spanish ",spanish,Portuguese:50|English:40|spanish:10,100,Portuguese:40|English:50|spanish:10,100,Portuguese:75|English:20|spanish:5,100,17,4,Bachelor's,10,10,10,6,7,9,4,20,7,17,Duolingo,150,,,,,22,25,C1,intermediate|advanced,intermediate|advanced,cambridge_22_25_intermediate_advanced,4,20,random,,393.26666259765625,621.7716995239258,433.26666259765625,654.5666732788086,8,1,hover,67,67,0.6777959525814428,0.24333343505859376,98,,,,,,2026-08-09T15:58:12.658Z,C99S394L,2026-08-09,2026-08-09,12:58:12,2026-08-09 12:58:12,,,,,,,,69eb8f1f108d9b87368ef89d,69eb8f1f108d9b87368ef89d,,,,
27414,raw_position_sample,2,2,int,10,2,2,3,91, hundreds ,669,408,734857,69eb8f1f108d9b87368ef89d,69eb8f1f108d9b87368ef89d,intermediate,2,69eb8f1f108d9b87368ef89d,69eb8f1f108d9b87368ef89d,spotlight_PROLIFIC,,42,brazil,Portuguese,"portuguese, english, spanish ",spanish,Portuguese:50|English:40|spanish:10,100,Portuguese:40|English:50|spanish:10,100,Portuguese:75|English:20|spanish:5,100,17,4,Bachelor's,10,10,10,6,7,9,4,20,7,17,Duolingo,150,,,,,22,25,C1,intermediate|advanced,intermediate|advanced,cambridge_22_25_intermediate_advanced,4,20,random,,401.26666259765625,654.566650390625,425.26666259765625,740.566650390625,8,2,,,,,,,,,,,,2026-08-09T15:58:12.658Z,C99S394L,2026-08-09,2026-08-09,12:58:12,2026-08-09 12:58:12,,,,,,,,69eb8f1f108d9b87368ef89d,69eb8f1f108d9b87368ef89d,,,,
27465,raw_position_sample,2,2,int,10,2,2,3,91, hundreds ,699,414,734908,69eb8f1f108d9b87368ef89d,69eb8f1f108d9b87368ef89d,intermediate,2,69eb8f1f108d9b87368ef89d,69eb8f1f108d9b87368ef89d,spotlight_PROLIFIC,,42,brazil,Portuguese,"portuguese, english, spanish ",spanish,Portuguese:50|English:40|spanish:10,100,Portuguese:40|English:50|spanish:10,100,Portuguese:75|English:20|spanish:5,100,17,4,Bachelor's,10,10,10,6,7,9,4,20,7,17,Duolingo,150,,,,,22,25,C1,intermediate|advanced,intermediate|advanced,cambridge_22_25_intermediate_advanced,4,20,random,,401.26666259765625,654.566650390625,425.26666259765625,740.566650390625,8,2,,,,,,,,,,,,2026-08-09T15:58:12.658Z,C99S394L,2026-08-09,2026-08-09,12:58:12,2026-08-09 12:58:12,,,,,,,,69eb8f1f108d9b87368ef89d,69eb8f1f108d9b87368ef89d,,,,
27516,raw_position_sample,2,2,int,10,2,2,3,91, hundreds ,704,415,734958,69eb8f1f108d9b87368ef89d,69eb8f1f108d9b87368ef89d,intermediate,2,69eb8f1f108d9b87368ef89d,69eb8f1f108d9b87368ef89d,spotlight_PROLIFIC,,42,brazil,Portuguese,"portuguese, english, spanish ",spanish,Portuguese:50|English:40|spanish:10,100,Portuguese:40|English:50|spanish:10,100,Portuguese:75|English:20|spanish:5,100,17,4,Bachelor's,10,10,10,6,7,9,4,20,7,17,Duolingo,150,,,,,22,25,C1,intermediate|advanced,intermediate|advanced,cambridge_22_25_intermediate_advanced,4,20,random,,401.26666259765625,654.566650390625,425.26666259765625,740.566650390625,8,2,,,,,,,,,,,,2026-08-09T15:58:12.658Z,C99S394L,2026-08-09,2026-08-09,12:58:12,2026-08-09 12:58:12,,,,,,,,69eb8f1f108d9b87368ef89d,69eb8f1f108d9b87368ef89d,,,,
27566,raw_position_sample,2,2,int,10,2,2,3,91, hundreds ,705,415,735009,69eb8f1f108d9b87368ef89d,69eb8f1f108d9b87368ef89d,intermediate,2,69eb8f1f108d9b87368ef89d,69eb8f1f108d9b87368ef89d,spotlight_PROLIFIC,,42,brazil,Portuguese,"portuguese, english, spanish ",spanish,Portuguese:50|English:40|spanish:10,100,Portuguese:40|English:50|spanish:10,100,Portuguese:75|English:20|spanish:5,100,17,4,Bachelor's,10,10,10,6,7,9,4,20,7,17,Duolingo,150,,,,,22,25,C1,intermediate|advanced,intermediate|advanced,cambridge_22_25_intermediate_advanced,4,20,random,,401.26666259765625,654.566650390625,425.26666259765625,740.566650390625,8,2,,,,,,,,,,,,2026-08-09T15:58:12.658Z,C99S394L,2026-08-09,2026-08-09,12:58:12,2026-08-09 12:58:12,,,,,,,,69eb8f1f108d9b87368ef89d,69eb8f1f108d9b87368ef89d,,,,
27616,raw_position_sample,2,2,int,10,2,2,3,91, hundreds ,705,415,735060,69eb8f1f108d9b87368ef89d,69eb8f1f108d9b87368ef89d,intermediate,2,69eb8f1f108d9b87368ef89d,69eb8f1f108d9b87368ef89d,spotlight_PROLIFIC,,42,brazil,Portuguese,"portuguese, english, spanish ",spanish,Portuguese:50|English:40|spanish:10,100,Portuguese:40|English:50|spanish:10,100,Portuguese:75|English:20|spanish:5,100,17,4,Bachelor's,10,10,10,6,7,9,4,20,7,17,Duolingo,150,,,,,22,25,C1,intermediate|advanced,intermediate|advanced,cambridge_22_25_intermediate_advanced,4,20,random,,401.26666259765625,654.566650390625,425.26666259765625,740.566650390625,8,2,,,,,,,,,,,,2026-08-09T15:58:12.658Z,C99S394L,2026-08-09,2026-08-09,12:58:12,2026-08-09 12:58:12,,,,,,,,69eb8f1f108d9b87368ef89d,69eb8f1f108d9b87368ef89d,,,,
27667,raw_position_sample,2,2,int,10,2,2,3,91, hundreds ,710,415,735110,69eb8f1f108d9b87368ef89d,69eb8f1f108d9b87368ef89d,intermediate,2,69eb8f1f108d9b87368ef89d,69eb8f1f108d9b87368ef89d,spotlight_PROLIFIC,,42,brazil,Portuguese,"portuguese, english, spanish ",spanish,Portuguese:50|English:40|spanish:10,100,Portuguese:40|English:50|spanish:10,100,Portuguese:75|English:20|spanish:5,100,17,4,Bachelor's,10,10,10,6,7,9,4,20,7,17,Duolingo,150,,,,,22,25,C1,intermediate|advanced,intermediate|advanced,cambridge_22_25_intermediate_advanced,4,20,random,,401.26666259765625,654.566650390625,425.26666259765625,740.566650390625,8,2,,,,,,,,,,,,2026-08-09T15:58:12.658Z,C99S394L,2026-08-09,2026-08-09,12:58:12,2026-08-09 12:58:12,,,,,,,,69eb8f1f108d9b87368ef89d,69eb8f1f108d9b87368ef89d,,,,
27717,raw_position_sample,2,2,int,10,2,2,3,91, hundreds ,717,415,735160,69eb8f1f108d9b87368ef89d,69eb8f1f108d9b87368ef89d,intermediate,2,69eb8f1f108d9b87368ef89d,69eb8f1f108d9b87368ef89d,spotlight_PROLIFIC,,42,brazil,Portuguese,"portuguese, english, spanish ",spanish,Portuguese:50|English:40|spanish:10,100,Portuguese:40|English:50|spanish:10,100,Portuguese:75|English:20|spanish:5,100,17,4,Bachelor's,10,10,10,6,7,9,4,20,7,17,Duolingo,150,,,,,22,25,C1,intermediate|advanced,intermediate|advanced,cambridge_22_25_intermediate_advanced,4,20,random,,401.26666259765625,654.566650390625,425.26666259765625,740.566650390625,8,2,,,,,,,,,,,,2026-08-09T15:58:12.658Z,C99S394L,2026-08-09,2026-08-09,12:58:12,2026-08-09 12:58:12,,,,,,,,69eb8f1f108d9b87368ef89d,69eb8f1f108d9b87368ef89d,,,,
27767,raw_position_sample,2,2,int,10,2,2,3,91, hundreds ,727,414,735210,69eb8f1f108d9b87368ef89d,69eb8f1f108d9b87368ef89d,intermediate,2,69eb8f1f108d9b87368ef89d,69eb8f1f108d9b87368ef89d,spotlight_PROLIFIC,,42,brazil,Portuguese,"portuguese, english, spanish ",spanish,Portuguese:50|English:40|spanish:10,100,Portuguese:40|English:50|spanish:10,100,Portuguese:75|English:20|spanish:5,100,17,4,Bachelor's,10,10,10,6,7,9,4,20,7,17,Duolingo,150,,,,,22,25,C1,intermediate|advanced,intermediate|advanced,cambridge_22_25_intermediate_advanced,4,20,random,,401.26666259765625,654.566650390625,425.26666259765625,740.566650390625,8,2,,,,,,,,,,,,2026-08-09T15:58:12.658Z,C99S394L,2026-08-09,2026-08-09,12:58:12,2026-08-09 12:58:12,,,,,,,,69eb8f1f108d9b87368ef89d,69eb8f1f108d9b87368ef89d,,,,
27817,raw_position_sample,2,2,int,10,2,2,3,91, hundreds ,728,414,735261,69eb8f1f108d9b87368ef89d,69eb8f1f108d9b87368ef89d,intermediate,2,69eb8f1f108d9b87368ef89d,69eb8f1f108d9b87368ef89d,spotlight_PROLIFIC,,42,brazil,Portuguese,"portuguese, english, spanish ",spanish,Portuguese:50|English:40|spanish:10,100,Portuguese:40|English:50|spanish:10,100,Portuguese:75|English:20|spanish:5,100,17,4,Bachelor's,10,10,10,6,7,9,4,20,7,17,Duolingo,150,,,,,22,25,C1,intermediate|advanced,intermediate|advanced,cambridge_22_25_intermediate_advanced,4,20,random,,401.26666259765625,654.566650390625,425.26666259765625,740.566650390625,8,2,,,,,,,,,,,,2026-08-09T15:58:12.658Z,C99S394L,2026-08-09,2026-08-09,12:58:12,2026-08-09 12:58:12,,,,,,,,69eb8f1f108d9b87368ef89d,69eb8f1f108d9b87368ef89d,,,,
27866,hover_association,2,2,int,10,2,2,3,91, hundreds ,655,405,,69eb8f1f108d9b87368ef89d,69eb8f1f108d9b87368ef89d,intermediate,2,69eb8f1f108d9b87368ef89d,69eb8f1f108d9b87368ef89d,spotlight_PROLIFIC,,42,brazil,Portuguese,"portuguese, english, spanish ",spanish,Portuguese:50|English:40|spanish:10,100,Portuguese:40|English:50|spanish:10,100,Portuguese:75|English:20|spanish:5,100,17,4,Bachelor's,10,10,10,6,7,9,4,20,7,17,Duolingo,150,,,,,22,25,C1,intermediate|advanced,intermediate|advanced,cambridge_22_25_intermediate_advanced,4,20,random,,393.26666259765625,654.5666732788086,433.26666259765625,740.566650390625,8,2,hover,483,483,0.935271489858802,0.5183334350585938,98,,,,,,2026-08-09T15:58:12.658Z,C99S394L,2026-08-09,2026-08-09,12:58:12,2026-08-09 12:58:12,,,,,,,,69eb8f1f108d9b87368ef89d,69eb8f1f108d9b87368ef89d,,,,
27868,raw_position_sample,2,2,int,10,2,2,3,92, of ,743,414,735311,69eb8f1f108d9b87368ef89d,69eb8f1f108d9b87368ef89d,intermediate,2,69eb8f1f108d9b87368ef89d,69eb8f1f108d9b87368ef89d,spotlight_PROLIFIC,,42,brazil,Portuguese,"portuguese, english, spanish ",spanish,Portuguese:50|English:40|spanish:10,100,Portuguese:40|English:50|spanish:10,100,Portuguese:75|English:20|spanish:5,100,17,4,Bachelor's,10,10,10,6,7,9,4,20,7,17,Duolingo,150,,,,,22,25,C1,intermediate|advanced,intermediate|advanced,cambridge_22_25_intermediate_advanced,4,20,random,,401.26666259765625,740.566650390625,425.26666259765625,762.3333129882812,8,3,,,,,,,,,,,,2026-08-09T15:58:12.658Z,C99S394L,2026-08-09,2026-08-09,12:58:12,2026-08-09 12:58:12,,,,,,,,69eb8f1f108d9b87368ef89d,69eb8f1f108d9b87368ef89d,,,,
27899,hover_association,2,2,int,10,2,2,3,92, of ,743,414,,69eb8f1f108d9b87368ef89d,69eb8f1f108d9b87368ef89d,intermediate,2,69eb8f1f108d9b87368ef89d,69eb8f1f108d9b87368ef89d,spotlight_PROLIFIC,,42,brazil,Portuguese,"portuguese, english, spanish ",spanish,Portuguese:50|English:40|spanish:10,100,Portuguese:40|English:50|spanish:10,100,Portuguese:75|English:20|spanish:5,100,17,4,Bachelor's,10,10,10,6,7,9,4,20,7,17,Duolingo,150,,,,,22,25,C1,intermediate|advanced,intermediate|advanced,cambridge_22_25_intermediate_advanced,4,20,random,,393.26666259765625,740.566650390625,433.26666259765625,762.3333129882812,8,3,hover,33,33,0.7549779179810726,0.5183334350585938,98,,,,,,2026-08-09T15:58:12.658Z,C99S394L,2026-08-09,2026-08-09,12:58:12,2026-08-09 12:58:12,,,,,,,,69eb8f1f108d9b87368ef89d,69eb8f1f108d9b87368ef89d,,,,
27918,raw_position_sample,2,2,int,10,2,2,3,93, miles ,792,416,735362,69eb8f1f108d9b87368ef89d,69eb8f1f108d9b87368ef89d,intermediate,2,69eb8f1f108d9b87368ef89d,69eb8f1f108d9b87368ef89d,spotlight_PROLIFIC,,42,brazil,Portuguese,"portuguese, english, spanish ",spanish,Portuguese:50|English:40|spanish:10,100,Portuguese:40|English:50|spanish:10,100,Portuguese:75|English:20|spanish:5,100,17,4,Bachelor's,10,10,10,6,7,9,4,20,7,17,Duolingo,150,,,,,22,25,C1,intermediate|advanced,intermediate|advanced,cambridge_22_25_intermediate_advanced,4,20,random,,401.26666259765625,762.3333129882812,425.26666259765625,811.9166564941406,8,4,,,,,,,,,,,,2026-08-09T15:58:12.658Z,C99S394L,2026-08-09,2026-08-09,12:58:12,2026-08-09 12:58:12,,,,,,,,69eb8f1f108d9b87368ef89d,69eb8f1f108d9b87368ef89d,,,,
27950,hover_association,2,2,int,10,2,2,3,93, miles ,774,416,,69eb8f1f108d9b87368ef89d,69eb8f1f108d9b87368ef89d,intermediate,2,69eb8f1f108d9b87368ef89d,69eb8f1f108d9b87368ef89d,spotlight_PROLIFIC,,42,brazil,Portuguese,"portuguese, english, spanish ",spanish,Portuguese:50|English:40|spanish:10,100,Portuguese:40|English:50|spanish:10,100,Portuguese:75|English:20|spanish:5,100,17,4,Bachelor's,10,10,10,6,7,9,4,20,7,17,Duolingo,150,,,,,22,25,C1,intermediate|advanced,intermediate|advanced,cambridge_22_25_intermediate_advanced,4,20,random,,393.26666259765625,762.3333129882812,433.26666259765625,811.9166717529297,8,4,hover,50,50,0.8806722275307394,0.5683334350585938,98,,,,,,2026-08-09T15:58:12.658Z,C99S394L,2026-08-09,2026-08-09,12:58:12,2026-08-09 12:58:12,,,,,,,,69eb8f1f108d9b87368ef89d,69eb8f1f108d9b87368ef89d,,,,
27969,raw_position_sample,2,2,int,10,2,2,3,94," around, ",816,416,735412,69eb8f1f108d9b87368ef89d,69eb8f1f108d9b87368ef89d,intermediate,2,69eb8f1f108d9b87368ef89d,69eb8f1f108d9b87368ef89d,spotlight_PROLIFIC,,42,brazil,Portuguese,"portuguese, english, spanish ",spanish,Portuguese:50|English:40|spanish:10,100,Portuguese:40|English:50|spanish:10,100,Portuguese:75|English:20|spanish:5,100,17,4,Bachelor's,10,10,10,6,7,9,4,20,7,17,Duolingo,150,,,,,22,25,C1,intermediate|advanced,intermediate|advanced,cambridge_22_25_intermediate_advanced,4,20,random,,401.26666259765625,811.9166870117188,425.26666259765625,882.7666778564453,8,5,,,,,,,,,,,,2026-08-09T15:58:12.658Z,C99S394L,2026-08-09,2026-08-09,12:58:12,2026-08-09 12:58:12,,,,,,,,69eb8f1f108d9b87368ef89d,69eb8f1f108d9b87368ef89d,,,,
28019,raw_position_sample,2,2,int,10,2,2,3,94," around, ",816,416,735462,69eb8f1f108d9b87368ef89d,69eb8f1f108d9b87368ef89d,intermediate,2,69eb8f1f108d9b87368ef89d,69eb8f1f108d9b87368ef89d,spotlight_PROLIFIC,,42,brazil,Portuguese,"portuguese, english, spanish ",spanish,Portuguese:50|English:40|spanish:10,100,Portuguese:40|English:50|spanish:10,100,Portuguese:75|English:20|spanish:5,100,17,4,Bachelor's,10,10,10,6,7,9,4,20,7,17,Duolingo,150,,,,,22,25,C1,intermediate|advanced,intermediate|advanced,cambridge_22_25_intermediate_advanced,4,20,random,,401.26666259765625,811.9166870117188,425.26666259765625,882.7666778564453,8,5,,,,,,,,,,,,2026-08-09T15:58:12.658Z,C99S394L,2026-08-09,2026-08-09,12:58:12,2026-08-09 12:58:12,,,,,,,,69eb8f1f108d9b87368ef89d,69eb8f1f108d9b87368ef89d,,,,
28068,raw_position_sample,2,2,int,10,2,2,3,94," around, ",816,416,735512,69eb8f1f108d9b87368ef89d,69eb8f1f108d9b87368ef89d,intermediate,2,69eb8f1f108d9b87368ef89d,69eb8f1f108d9b87368ef89d,spotlight_PROLIFIC,,42,brazil,Portuguese,"portuguese, english, spanish ",spanish,Portuguese:50|English:40|spanish:10,100,Portuguese:40|English:50|spanish:10,100,Portuguese:75|English:20|spanish:5,100,17,4,Bachelor's,10,10,10,6,7,9,4,20,7,17,Duolingo,150,,,,,22,25,C1,intermediate|advanced,intermediate|advanced,cambridge_22_25_intermediate_advanced,4,20,random,,401.26666259765625,811.9166870117188,425.26666259765625,882.7666778564453,8,5,,,,,,,,,,,,2026-08-09T15:58:12.658Z,C99S394L,2026-08-09,2026-08-09,12:58:12,2026-08-09 12:58:12,,,,,,,,69eb8f1f108d9b87368ef89d,69eb8f1f108d9b87368ef89d,,,,
28120,raw_position_sample,2,2,int,10,2,2,3,94," around, ",816,416,735562,69eb8f1f108d9b87368ef89d,69eb8f1f108d9b87368ef89d,intermediate,2,69eb8f1f108d9b87368ef89d,69eb8f1f108d9b87368ef89d,spotlight_PROLIFIC,,42,brazil,Portuguese,"portuguese, english, spanish ",spanish,Portuguese:50|English:40|spanish:10,100,Portuguese:40|English:50|spanish:10,100,Portuguese:75|English:20|spanish:5,100,17,4,Bachelor's,10,10,10,6,7,9,4,20,7,17,Duolingo,150,,,,,22,25,C1,intermediate|advanced,intermediate|advanced,cambridge_22_25_intermediate_advanced,4,20,random,,401.26666259765625,811.9166870117188,425.26666259765625,882.7666778564453,8,5,,,,,,,,,,,,2026-08-09T15:58:12.658Z,C99S394L,2026-08-09,2026-08-09,12:58:12,2026-08-09 12:58:12,,,,,,,,69eb8f1f108d9b87368ef89d,69eb8f1f108d9b87368ef89d,,,,
28170,raw_position_sample,2,2,int,10,2,2,3,94," around, ",819,416,735613,69eb8f1f108d9b87368ef89d,69eb8f1f108d9b87368ef89d,intermediate,2,69eb8f1f108d9b87368ef89d,69eb8f1f108d9b87368ef89d,spotlight_PROLIFIC,,42,brazil,Portuguese,"portuguese, english, spanish ",spanish,Portuguese:50|English:40|spanish:10,100,Portuguese:40|English:50|spanish:10,100,Portuguese:75|English:20|spanish:5,100,17,4,Bachelor's,10,10,10,6,7,9,4,20,7,17,Duolingo,150,,,,,22,25,C1,intermediate|advanced,intermediate|advanced,cambridge_22_25_intermediate_advanced,4,20,random,,401.26666259765625,811.9166870117188,425.26666259765625,882.7666778564453,8,5,,,,,,,,,,,,2026-08-09T15:58:12.658Z,C99S394L,2026-08-09,2026-08-09,12:58:12,2026-08-09 12:58:12,,,,,,,,69eb8f1f108d9b87368ef89d,69eb8f1f108d9b87368ef89d,,,,
28220,raw_position_sample,2,2,int,10,2,2,3,94," around, ",845,415,735664,69eb8f1f108d9b87368ef89d,69eb8f1f108d9b87368ef89d,intermediate,2,69eb8f1f108d9b87368ef89d,69eb8f1f108d9b87368ef89d,spotlight_PROLIFIC,,42,brazil,Portuguese,"portuguese, english, spanish ",spanish,Portuguese:50|English:40|spanish:10,100,Portuguese:40|English:50|spanish:10,100,Portuguese:75|English:20|spanish:5,100,17,4,Bachelor's,10,10,10,6,7,9,4,20,7,17,Duolingo,150,,,,,22,25,C1,intermediate|advanced,intermediate|advanced,cambridge_22_25_intermediate_advanced,4,20,random,,401.26666259765625,811.9166870117188,425.26666259765625,882.7666778564453,8,5,,,,,,,,,,,,2026-08-09T15:58:12.658Z,C99S394L,2026-08-09,2026-08-09,12:58:12,2026-08-09 12:58:12,,,,,,,,69eb8f1f108d9b87368ef89d,69eb8f1f108d9b87368ef89d,,,,
28266,hover_association,2,2,int,10,2,2,3,94," around, ",813,416,,69eb8f1f108d9b87368ef89d,69eb8f1f108d9b87368ef89d,intermediate,2,69eb8f1f108d9b87368ef89d,69eb8f1f108d9b87368ef89d,spotlight_PROLIFIC,,42,brazil,Portuguese,"portuguese, english, spanish ",spanish,Portuguese:50|English:40|spanish:10,100,Portuguese:40|English:50|spanish:10,100,Portuguese:75|English:20|spanish:5,100,17,4,Bachelor's,10,10,10,6,7,9,4,20,7,17,Duolingo,150,,,,,22,25,C1,intermediate|advanced,intermediate|advanced,cambridge_22_25_intermediate_advanced,4,20,random,,393.26666259765625,811.9166717529297,433.26666259765625,882.7666702270508,8,5,hover,317,317,0.8762643554572139,0.5433334350585938,98,,,,,,2026-08-09T15:58:12.658Z,C99S394L,2026-08-09,2026-08-09,12:58:12,2026-08-09 12:58:12,,,,,,,,69eb8f1f108d9b87368ef89d,69eb8f1f108d9b87368ef89d,,,,
28271,raw_position_sample,2,2,int,10,2,2,3,95, including ,886,415,735713,69eb8f1f108d9b87368ef89d,69eb8f1f108d9b87368ef89d,intermediate,2,69eb8f1f108d9b87368ef89d,69eb8f1f108d9b87368ef89d,spotlight_PROLIFIC,,42,brazil,Portuguese,"portuguese, english, spanish ",spanish,Portuguese:50|English:40|spanish:10,100,Portuguese:40|English:50|spanish:10,100,Portuguese:75|English:20|spanish:5,100,17,4,Bachelor's,10,10,10,6,7,9,4,20,7,17,Duolingo,150,,,,,22,25,C1,intermediate|advanced,intermediate|advanced,cambridge_22_25_intermediate_advanced,4,20,random,,401.26666259765625,882.7666625976562,425.26666259765625,965.5166625976562,8,6,,,,,,,,,,,,2026-08-09T15:58:12.658Z,C99S394L,2026-08-09,2026-08-09,12:58:12,2026-08-09 12:58:12,,,,,,,,69eb8f1f108d9b87368ef89d,69eb8f1f108d9b87368ef89d,,,,
28321,raw_position_sample,2,2,int,10,2,2,3,95, including ,920,415,735763,69eb8f1f108d9b87368ef89d,69eb8f1f108d9b87368ef89d,intermediate,2,69eb8f1f108d9b87368ef89d,69eb8f1f108d9b87368ef89d,spotlight_PROLIFIC,,42,brazil,Portuguese,"portuguese, english, spanish ",spanish,Portuguese:50|English:40|spanish:10,100,Portuguese:40|English:50|spanish:10,100,Portuguese:75|English:20|spanish:5,100,17,4,Bachelor's,10,10,10,6,7,9,4,20,7,17,Duolingo,150,,,,,22,25,C1,intermediate|advanced,intermediate|advanced,cambridge_22_25_intermediate_advanced,4,20,random,,401.26666259765625,882.7666625976562,425.26666259765625,965.5166625976562,8,6,,,,,,,,,,,,2026-08-09T15:58:12.658Z,C99S394L,2026-08-09,2026-08-09,12:58:12,2026-08-09 12:58:12,,,,,,,,69eb8f1f108d9b87368ef89d,69eb8f1f108d9b87368ef89d,,,,
28371,raw_position_sample,2,2,int,10,2,2,3,95, including ,945,411,735814,69eb8f1f108d9b87368ef89d,69eb8f1f108d9b87368ef89d,intermediate,2,69eb8f1f108d9b87368ef89d,69eb8f1f108d9b87368ef89d,spotlight_PROLIFIC,,42,brazil,Portuguese,"portuguese, english, spanish ",spanish,Portuguese:50|English:40|spanish:10,100,Portuguese:40|English:50|spanish:10,100,Portuguese:75|English:20|spanish:5,100,17,4,Bachelor's,10,10,10,6,7,9,4,20,7,17,Duolingo,150,,,,,22,25,C1,intermediate|advanced,intermediate|advanced,cambridge_22_25_intermediate_advanced,4,20,random,,401.26666259765625,882.7666625976562,425.26666259765625,965.5166625976562,8,6,,,,,,,,,,,,2026-08-09T15:58:12.658Z,C99S394L,2026-08-09,2026-08-09,12:58:12,2026-08-09 12:58:12,,,,,,,,69eb8f1f108d9b87368ef89d,69eb8f1f108d9b87368ef89d,,,,
28421,raw_position_sample,2,2,int,10,2,2,3,95, including ,953,411,735865,69eb8f1f108d9b87368ef89d,69eb8f1f108d9b87368ef89d,intermediate,2,69eb8f1f108d9b87368ef89d,69eb8f1f108d9b87368ef89d,spotlight_PROLIFIC,,42,brazil,Portuguese,"portuguese, english, spanish ",spanish,Portuguese:50|English:40|spanish:10,100,Portuguese:40|English:50|spanish:10,100,Portuguese:75|English:20|spanish:5,100,17,4,Bachelor's,10,10,10,6,7,9,4,20,7,17,Duolingo,150,,,,,22,25,C1,intermediate|advanced,intermediate|advanced,cambridge_22_25_intermediate_advanced,4,20,random,,401.26666259765625,882.7666625976562,425.26666259765625,965.5166625976562,8,6,,,,,,,,,,,,2026-08-09T15:58:12.658Z,C99S394L,2026-08-09,2026-08-09,12:58:12,2026-08-09 12:58:12,,,,,,,,69eb8f1f108d9b87368ef89d,69eb8f1f108d9b87368ef89d,,,,
28472,raw_position_sample,2,2,int,10,2,2,3,95, including ,962,409,735915,69eb8f1f108d9b87368ef89d,69eb8f1f108d9b87368ef89d,intermediate,2,69eb8f1f108d9b87368ef89d,69eb8f1f108d9b87368ef89d,spotlight_PROLIFIC,,42,brazil,Portuguese,"portuguese, english, spanish ",spanish,Portuguese:50|English:40|spanish:10,100,Portuguese:40|English:50|spanish:10,100,Portuguese:75|English:20|spanish:5,100,17,4,Bachelor's,10,10,10,6,7,9,4,20,7,17,Duolingo,150,,,,,22,25,C1,intermediate|advanced,intermediate|advanced,cambridge_22_25_intermediate_advanced,4,20,random,,401.26666259765625,882.7666625976562,425.26666259765625,965.5166625976562,8,6,,,,,,,,,,,,2026-08-09T15:58:12.658Z,C99S394L,2026-08-09,2026-08-09,12:58:12,2026-08-09 12:58:12,,,,,,,,69eb8f1f108d9b87368ef89d,69eb8f1f108d9b87368ef89d,,,,
28499,hover_association,2,2,int,10,2,2,3,95, including ,886,415,,69eb8f1f108d9b87368ef89d,69eb8f1f108d9b87368ef89d,intermediate,2,69eb8f1f108d9b87368ef89d,69eb8f1f108d9b87368ef89d,spotlight_PROLIFIC,,42,brazil,Portuguese,"portuguese, english, spanish ",spanish,Portuguese:50|English:40|spanish:10,100,Portuguese:40|English:50|spanish:10,100,Portuguese:75|English:20|spanish:5,100,17,4,Bachelor's,10,10,10,6,7,9,4,20,7,17,Duolingo,150,,,,,22,25,C1,intermediate|advanced,intermediate|advanced,cambridge_22_25_intermediate_advanced,4,20,random,,393.26666259765625,882.7666702270508,433.26666259765625,965.5166625976562,8,6,hover,233,233,0.9695871561367029,0.39333343505859375,98,,,,,,2026-08-09T15:58:12.658Z,C99S394L,2026-08-09,2026-08-09,12:58:12,2026-08-09 12:58:12,,,,,,,,69eb8f1f108d9b87368ef89d,69eb8f1f108d9b87368ef89d,,,,
28522,raw_position_sample,2,2,int,10,2,2,3,96, in ,968,409,735966,69eb8f1f108d9b87368ef89d,69eb8f1f108d9b87368ef89d,intermediate,2,69eb8f1f108d9b87368ef89d,69eb8f1f108d9b87368ef89d,spotlight_PROLIFIC,,42,brazil,Portuguese,"portuguese, english, spanish ",spanish,Portuguese:50|English:40|spanish:10,100,Portuguese:40|English:50|spanish:10,100,Portuguese:75|English:20|spanish:5,100,17,4,Bachelor's,10,10,10,6,7,9,4,20,7,17,Duolingo,150,,,,,22,25,C1,intermediate|advanced,intermediate|advanced,cambridge_22_25_intermediate_advanced,4,20,random,,401.26666259765625,965.5166625976562,425.26666259765625,985.9666595458984,8,7,,,,,,,,,,,,2026-08-09T15:58:12.658Z,C99S394L,2026-08-09,2026-08-09,12:58:12,2026-08-09 12:58:12,,,,,,,,69eb8f1f108d9b87368ef89d,69eb8f1f108d9b87368ef89d,,,,
28572,raw_position_sample,2,2,int,10,2,2,3,96, in ,976,409,736016,69eb8f1f108d9b87368ef89d,69eb8f1f108d9b87368ef89d,intermediate,2,69eb8f1f108d9b87368ef89d,69eb8f1f108d9b87368ef89d,spotlight_PROLIFIC,,42,brazil,Portuguese,"portuguese, english, spanish ",spanish,Portuguese:50|English:40|spanish:10,100,Portuguese:40|English:50|spanish:10,100,Portuguese:75|English:20|spanish:5,100,17,4,Bachelor's,10,10,10,6,7,9,4,20,7,17,Duolingo,150,,,,,22,25,C1,intermediate|advanced,intermediate|advanced,cambridge_22_25_intermediate_advanced,4,20,random,,401.26666259765625,965.5166625976562,425.26666259765625,985.9666595458984,8,7,,,,,,,,,,,,2026-08-09T15:58:12.658Z,C99S394L,2026-08-09,2026-08-09,12:58:12,2026-08-09 12:58:12,,,,,,,,69eb8f1f108d9b87368ef89d,69eb8f1f108d9b87368ef89d,,,,
28623,raw_position_sample,2,2,int,10,2,2,3,96, in ,984,408,736066,69eb8f1f108d9b87368ef89d,69eb8f1f108d9b87368ef89d,intermediate,2,69eb8f1f108d9b87368ef89d,69eb8f1f108d9b87368ef89d,spotlight_PROLIFIC,,42,brazil,Portuguese,"portuguese, english, spanish ",spanish,Portuguese:50|English:40|spanish:10,100,Portuguese:40|English:50|spanish:10,100,Portuguese:75|English:20|spanish:5,100,17,4,Bachelor's,10,10,10,6,7,9,4,20,7,17,Duolingo,150,,,,,22,25,C1,intermediate|advanced,intermediate|advanced,cambridge_22_25_intermediate_advanced,4,20,random,,401.26666259765625,965.5166625976562,425.26666259765625,985.9666595458984,8,7,,,,,,,,,,,,2026-08-09T15:58:12.658Z,C99S394L,2026-08-09,2026-08-09,12:58:12,2026-08-09 12:58:12,,,,,,,,69eb8f1f108d9b87368ef89d,69eb8f1f108d9b87368ef89d,,,,
28633,hover_association,2,2,int,10,2,2,3,96, in ,966,409,,69eb8f1f108d9b87368ef89d,69eb8f1f108d9b87368ef89d,intermediate,2,69eb8f1f108d9b87368ef89d,69eb8f1f108d9b87368ef89d,spotlight_PROLIFIC,,42,brazil,Portuguese,"portuguese, english, spanish ",spanish,Portuguese:50|English:40|spanish:10,100,Portuguese:40|English:50|spanish:10,100,Portuguese:75|English:20|spanish:5,100,17,4,Bachelor's,10,10,10,6,7,9,4,20,7,17,Duolingo,150,,,,,22,25,C1,intermediate|advanced,intermediate|advanced,cambridge_22_25_intermediate_advanced,4,20,random,,393.26666259765625,965.5166625976562,433.26666259765625,985.966667175293,8,7,hover,134,134,0.9038304775029912,0.36833343505859373,98,,,,,,2026-08-09T15:58:12.658Z,C99S394L,2026-08-09,2026-08-09,12:58:12,2026-08-09 12:58:12,,,,,,,,69eb8f1f108d9b87368ef89d,69eb8f1f108d9b87368ef89d,,,,
28672,raw_position_sample,2,2,int,10,2,2,3,97, neighboring ,996,408,736116,69eb8f1f108d9b87368ef89d,69eb8f1f108d9b87368ef89d,intermediate,2,69eb8f1f108d9b87368ef89d,69eb8f1f108d9b87368ef89d,spotlight_PROLIFIC,,42,brazil,Portuguese,"portuguese, english, spanish ",spanish,Portuguese:50|English:40|spanish:10,100,Portuguese:40|English:50|spanish:10,100,Portuguese:75|English:20|spanish:5,100,17,4,Bachelor's,10,10,10,6,7,9,4,20,7,17,Duolingo,150,,,,,22,25,C1,intermediate|advanced,intermediate|advanced,cambridge_22_25_intermediate_advanced,4,20,random,,401.26666259765625,985.9666748046875,425.26666259765625,1094.9666748046875,8,8,,,,,,,,,,,,2026-08-09T15:58:12.658Z,C99S394L,2026-08-09,2026-08-09,12:58:12,2026-08-09 12:58:12,,,,,,,,69eb8f1f108d9b87368ef89d,69eb8f1f108d9b87368ef89d,,,,
28723,raw_position_sample,2,2,int,10,2,2,3,97, neighboring ,996,408,736166,69eb8f1f108d9b87368ef89d,69eb8f1f108d9b87368ef89d,intermediate,2,69eb8f1f108d9b87368ef89d,69eb8f1f108d9b87368ef89d,spotlight_PROLIFIC,,42,brazil,Portuguese,"portuguese, english, spanish ",spanish,Portuguese:50|English:40|spanish:10,100,Portuguese:40|English:50|spanish:10,100,Portuguese:75|English:20|spanish:5,100,17,4,Bachelor's,10,10,10,6,7,9,4,20,7,17,Duolingo,150,,,,,22,25,C1,intermediate|advanced,intermediate|advanced,cambridge_22_25_intermediate_advanced,4,20,random,,401.26666259765625,985.9666748046875,425.26666259765625,1094.9666748046875,8,8,,,,,,,,,,,,2026-08-09T15:58:12.658Z,C99S394L,2026-08-09,2026-08-09,12:58:12,2026-08-09 12:58:12,,,,,,,,69eb8f1f108d9b87368ef89d,69eb8f1f108d9b87368ef89d,,,,
28773,raw_position_sample,2,2,int,10,2,2,3,97, neighboring ,996,408,736216,69eb8f1f108d9b87368ef89d,69eb8f1f108d9b87368ef89d,intermediate,2,69eb8f1f108d9b87368ef89d,69eb8f1f108d9b87368ef89d,spotlight_PROLIFIC,,42,brazil,Portuguese,"portuguese, english, spanish ",spanish,Portuguese:50|English:40|spanish:10,100,Portuguese:40|English:50|spanish:10,100,Portuguese:75|English:20|spanish:5,100,17,4,Bachelor's,10,10,10,6,7,9,4,20,7,17,Duolingo,150,,,,,22,25,C1,intermediate|advanced,intermediate|advanced,cambridge_22_25_intermediate_advanced,4,20,random,,401.26666259765625,985.9666748046875,425.26666259765625,1094.9666748046875,8,8,,,,,,,,,,,,2026-08-09T15:58:12.658Z,C99S394L,2026-08-09,2026-08-09,12:58:12,2026-08-09 12:58:12,,,,,,,,69eb8f1f108d9b87368ef89d,69eb8f1f108d9b87368ef89d,,,,
28824,raw_position_sample,2,2,int,10,2,2,3,97, neighboring ,996,408,736267,69eb8f1f108d9b87368ef89d,69eb8f1f108d9b87368ef89d,intermediate,2,69eb8f1f108d9b87368ef89d,69eb8f1f108d9b87368ef89d,spotlight_PROLIFIC,,42,brazil,Portuguese,"portuguese, english, spanish ",spanish,Portuguese:50|English:40|spanish:10,100,Portuguese:40|English:50|spanish:10,100,Portuguese:75|English:20|spanish:5,100,17,4,Bachelor's,10,10,10,6,7,9,4,20,7,17,Duolingo,150,,,,,22,25,C1,intermediate|advanced,intermediate|advanced,cambridge_22_25_intermediate_advanced,4,20,random,,401.26666259765625,985.9666748046875,425.26666259765625,1094.9666748046875,8,8,,,,,,,,,,,,2026-08-09T15:58:12.658Z,C99S394L,2026-08-09,2026-08-09,12:58:12,2026-08-09 12:58:12,,,,,,,,69eb8f1f108d9b87368ef89d,69eb8f1f108d9b87368ef89d,,,,
28874,raw_position_sample,2,2,int,10,2,2,3,97, neighboring ,996,408,736317,69eb8f1f108d9b87368ef89d,69eb8f1f108d9b87368ef89d,intermediate,2,69eb8f1f108d9b87368ef89d,69eb8f1f108d9b87368ef89d,spotlight_PROLIFIC,,42,brazil,Portuguese,"portuguese, english, spanish ",spanish,Portuguese:50|English:40|spanish:10,100,Portuguese:40|English:50|spanish:10,100,Portuguese:75|English:20|spanish:5,100,17,4,Bachelor's,10,10,10,6,7,9,4,20,7,17,Duolingo,150,,,,,22,25,C1,intermediate|advanced,intermediate|advanced,cambridge_22_25_intermediate_advanced,4,20,random,,401.26666259765625,985.9666748046875,425.26666259765625,1094.9666748046875,8,8,,,,,,,,,,,,2026-08-09T15:58:12.658Z,C99S394L,2026-08-09,2026-08-09,12:58:12,2026-08-09 12:58:12,,,,,,,,69eb8f1f108d9b87368ef89d,69eb8f1f108d9b87368ef89d,,,,
28916,hover_association,2,2,int,10,2,2,3,97, neighboring ,990,408,,69eb8f1f108d9b87368ef89d,69eb8f1f108d9b87368ef89d,intermediate,2,69eb8f1f108d9b87368ef89d,69eb8f1f108d9b87368ef89d,spotlight_PROLIFIC,,42,brazil,Portuguese,"portuguese, english, spanish ",spanish,Portuguese:50|English:40|spanish:10,100,Portuguese:40|English:50|spanish:10,100,Portuguese:75|English:20|spanish:5,100,17,4,Bachelor's,10,10,10,6,7,9,4,20,7,17,Duolingo,150,,,,,22,25,C1,intermediate|advanced,intermediate|advanced,cambridge_22_25_intermediate_advanced,4,20,random,,393.26666259765625,985.966667175293,433.26666259765625,1094.9666748046875,8,8,hover,283,283,0.03700305084767117,0.36833343505859373,98,,,,,,2026-08-09T15:58:12.658Z,C99S394L,2026-08-09,2026-08-09,12:58:12,2026-08-09 12:58:12,,,,,,,,69eb8f1f108d9b87368ef89d,69eb8f1f108d9b87368ef89d,,,,
28924,raw_position_sample,2,2,int,10,2,2,3,96, in ,978,408,736368,69eb8f1f108d9b87368ef89d,69eb8f1f108d9b87368ef89d,intermediate,2,69eb8f1f108d9b87368ef89d,69eb8f1f108d9b87368ef89d,spotlight_PROLIFIC,,42,brazil,Portuguese,"portuguese, english, spanish ",spanish,Portuguese:50|English:40|spanish:10,100,Portuguese:40|English:50|spanish:10,100,Portuguese:75|English:20|spanish:5,100,17,4,Bachelor's,10,10,10,6,7,9,4,20,7,17,Duolingo,150,,,,,22,25,C1,intermediate|advanced,intermediate|advanced,cambridge_22_25_intermediate_advanced,4,20,random,,401.26666259765625,965.5166625976562,425.26666259765625,985.9666595458984,8,7,,,,,,,,,,,,2026-08-09T15:58:12.658Z,C99S394L,2026-08-09,2026-08-09,12:58:12,2026-08-09 12:58:12,,,,,,,,69eb8f1f108d9b87368ef89d,69eb8f1f108d9b87368ef89d,,,,
28949,hover_association,2,2,int,10,2,2,3,96, in ,978,408,,69eb8f1f108d9b87368ef89d,69eb8f1f108d9b87368ef89d,intermediate,2,69eb8f1f108d9b87368ef89d,69eb8f1f108d9b87368ef89d,spotlight_PROLIFIC,,42,brazil,Portuguese,"portuguese, english, spanish ",spanish,Portuguese:50|English:40|spanish:10,100,Portuguese:40|English:50|spanish:10,100,Portuguese:75|English:20|spanish:5,100,17,4,Bachelor's,10,10,10,6,7,9,4,20,7,17,Duolingo,150,,,,,22,25,C1,intermediate|advanced,intermediate|advanced,cambridge_22_25_intermediate_advanced,4,20,random,,393.26666259765625,965.5166625976562,433.26666259765625,985.966667175293,8,7,hover,34,34,0.07253482006384813,0.39333343505859375,98,,,,,,2026-08-09T15:58:12.658Z,C99S394L,2026-08-09,2026-08-09,12:58:12,2026-08-09 12:58:12,,,,,,,,69eb8f1f108d9b87368ef89d,69eb8f1f108d9b87368ef89d,,,,
28974,raw_position_sample,2,2,int,10,2,2,3,95, including ,945,414,736418,69eb8f1f108d9b87368ef89d,69eb8f1f108d9b87368ef89d,intermediate,2,69eb8f1f108d9b87368ef89d,69eb8f1f108d9b87368ef89d,spotlight_PROLIFIC,,42,brazil,Portuguese,"portuguese, english, spanish ",spanish,Portuguese:50|English:40|spanish:10,100,Portuguese:40|English:50|spanish:10,100,Portuguese:75|English:20|spanish:5,100,17,4,Bachelor's,10,10,10,6,7,9,4,20,7,17,Duolingo,150,,,,,22,25,C1,intermediate|advanced,intermediate|advanced,cambridge_22_25_intermediate_advanced,4,20,random,,401.26666259765625,882.7666625976562,425.26666259765625,965.5166625976562,8,6,,,,,,,,,,,,2026-08-09T15:58:12.658Z,C99S394L,2026-08-09,2026-08-09,12:58:12,2026-08-09 12:58:12,,,,,,,,69eb8f1f108d9b87368ef89d,69eb8f1f108d9b87368ef89d,,,,
29025,raw_position_sample,2,2,int,10,2,2,3,95, including ,933,417,736468,69eb8f1f108d9b87368ef89d,69eb8f1f108d9b87368ef89d,intermediate,2,69eb8f1f108d9b87368ef89d,69eb8f1f108d9b87368ef89d,spotlight_PROLIFIC,,42,brazil,Portuguese,"portuguese, english, spanish ",spanish,Portuguese:50|English:40|spanish:10,100,Portuguese:40|English:50|spanish:10,100,Portuguese:75|English:20|spanish:5,100,17,4,Bachelor's,10,10,10,6,7,9,4,20,7,17,Duolingo,150,,,,,22,25,C1,intermediate|advanced,intermediate|advanced,cambridge_22_25_intermediate_advanced,4,20,random,,401.26666259765625,882.7666625976562,425.26666259765625,965.5166625976562,8,6,,,,,,,,,,,,2026-08-09T15:58:12.658Z,C99S394L,2026-08-09,2026-08-09,12:58:12,2026-08-09 12:58:12,,,,,,,,69eb8f1f108d9b87368ef89d,69eb8f1f108d9b87368ef89d,,,,
29075,raw_position_sample,2,2,int,10,2,2,3,95, including ,936,417,736518,69eb8f1f108d9b87368ef89d,69eb8f1f108d9b87368ef89d,intermediate,2,69eb8f1f108d9b87368ef89d,69eb8f1f108d9b87368ef89d,spotlight_PROLIFIC,,42,brazil,Portuguese,"portuguese, english, spanish ",spanish,Portuguese:50|English:40|spanish:10,100,Portuguese:40|English:50|spanish:10,100,Portuguese:75|English:20|spanish:5,100,17,4,Bachelor's,10,10,10,6,7,9,4,20,7,17,Duolingo,150,,,,,22,25,C1,intermediate|advanced,intermediate|advanced,cambridge_22_25_intermediate_advanced,4,20,random,,401.26666259765625,882.7666625976562,425.26666259765625,965.5166625976562,8,6,,,,,,,,,,,,2026-08-09T15:58:12.658Z,C99S394L,2026-08-09,2026-08-09,12:58:12,2026-08-09 12:58:12,,,,,,,,69eb8f1f108d9b87368ef89d,69eb8f1f108d9b87368ef89d,,,,
29126,raw_position_sample,2,2,int,10,2,2,3,95, including ,948,416,736569,69eb8f1f108d9b87368ef89d,69eb8f1f108d9b87368ef89d,intermediate,2,69eb8f1f108d9b87368ef89d,69eb8f1f108d9b87368ef89d,spotlight_PROLIFIC,,42,brazil,Portuguese,"portuguese, english, spanish ",spanish,Portuguese:50|English:40|spanish:10,100,Portuguese:40|English:50|spanish:10,100,Portuguese:75|English:20|spanish:5,100,17,4,Bachelor's,10,10,10,6,7,9,4,20,7,17,Duolingo,150,,,,,22,25,C1,intermediate|advanced,intermediate|advanced,cambridge_22_25_intermediate_advanced,4,20,random,,401.26666259765625,882.7666625976562,425.26666259765625,965.5166625976562,8,6,,,,,,,,,,,,2026-08-09T15:58:12.658Z,C99S394L,2026-08-09,2026-08-09,12:58:12,2026-08-09 12:58:12,,,,,,,,69eb8f1f108d9b87368ef89d,69eb8f1f108d9b87368ef89d,,,,
29166,hover_association,2,2,int,10,2,2,3,95, including ,956,412,,69eb8f1f108d9b87368ef89d,69eb8f1f108d9b87368ef89d,intermediate,2,69eb8f1f108d9b87368ef89d,69eb8f1f108d9b87368ef89d,spotlight_PROLIFIC,,42,brazil,Portuguese,"portuguese, english, spanish ",spanish,Portuguese:50|English:40|spanish:10,100,Portuguese:40|English:50|spanish:10,100,Portuguese:75|English:20|spanish:5,100,17,4,Bachelor's,10,10,10,6,7,9,4,20,7,17,Duolingo,150,,,,,22,25,C1,intermediate|advanced,intermediate|advanced,cambridge_22_25_intermediate_advanced,4,20,random,,393.26666259765625,882.7666702270508,433.26666259765625,965.5166625976562,8,6,hover,216,216,0.9937563426550867,0.49333343505859373,98,,,,,,2026-08-09T15:58:12.658Z,C99S394L,2026-08-09,2026-08-09,12:58:12,2026-08-09 12:58:12,,,,,,,,69eb8f1f108d9b87368ef89d,69eb8f1f108d9b87368ef89d,,,,
29176,raw_position_sample,2,2,int,10,2,2,3,96, in ,971,413,736619,69eb8f1f108d9b87368ef89d,69eb8f1f108d9b87368ef89d,intermediate,2,69eb8f1f108d9b87368ef89d,69eb8f1f108d9b87368ef89d,spotlight_PROLIFIC,,42,brazil,Portuguese,"portuguese, english, spanish ",spanish,Portuguese:50|English:40|spanish:10,100,Portuguese:40|English:50|spanish:10,100,Portuguese:75|English:20|spanish:5,100,17,4,Bachelor's,10,10,10,6,7,9,4,20,7,17,Duolingo,150,,,,,22,25,C1,intermediate|advanced,intermediate|advanced,cambridge_22_25_intermediate_advanced,4,20,random,,401.26666259765625,965.5166625976562,425.26666259765625,985.9666595458984,8,7,,,,,,,,,,,,2026-08-09T15:58:12.658Z,C99S394L,2026-08-09,2026-08-09,12:58:12,2026-08-09 12:58:12,,,,,,,,69eb8f1f108d9b87368ef89d,69eb8f1f108d9b87368ef89d,,,,
29226,raw_position_sample,2,2,int,10,2,2,3,96, in ,985,411,736670,69eb8f1f108d9b87368ef89d,69eb8f1f108d9b87368ef89d,intermediate,2,69eb8f1f108d9b87368ef89d,69eb8f1f108d9b87368ef89d,spotlight_PROLIFIC,,42,brazil,Portuguese,"portuguese, english, spanish ",spanish,Portuguese:50|English:40|spanish:10,100,Portuguese:40|English:50|spanish:10,100,Portuguese:75|English:20|spanish:5,100,17,4,Bachelor's,10,10,10,6,7,9,4,20,7,17,Duolingo,150,,,,,22,25,C1,intermediate|advanced,intermediate|advanced,cambridge_22_25_intermediate_advanced,4,20,random,,401.26666259765625,965.5166625976562,425.26666259765625,985.9666595458984,8,7,,,,,,,,,,,,2026-08-09T15:58:12.658Z,C99S394L,2026-08-09,2026-08-09,12:58:12,2026-08-09 12:58:12,,,,,,,,69eb8f1f108d9b87368ef89d,69eb8f1f108d9b87368ef89d,,,,
29233,hover_association,2,2,int,10,2,2,3,96, in ,971,413,,69eb8f1f108d9b87368ef89d,69eb8f1f108d9b87368ef89d,intermediate,2,69eb8f1f108d9b87368ef89d,69eb8f1f108d9b87368ef89d,spotlight_PROLIFIC,,42,brazil,Portuguese,"portuguese, english, spanish ",spanish,Portuguese:50|English:40|spanish:10,100,Portuguese:40|English:50|spanish:10,100,Portuguese:75|English:20|spanish:5,100,17,4,Bachelor's,10,10,10,6,7,9,4,20,7,17,Duolingo,150,,,,,22,25,C1,intermediate|advanced,intermediate|advanced,cambridge_22_25_intermediate_advanced,4,20,random,,393.26666259765625,965.5166625976562,433.26666259765625,985.966667175293,8,7,hover,66,66,0.9527302220582349,0.44333343505859374,98,,,,,,2026-08-09T15:58:12.658Z,C99S394L,2026-08-09,2026-08-09,12:58:12,2026-08-09 12:58:12,,,,,,,,69eb8f1f108d9b87368ef89d,69eb8f1f108d9b87368ef89d,,,,
29277,raw_position_sample,2,2,int,10,2,2,3,97, neighboring ,1010,409,736720,69eb8f1f108d9b87368ef89d,69eb8f1f108d9b87368ef89d,intermediate,2,69eb8f1f108d9b87368ef89d,69eb8f1f108d9b87368ef89d,spotlight_PROLIFIC,,42,brazil,Portuguese,"portuguese, english, spanish ",spanish,Portuguese:50|English:40|spanish:10,100,Portuguese:40|English:50|spanish:10,100,Portuguese:75|English:20|spanish:5,100,17,4,Bachelor's,10,10,10,6,7,9,4,20,7,17,Duolingo,150,,,,,22,25,C1,intermediate|advanced,intermediate|advanced,cambridge_22_25_intermediate_advanced,4,20,random,,401.26666259765625,985.9666748046875,425.26666259765625,1094.9666748046875,8,8,,,,,,,,,,,,2026-08-09T15:58:12.658Z,C99S394L,2026-08-09,2026-08-09,12:58:12,2026-08-09 12:58:12,,,,,,,,69eb8f1f108d9b87368ef89d,69eb8f1f108d9b87368ef89d,,,,
29327,raw_position_sample,2,2,int,10,2,2,3,97, neighboring ,1031,409,736771,69eb8f1f108d9b87368ef89d,69eb8f1f108d9b87368ef89d,intermediate,2,69eb8f1f108d9b87368ef89d,69eb8f1f108d9b87368ef89d,spotlight_PROLIFIC,,42,brazil,Portuguese,"portuguese, english, spanish ",spanish,Portuguese:50|English:40|spanish:10,100,Portuguese:40|English:50|spanish:10,100,Portuguese:75|English:20|spanish:5,100,17,4,Bachelor's,10,10,10,6,7,9,4,20,7,17,Duolingo,150,,,,,22,25,C1,intermediate|advanced,intermediate|advanced,cambridge_22_25_intermediate_advanced,4,20,random,,401.26666259765625,985.9666748046875,425.26666259765625,1094.9666748046875,8,8,,,,,,,,,,,,2026-08-09T15:58:12.658Z,C99S394L,2026-08-09,2026-08-09,12:58:12,2026-08-09 12:58:12,,,,,,,,69eb8f1f108d9b87368ef89d,69eb8f1f108d9b87368ef89d,,,,
29378,raw_position_sample,2,2,int,10,2,2,3,97, neighboring ,1043,409,736821,69eb8f1f108d9b87368ef89d,69eb8f1f108d9b87368ef89d,intermediate,2,69eb8f1f108d9b87368ef89d,69eb8f1f108d9b87368ef89d,spotlight_PROLIFIC,,42,brazil,Portuguese,"portuguese, english, spanish ",spanish,Portuguese:50|English:40|spanish:10,100,Portuguese:40|English:50|spanish:10,100,Portuguese:75|English:20|spanish:5,100,17,4,Bachelor's,10,10,10,6,7,9,4,20,7,17,Duolingo,150,,,,,22,25,C1,intermediate|advanced,intermediate|advanced,cambridge_22_25_intermediate_advanced,4,20,random,,401.26666259765625,985.9666748046875,425.26666259765625,1094.9666748046875,8,8,,,,,,,,,,,,2026-08-09T15:58:12.658Z,C99S394L,2026-08-09,2026-08-09,12:58:12,2026-08-09 12:58:12,,,,,,,,69eb8f1f108d9b87368ef89d,69eb8f1f108d9b87368ef89d,,,,
29427,raw_position_sample,2,2,int,10,2,2,3,97, neighboring ,1048,409,736871,69eb8f1f108d9b87368ef89d,69eb8f1f108d9b87368ef89d,intermediate,2,69eb8f1f108d9b87368ef89d,69eb8f1f108d9b87368ef89d,spotlight_PROLIFIC,,42,brazil,Portuguese,"portuguese, english, spanish ",spanish,Portuguese:50|English:40|spanish:10,100,Portuguese:40|English:50|spanish:10,100,Portuguese:75|English:20|spanish:5,100,17,4,Bachelor's,10,10,10,6,7,9,4,20,7,17,Duolingo,150,,,,,22,25,C1,intermediate|advanced,intermediate|advanced,cambridge_22_25_intermediate_advanced,4,20,random,,401.26666259765625,985.9666748046875,425.26666259765625,1094.9666748046875,8,8,,,,,,,,,,,,2026-08-09T15:58:12.658Z,C99S394L,2026-08-09,2026-08-09,12:58:12,2026-08-09 12:58:12,,,,,,,,69eb8f1f108d9b87368ef89d,69eb8f1f108d9b87368ef89d,,,,
29478,raw_position_sample,2,2,int,10,2,2,3,97, neighboring ,1063,411,736921,69eb8f1f108d9b87368ef89d,69eb8f1f108d9b87368ef89d,intermediate,2,69eb8f1f108d9b87368ef89d,69eb8f1f108d9b87368ef89d,spotlight_PROLIFIC,,42,brazil,Portuguese,"portuguese, english, spanish ",spanish,Portuguese:50|English:40|spanish:10,100,Portuguese:40|English:50|spanish:10,100,Portuguese:75|English:20|spanish:5,100,17,4,Bachelor's,10,10,10,6,7,9,4,20,7,17,Duolingo,150,,,,,22,25,C1,intermediate|advanced,intermediate|advanced,cambridge_22_25_intermediate_advanced,4,20,random,,401.26666259765625,985.9666748046875,425.26666259765625,1094.9666748046875,8,8,,,,,,,,,,,,2026-08-09T15:58:12.658Z,C99S394L,2026-08-09,2026-08-09,12:58:12,2026-08-09 12:58:12,,,,,,,,69eb8f1f108d9b87368ef89d,69eb8f1f108d9b87368ef89d,,,,
29528,raw_position_sample,2,2,int,10,2,2,3,97, neighboring ,1087,413,736971,69eb8f1f108d9b87368ef89d,69eb8f1f108d9b87368ef89d,intermediate,2,69eb8f1f108d9b87368ef89d,69eb8f1f108d9b87368ef89d,spotlight_PROLIFIC,,42,brazil,Portuguese,"portuguese, english, spanish ",spanish,Portuguese:50|English:40|spanish:10,100,Portuguese:40|English:50|spanish:10,100,Portuguese:75|English:20|spanish:5,100,17,4,Bachelor's,10,10,10,6,7,9,4,20,7,17,Duolingo,150,,,,,22,25,C1,intermediate|advanced,intermediate|advanced,cambridge_22_25_intermediate_advanced,4,20,random,,401.26666259765625,985.9666748046875,425.26666259765625,1094.9666748046875,8,8,,,,,,,,,,,,2026-08-09T15:58:12.658Z,C99S394L,2026-08-09,2026-08-09,12:58:12,2026-08-09 12:58:12,,,,,,,,69eb8f1f108d9b87368ef89d,69eb8f1f108d9b87368ef89d,,,,
29549,hover_association,2,2,int,10,2,2,3,97, neighboring ,993,411,,69eb8f1f108d9b87368ef89d,69eb8f1f108d9b87368ef89d,intermediate,2,69eb8f1f108d9b87368ef89d,69eb8f1f108d9b87368ef89d,spotlight_PROLIFIC,,42,brazil,Portuguese,"portuguese, english, spanish ",spanish,Portuguese:50|English:40|spanish:10,100,Portuguese:40|English:50|spanish:10,100,Portuguese:75|English:20|spanish:5,100,17,4,Bachelor's,10,10,10,6,7,9,4,20,7,17,Duolingo,150,,,,,22,25,C1,intermediate|advanced,intermediate|advanced,cambridge_22_25_intermediate_advanced,4,20,random,,393.26666259765625,985.966667175293,433.26666259765625,1094.9666748046875,8,8,hover,317,317,0.9911314244309575,0.49333343505859373,98,,,,,,2026-08-09T15:58:12.658Z,C99S394L,2026-08-09,2026-08-09,12:58:12,2026-08-09 12:58:12,,,,,,,,69eb8f1f108d9b87368ef89d,69eb8f1f108d9b87368ef89d,,,,
29578,raw_position_sample,2,2,int,10,2,2,3,98, Kazakhstan. ,1106,414,737022,69eb8f1f108d9b87368ef89d,69eb8f1f108d9b87368ef89d,intermediate,2,69eb8f1f108d9b87368ef89d,69eb8f1f108d9b87368ef89d,spotlight_PROLIFIC,,42,brazil,Portuguese,"portuguese, english, spanish ",spanish,Portuguese:50|English:40|spanish:10,100,Portuguese:40|English:50|spanish:10,100,Portuguese:75|English:20|spanish:5,100,17,4,Bachelor's,10,10,10,6,7,9,4,20,7,17,Duolingo,150,,,,,22,25,C1,intermediate|advanced,intermediate|advanced,cambridge_22_25_intermediate_advanced,4,20,random,,401.26666259765625,1094.9666748046875,425.26666259765625,1196.6666870117188,8,9,,,,,,,,,,,,2026-08-09T15:58:12.658Z,C99S394L,2026-08-09,2026-08-09,12:58:12,2026-08-09 12:58:12,,,,,,,,69eb8f1f108d9b87368ef89d,69eb8f1f108d9b87368ef89d,,,,
29629,raw_position_sample,2,2,int,10,2,2,3,98, Kazakhstan. ,1108,414,737072,69eb8f1f108d9b87368ef89d,69eb8f1f108d9b87368ef89d,intermediate,2,69eb8f1f108d9b87368ef89d,69eb8f1f108d9b87368ef89d,spotlight_PROLIFIC,,42,brazil,Portuguese,"portuguese, english, spanish ",spanish,Portuguese:50|English:40|spanish:10,100,Portuguese:40|English:50|spanish:10,100,Portuguese:75|English:20|spanish:5,100,17,4,Bachelor's,10,10,10,6,7,9,4,20,7,17,Duolingo,150,,,,,22,25,C1,intermediate|advanced,intermediate|advanced,cambridge_22_25_intermediate_advanced,4,20,random,,401.26666259765625,1094.9666748046875,425.26666259765625,1196.6666870117188,8,9,,,,,,,,,,,,2026-08-09T15:58:12.658Z,C99S394L,2026-08-09,2026-08-09,12:58:12,2026-08-09 12:58:12,,,,,,,,69eb8f1f108d9b87368ef89d,69eb8f1f108d9b87368ef89d,,,,
29679,raw_position_sample,2,2,int,10,2,2,3,98, Kazakhstan. ,1108,414,737122,69eb8f1f108d9b87368ef89d,69eb8f1f108d9b87368ef89d,intermediate,2,69eb8f1f108d9b87368ef89d,69eb8f1f108d9b87368ef89d,spotlight_PROLIFIC,,42,brazil,Portuguese,"portuguese, english, spanish ",spanish,Portuguese:50|English:40|spanish:10,100,Portuguese:40|English:50|spanish:10,100,Portuguese:75|English:20|spanish:5,100,17,4,Bachelor's,10,10,10,6,7,9,4,20,7,17,Duolingo,150,,,,,22,25,C1,intermediate|advanced,intermediate|advanced,cambridge_22_25_intermediate_advanced,4,20,random,,401.26666259765625,1094.9666748046875,425.26666259765625,1196.6666870117188,8,9,,,,,,,,,,,,2026-08-09T15:58:12.658Z,C99S394L,2026-08-09,2026-08-09,12:58:12,2026-08-09 12:58:12,,,,,,,,69eb8f1f108d9b87368ef89d,69eb8f1f108d9b87368ef89d,,,,
29729,raw_position_sample,2,2,int,10,2,2,3,98, Kazakhstan. ,1108,414,737173,69eb8f1f108d9b87368ef89d,69eb8f1f108d9b87368ef89d,intermediate,2,69eb8f1f108d9b87368ef89d,69eb8f1f108d9b87368ef89d,spotlight_PROLIFIC,,42,brazil,Portuguese,"portuguese, english, spanish ",spanish,Portuguese:50|English:40|spanish:10,100,Portuguese:40|English:50|spanish:10,100,Portuguese:75|English:20|spanish:5,100,17,4,Bachelor's,10,10,10,6,7,9,4,20,7,17,Duolingo,150,,,,,22,25,C1,intermediate|advanced,intermediate|advanced,cambridge_22_25_intermediate_advanced,4,20,random,,401.26666259765625,1094.9666748046875,425.26666259765625,1196.6666870117188,8,9,,,,,,,,,,,,2026-08-09T15:58:12.658Z,C99S394L,2026-08-09,2026-08-09,12:58:12,2026-08-09 12:58:12,,,,,,,,69eb8f1f108d9b87368ef89d,69eb8f1f108d9b87368ef89d,,,,
29779,raw_position_sample,2,2,int,10,2,2,3,98, Kazakhstan. ,1108,414,737222,69eb8f1f108d9b87368ef89d,69eb8f1f108d9b87368ef89d,intermediate,2,69eb8f1f108d9b87368ef89d,69eb8f1f108d9b87368ef89d,spotlight_PROLIFIC,,42,brazil,Portuguese,"portuguese, english, spanish ",spanish,Portuguese:50|English:40|spanish:10,100,Portuguese:40|English:50|spanish:10,100,Portuguese:75|English:20|spanish:5,100,17,4,Bachelor's,10,10,10,6,7,9,4,20,7,17,Duolingo,150,,,,,22,25,C1,intermediate|advanced,intermediate|advanced,cambridge_22_25_intermediate_advanced,4,20,random,,401.26666259765625,1094.9666748046875,425.26666259765625,1196.6666870117188,8,9,,,,,,,,,,,,2026-08-09T15:58:12.658Z,C99S394L,2026-08-09,2026-08-09,12:58:12,2026-08-09 12:58:12,,,,,,,,69eb8f1f108d9b87368ef89d,69eb8f1f108d9b87368ef89d,,,,
29830,raw_position_sample,2,2,int,10,2,2,3,98, Kazakhstan. ,1108,414,737273,69eb8f1f108d9b87368ef89d,69eb8f1f108d9b87368ef89d,intermediate,2,69eb8f1f108d9b87368ef89d,69eb8f1f108d9b87368ef89d,spotlight_PROLIFIC,,42,brazil,Portuguese,"portuguese, english, spanish ",spanish,Portuguese:50|English:40|spanish:10,100,Portuguese:40|English:50|spanish:10,100,Portuguese:75|English:20|spanish:5,100,17,4,Bachelor's,10,10,10,6,7,9,4,20,7,17,Duolingo,150,,,,,22,25,C1,intermediate|advanced,intermediate|advanced,cambridge_22_25_intermediate_advanced,4,20,random,,401.26666259765625,1094.9666748046875,425.26666259765625,1196.6666870117188,8,9,,,,,,,,,,,,2026-08-09T15:58:12.658Z,C99S394L,2026-08-09,2026-08-09,12:58:12,2026-08-09 12:58:12,,,,,,,,69eb8f1f108d9b87368ef89d,69eb8f1f108d9b87368ef89d,,,,
29880,raw_position_sample,2,2,int,10,2,2,3,98, Kazakhstan. ,1104,414,737323,69eb8f1f108d9b87368ef89d,69eb8f1f108d9b87368ef89d,intermediate,2,69eb8f1f108d9b87368ef89d,69eb8f1f108d9b87368ef89d,spotlight_PROLIFIC,,42,brazil,Portuguese,"portuguese, english, spanish ",spanish,Portuguese:50|English:40|spanish:10,100,Portuguese:40|English:50|spanish:10,100,Portuguese:75|English:20|spanish:5,100,17,4,Bachelor's,10,10,10,6,7,9,4,20,7,17,Duolingo,150,,,,,22,25,C1,intermediate|advanced,intermediate|advanced,cambridge_22_25_intermediate_advanced,4,20,random,,401.26666259765625,1094.9666748046875,425.26666259765625,1196.6666870117188,8,9,,,,,,,,,,,,2026-08-09T15:58:12.658Z,C99S394L,2026-08-09,2026-08-09,12:58:12,2026-08-09 12:58:12,,,,,,,,69eb8f1f108d9b87368ef89d,69eb8f1f108d9b87368ef89d,,,,
29899,hover_association,2,2,int,10,2,2,3,98, Kazakhstan. ,1100,414,,69eb8f1f108d9b87368ef89d,69eb8f1f108d9b87368ef89d,intermediate,2,69eb8f1f108d9b87368ef89d,69eb8f1f108d9b87368ef89d,spotlight_PROLIFIC,,42,brazil,Portuguese,"portuguese, english, spanish ",spanish,Portuguese:50|English:40|spanish:10,100,Portuguese:40|English:50|spanish:10,100,Portuguese:75|English:20|spanish:5,100,17,4,Bachelor's,10,10,10,6,7,9,4,20,7,17,Duolingo,150,,,,,22,25,C1,intermediate|advanced,intermediate|advanced,cambridge_22_25_intermediate_advanced,4,20,random,,393.26666259765625,1094.9666748046875,433.26666259765625,1200.261686706543,8,9,hover,350,350,0.05729924985369775,0.5183334350585938,98,,,,,,2026-08-09T15:58:12.658Z,C99S394L,2026-08-09,2026-08-09,12:58:12,2026-08-09 12:58:12,,,,,,,,69eb8f1f108d9b87368ef89d,69eb8f1f108d9b87368ef89d,,,,
29930,raw_position_sample,2,2,int,10,2,2,3,97, neighboring ,1082,420,737373,69eb8f1f108d9b87368ef89d,69eb8f1f108d9b87368ef89d,intermediate,2,69eb8f1f108d9b87368ef89d,69eb8f1f108d9b87368ef89d,spotlight_PROLIFIC,,42,brazil,Portuguese,"portuguese, english, spanish ",spanish,Portuguese:50|English:40|spanish:10,100,Portuguese:40|English:50|spanish:10,100,Portuguese:75|English:20|spanish:5,100,17,4,Bachelor's,10,10,10,6,7,9,4,20,7,17,Duolingo,150,,,,,22,25,C1,intermediate|advanced,intermediate|advanced,cambridge_22_25_intermediate_advanced,4,20,random,,401.26666259765625,985.9666748046875,425.26666259765625,1094.9666748046875,8,8,,,,,,,,,,,,2026-08-09T15:58:12.658Z,C99S394L,2026-08-09,2026-08-09,12:58:12,2026-08-09 12:58:12,,,,,,,,69eb8f1f108d9b87368ef89d,69eb8f1f108d9b87368ef89d,,,,
29966,hover_association,2,2,int,10,2,2,3,97, neighboring ,1093,417,,69eb8f1f108d9b87368ef89d,69eb8f1f108d9b87368ef89d,intermediate,2,69eb8f1f108d9b87368ef89d,69eb8f1f108d9b87368ef89d,spotlight_PROLIFIC,,42,brazil,Portuguese,"portuguese, english, spanish ",spanish,Portuguese:50|English:40|spanish:10,100,Portuguese:40|English:50|spanish:10,100,Portuguese:75|English:20|spanish:5,100,17,4,Bachelor's,10,10,10,6,7,9,4,20,7,17,Duolingo,150,,,,,22,25,C1,intermediate|advanced,intermediate|advanced,cambridge_22_25_intermediate_advanced,4,20,random,,393.26666259765625,985.966667175293,433.26666259765625,1094.9666748046875,8,8,hover,67,67,0.5966360391994064,0.9933334350585937,98,,,,,,2026-08-09T15:58:12.658Z,C99S394L,2026-08-09,2026-08-09,12:58:12,2026-08-09 12:58:12,,,,,,,,69eb8f1f108d9b87368ef89d,69eb8f1f108d9b87368ef89d,,,,
29980,raw_position_sample,2,2,int,10,2,2,3,-1,999,1033,443,737424,69eb8f1f108d9b87368ef89d,69eb8f1f108d9b87368ef89d,intermediate,2,69eb8f1f108d9b87368ef89d,69eb8f1f108d9b87368ef89d,spotlight_PROLIFIC,,42,brazil,Portuguese,"portuguese, english, spanish ",spanish,Portuguese:50|English:40|spanish:10,100,Portuguese:40|English:50|spanish:10,100,Portuguese:75|English:20|spanish:5,100,17,4,Bachelor's,10,10,10,6,7,9,4,20,7,17,Duolingo,150,,,,,22,25,C1,intermediate|advanced,intermediate|advanced,cambridge_22_25_intermediate_advanced,4,20,random,,,,,,,,,,,,,,,,,,,2026-08-09T15:58:12.658Z,C99S394L,2026-08-09,2026-08-09,12:58:12,2026-08-09 12:58:12,,,,,,,,69eb8f1f108d9b87368ef89d,69eb8f1f108d9b87368ef89d,,,,
30030,raw_position_sample,2,2,int,10,2,2,3,-1,999,1033,443,737474,69eb8f1f108d9b87368ef89d,69eb8f1f108d9b87368ef89d,intermediate,2,69eb8f1f108d9b87368ef89d,69eb8f1f108d9b87368ef89d,spotlight_PROLIFIC,,42,brazil,Portuguese,"portuguese, english, spanish ",spanish,Portuguese:50|English:40|spanish:10,100,Portuguese:40|English:50|spanish:10,100,Portuguese:75|English:20|spanish:5,100,17,4,Bachelor's,10,10,10,6,7,9,4,20,7,17,Duolingo,150,,,,,22,25,C1,intermediate|advanced,intermediate|advanced,cambridge_22_25_intermediate_advanced,4,20,random,,,,,,,,,,,,,,,,,,,2026-08-09T15:58:12.658Z,C99S394L,2026-08-09,2026-08-09,12:58:12,2026-08-09 12:58:12,,,,,,,,69eb8f1f108d9b87368ef89d,69eb8f1f108d9b87368ef89d,,,,
30080,raw_position_sample,2,2,int,10,2,2,3,-1,999,1033,443,737524,69eb8f1f108d9b87368ef89d,69eb8f1f108d9b87368ef89d,intermediate,2,69eb8f1f108d9b87368ef89d,69eb8f1f108d9b87368ef89d,spotlight_PROLIFIC,,42,brazil,Portuguese,"portuguese, english, spanish ",spanish,Portuguese:50|English:40|spanish:10,100,Portuguese:40|English:50|spanish:10,100,Portuguese:75|English:20|spanish:5,100,17,4,Bachelor's,10,10,10,6,7,9,4,20,7,17,Duolingo,150,,,,,22,25,C1,intermediate|advanced,intermediate|advanced,cambridge_22_25_intermediate_advanced,4,20,random,,,,,,,,,,,,,,,,,,,2026-08-09T15:58:12.658Z,C99S394L,2026-08-09,2026-08-09,12:58:12,2026-08-09 12:58:12,,,,,,,,69eb8f1f108d9b87368ef89d,69eb8f1f108d9b87368ef89d,,,,
30131,raw_position_sample,2,2,int,10,2,2,3,-1,999,1033,443,737574,69eb8f1f108d9b87368ef89d,69eb8f1f108d9b87368ef89d,intermediate,2,69eb8f1f108d9b87368ef89d,69eb8f1f108d9b87368ef89d,spotlight_PROLIFIC,,42,brazil,Portuguese,"portuguese, english, spanish ",spanish,Portuguese:50|English:40|spanish:10,100,Portuguese:40|English:50|spanish:10,100,Portuguese:75|English:20|spanish:5,100,17,4,Bachelor's,10,10,10,6,7,9,4,20,7,17,Duolingo,150,,,,,22,25,C1,intermediate|advanced,intermediate|advanced,cambridge_22_25_intermediate_advanced,4,20,random,,,,,,,,,,,,,,,,,,,2026-08-09T15:58:12.658Z,C99S394L,2026-08-09,2026-08-09,12:58:12,2026-08-09 12:58:12,,,,,,,,69eb8f1f108d9b87368ef89d,69eb8f1f108d9b87368ef89d,,,,
30181,raw_position_sample,2,2,int,10,2,2,3,-1,999,1033,443,737624,69eb8f1f108d9b87368ef89d,69eb8f1f108d9b87368ef89d,intermediate,2,69eb8f1f108d9b87368ef89d,69eb8f1f108d9b87368ef89d,spotlight_PROLIFIC,,42,brazil,Portuguese,"portuguese, english, spanish ",spanish,Portuguese:50|English:40|spanish:10,100,Portuguese:40|English:50|spanish:10,100,Portuguese:75|English:20|spanish:5,100,17,4,Bachelor's,10,10,10,6,7,9,4,20,7,17,Duolingo,150,,,,,22,25,C1,intermediate|advanced,intermediate|advanced,cambridge_22_25_intermediate_advanced,4,20,random,,,,,,,,,,,,,,,,,,,2026-08-09T15:58:12.658Z,C99S394L,2026-08-09,2026-08-09,12:58:12,2026-08-09 12:58:12,,,,,,,,69eb8f1f108d9b87368ef89d,69eb8f1f108d9b87368ef89d,,,,
30232,raw_position_sample,2,2,int,10,2,2,3,-1,999,1033,443,737674,69eb8f1f108d9b87368ef89d,69eb8f1f108d9b87368ef89d,intermediate,2,69eb8f1f108d9b87368ef89d,69eb8f1f108d9b87368ef89d,spotlight_PROLIFIC,,42,brazil,Portuguese,"portuguese, english, spanish ",spanish,Portuguese:50|English:40|spanish:10,100,Portuguese:40|English:50|spanish:10,100,Portuguese:75|English:20|spanish:5,100,17,4,Bachelor's,10,10,10,6,7,9,4,20,7,17,Duolingo,150,,,,,22,25,C1,intermediate|advanced,intermediate|advanced,cambridge_22_25_intermediate_advanced,4,20,random,,,,,,,,,,,,,,,,,,,2026-08-09T15:58:12.658Z,C99S394L,2026-08-09,2026-08-09,12:58:12,2026-08-09 12:58:12,,,,,,,,69eb8f1f108d9b87368ef89d,69eb8f1f108d9b87368ef89d,,,,
30281,raw_position_sample,2,2,int,10,2,2,3,-1,999,1033,443,737725,69eb8f1f108d9b87368ef89d,69eb8f1f108d9b87368ef89d,intermediate,2,69eb8f1f108d9b87368ef89d,69eb8f1f108d9b87368ef89d,spotlight_PROLIFIC,,42,brazil,Portuguese,"portuguese, english, spanish ",spanish,Portuguese:50|English:40|spanish:10,100,Portuguese:40|English:50|spanish:10,100,Portuguese:75|English:20|spanish:5,100,17,4,Bachelor's,10,10,10,6,7,9,4,20,7,17,Duolingo,150,,,,,22,25,C1,intermediate|advanced,intermediate|advanced,cambridge_22_25_intermediate_advanced,4,20,random,,,,,,,,,,,,,,,,,,,2026-08-09T15:58:12.658Z,C99S394L,2026-08-09,2026-08-09,12:58:12,2026-08-09 12:58:12,,,,,,,,69eb8f1f108d9b87368ef89d,69eb8f1f108d9b87368ef89d,,,,
30332,raw_position_sample,2,2,int,10,2,2,3,-1,999,1033,443,737775,69eb8f1f108d9b87368ef89d,69eb8f1f108d9b87368ef89d,intermediate,2,69eb8f1f108d9b87368ef89d,69eb8f1f108d9b87368ef89d,spotlight_PROLIFIC,,42,brazil,Portuguese,"portuguese, english, spanish ",spanish,Portuguese:50|English:40|spanish:10,100,Portuguese:40|English:50|spanish:10,100,Portuguese:75|English:20|spanish:5,100,17,4,Bachelor's,10,10,10,6,7,9,4,20,7,17,Duolingo,150,,,,,22,25,C1,intermediate|advanced,intermediate|advanced,cambridge_22_25_intermediate_advanced,4,20,random,,,,,,,,,,,,,,,,,,,2026-08-09T15:58:12.658Z,C99S394L,2026-08-09,2026-08-09,12:58:12,2026-08-09 12:58:12,,,,,,,,69eb8f1f108d9b87368ef89d,69eb8f1f108d9b87368ef89d,,,,
30382,raw_position_sample,2,2,int,10,2,2,3,-1,999,1033,443,737825,69eb8f1f108d9b87368ef89d,69eb8f1f108d9b87368ef89d,intermediate,2,69eb8f1f108d9b87368ef89d,69eb8f1f108d9b87368ef89d,spotlight_PROLIFIC,,42,brazil,Portuguese,"portuguese, english, spanish ",spanish,Portuguese:50|English:40|spanish:10,100,Portuguese:40|English:50|spanish:10,100,Portuguese:75|English:20|spanish:5,100,17,4,Bachelor's,10,10,10,6,7,9,4,20,7,17,Duolingo,150,,,,,22,25,C1,intermediate|advanced,intermediate|advanced,cambridge_22_25_intermediate_advanced,4,20,random,,,,,,,,,,,,,,,,,,,2026-08-09T15:58:12.658Z,C99S394L,2026-08-09,2026-08-09,12:58:12,2026-08-09 12:58:12,,,,,,,,69eb8f1f108d9b87368ef89d,69eb8f1f108d9b87368ef89d,,,,
30432,raw_position_sample,2,2,int,10,2,2,3,-1,999,1033,443,737875,69eb8f1f108d9b87368ef89d,69eb8f1f108d9b87368ef89d,intermediate,2,69eb8f1f108d9b87368ef89d,69eb8f1f108d9b87368ef89d,spotlight_PROLIFIC,,42,brazil,Portuguese,"portuguese, english, spanish ",spanish,Portuguese:50|English:40|spanish:10,100,Portuguese:40|English:50|spanish:10,100,Portuguese:75|English:20|spanish:5,100,17,4,Bachelor's,10,10,10,6,7,9,4,20,7,17,Duolingo,150,,,,,22,25,C1,intermediate|advanced,intermediate|advanced,cambridge_22_25_intermediate_advanced,4,20,random,,,,,,,,,,,,,,,,,,,2026-08-09T15:58:12.658Z,C99S394L,2026-08-09,2026-08-09,12:58:12,2026-08-09 12:58:12,,,,,,,,69eb8f1f108d9b87368ef89d,69eb8f1f108d9b87368ef89d,,,,
30482,raw_position_sample,2,2,int,10,2,2,3,-1,999,1033,443,737926,69eb8f1f108d9b87368ef89d,69eb8f1f108d9b87368ef89d,intermediate,2,69eb8f1f108d9b87368ef89d,69eb8f1f108d9b87368ef89d,spotlight_PROLIFIC,,42,brazil,Portuguese,"portuguese, english, spanish ",spanish,Portuguese:50|English:40|spanish:10,100,Portuguese:40|English:50|spanish:10,100,Portuguese:75|English:20|spanish:5,100,17,4,Bachelor's,10,10,10,6,7,9,4,20,7,17,Duolingo,150,,,,,22,25,C1,intermediate|advanced,intermediate|advanced,cambridge_22_25_intermediate_advanced,4,20,random,,,,,,,,,,,,,,,,,,,2026-08-09T15:58:12.658Z,C99S394L,2026-08-09,2026-08-09,12:58:12,2026-08-09 12:58:12,,,,,,,,69eb8f1f108d9b87368ef89d,69eb8f1f108d9b87368ef89d,,,,
30533,raw_position_sample,2,2,int,10,2,2,3,-1,999,1033,443,737976,69eb8f1f108d9b87368ef89d,69eb8f1f108d9b87368ef89d,intermediate,2,69eb8f1f108d9b87368ef89d,69eb8f1f108d9b87368ef89d,spotlight_PROLIFIC,,42,brazil,Portuguese,"portuguese, english, spanish ",spanish,Portuguese:50|English:40|spanish:10,100,Portuguese:40|English:50|spanish:10,100,Portuguese:75|English:20|spanish:5,100,17,4,Bachelor's,10,10,10,6,7,9,4,20,7,17,Duolingo,150,,,,,22,25,C1,intermediate|advanced,intermediate|advanced,cambridge_22_25_intermediate_advanced,4,20,random,,,,,,,,,,,,,,,,,,,2026-08-09T15:58:12.658Z,C99S394L,2026-08-09,2026-08-09,12:58:12,2026-08-09 12:58:12,,,,,,,,69eb8f1f108d9b87368ef89d,69eb8f1f108d9b87368ef89d,,,,
30583,raw_position_sample,2,2,int,10,2,2,3,-1,999,1033,443,738027,69eb8f1f108d9b87368ef89d,69eb8f1f108d9b87368ef89d,intermediate,2,69eb8f1f108d9b87368ef89d,69eb8f1f108d9b87368ef89d,spotlight_PROLIFIC,,42,brazil,Portuguese,"portuguese, english, spanish ",spanish,Portuguese:50|English:40|spanish:10,100,Portuguese:40|English:50|spanish:10,100,Portuguese:75|English:20|spanish:5,100,17,4,Bachelor's,10,10,10,6,7,9,4,20,7,17,Duolingo,150,,,,,22,25,C1,intermediate|advanced,intermediate|advanced,cambridge_22_25_intermediate_advanced,4,20,random,,,,,,,,,,,,,,,,,,,2026-08-09T15:58:12.658Z,C99S394L,2026-08-09,2026-08-09,12:58:12,2026-08-09 12:58:12,,,,,,,,69eb8f1f108d9b87368ef89d,69eb8f1f108d9b87368ef89d,,,,
30633,raw_position_sample,2,2,int,10,2,2,3,-1,999,1033,443,738077,69eb8f1f108d9b87368ef89d,69eb8f1f108d9b87368ef89d,intermediate,2,69eb8f1f108d9b87368ef89d,69eb8f1f108d9b87368ef89d,spotlight_PROLIFIC,,42,brazil,Portuguese,"portuguese, english, spanish ",spanish,Portuguese:50|English:40|spanish:10,100,Portuguese:40|English:50|spanish:10,100,Portuguese:75|English:20|spanish:5,100,17,4,Bachelor's,10,10,10,6,7,9,4,20,7,17,Duolingo,150,,,,,22,25,C1,intermediate|advanced,intermediate|advanced,cambridge_22_25_intermediate_advanced,4,20,random,,,,,,,,,,,,,,,,,,,2026-08-09T15:58:12.658Z,C99S394L,2026-08-09,2026-08-09,12:58:12,2026-08-09 12:58:12,,,,,,,,69eb8f1f108d9b87368ef89d,69eb8f1f108d9b87368ef89d,,,,
30683,raw_position_sample,2,2,int,10,2,2,3,-1,999,1033,443,738127,69eb8f1f108d9b87368ef89d,69eb8f1f108d9b87368ef89d,intermediate,2,69eb8f1f108d9b87368ef89d,69eb8f1f108d9b87368ef89d,spotlight_PROLIFIC,,42,brazil,Portuguese,"portuguese, english, spanish ",spanish,Portuguese:50|English:40|spanish:10,100,Portuguese:40|English:50|spanish:10,100,Portuguese:75|English:20|spanish:5,100,17,4,Bachelor's,10,10,10,6,7,9,4,20,7,17,Duolingo,150,,,,,22,25,C1,intermediate|advanced,intermediate|advanced,cambridge_22_25_intermediate_advanced,4,20,random,,,,,,,,,,,,,,,,,,,2026-08-09T15:58:12.658Z,C99S394L,2026-08-09,2026-08-09,12:58:12,2026-08-09 12:58:12,,,,,,,,69eb8f1f108d9b87368ef89d,69eb8f1f108d9b87368ef89d,,,,
30733,raw_position_sample,2,2,int,10,2,2,3,-1,999,1033,443,738177,69eb8f1f108d9b87368ef89d,69eb8f1f108d9b87368ef89d,intermediate,2,69eb8f1f108d9b87368ef89d,69eb8f1f108d9b87368ef89d,spotlight_PROLIFIC,,42,brazil,Portuguese,"portuguese, english, spanish ",spanish,Portuguese:50|English:40|spanish:10,100,Portuguese:40|English:50|spanish:10,100,Portuguese:75|English:20|spanish:5,100,17,4,Bachelor's,10,10,10,6,7,9,4,20,7,17,Duolingo,150,,,,,22,25,C1,intermediate|advanced,intermediate|advanced,cambridge_22_25_intermediate_advanced,4,20,random,,,,,,,,,,,,,,,,,,,2026-08-09T15:58:12.658Z,C99S394L,2026-08-09,2026-08-09,12:58:12,2026-08-09 12:58:12,,,,,,,,69eb8f1f108d9b87368ef89d,69eb8f1f108d9b87368ef89d,,,,
30784,raw_position_sample,2,2,int,10,2,2,3,-1,999,1033,443,738228,69eb8f1f108d9b87368ef89d,69eb8f1f108d9b87368ef89d,intermediate,2,69eb8f1f108d9b87368ef89d,69eb8f1f108d9b87368ef89d,spotlight_PROLIFIC,,42,brazil,Portuguese,"portuguese, english, spanish ",spanish,Portuguese:50|English:40|spanish:10,100,Portuguese:40|English:50|spanish:10,100,Portuguese:75|English:20|spanish:5,100,17,4,Bachelor's,10,10,10,6,7,9,4,20,7,17,Duolingo,150,,,,,22,25,C1,intermediate|advanced,intermediate|advanced,cambridge_22_25_intermediate_advanced,4,20,random,,,,,,,,,,,,,,,,,,,2026-08-09T15:58:12.658Z,C99S394L,2026-08-09,2026-08-09,12:58:12,2026-08-09 12:58:12,,,,,,,,69eb8f1f108d9b87368ef89d,69eb8f1f108d9b87368ef89d,,,,
30835,raw_position_sample,2,2,int,10,2,2,3,-1,999,1033,443,738277,69eb8f1f108d9b87368ef89d,69eb8f1f108d9b87368ef89d,intermediate,2,69eb8f1f108d9b87368ef89d,69eb8f1f108d9b87368ef89d,spotlight_PROLIFIC,,42,brazil,Portuguese,"portuguese, english, spanish ",spanish,Portuguese:50|English:40|spanish:10,100,Portuguese:40|English:50|spanish:10,100,Portuguese:75|English:20|spanish:5,100,17,4,Bachelor's,10,10,10,6,7,9,4,20,7,17,Duolingo,150,,,,,22,25,C1,intermediate|advanced,intermediate|advanced,cambridge_22_25_intermediate_advanced,4,20,random,,,,,,,,,,,,,,,,,,,2026-08-09T15:58:12.658Z,C99S394L,2026-08-09,2026-08-09,12:58:12,2026-08-09 12:58:12,,,,,,,,69eb8f1f108d9b87368ef89d,69eb8f1f108d9b87368ef89d,,,,
30884,raw_position_sample,2,2,int,10,2,2,3,-1,999,1033,443,738328,69eb8f1f108d9b87368ef89d,69eb8f1f108d9b87368ef89d,intermediate,2,69eb8f1f108d9b87368ef89d,69eb8f1f108d9b87368ef89d,spotlight_PROLIFIC,,42,brazil,Portuguese,"portuguese, english, spanish ",spanish,Portuguese:50|English:40|spanish:10,100,Portuguese:40|English:50|spanish:10,100,Portuguese:75|English:20|spanish:5,100,17,4,Bachelor's,10,10,10,6,7,9,4,20,7,17,Duolingo,150,,,,,22,25,C1,intermediate|advanced,intermediate|advanced,cambridge_22_25_intermediate_advanced,4,20,random,,,,,,,,,,,,,,,,,,,2026-08-09T15:58:12.658Z,C99S394L,2026-08-09,2026-08-09,12:58:12,2026-08-09 12:58:12,,,,,,,,69eb8f1f108d9b87368ef89d,69eb8f1f108d9b87368ef89d,,,,
43112,,,,int,10,2,2,,,,,,,69eb8f1f108d9b87368ef89d,69eb8f1f108d9b87368ef89d,,,69eb8f1f108d9b87368ef89d,69eb8f1f108d9b87368ef89d,spotlight_PROLIFIC,,42,brazil,Portuguese,"portuguese, english, spanish ",spanish,Portuguese:50|English:40|spanish:10,100,Portuguese:40|English:50|spanish:10,100,Portuguese:75|English:20|spanish:5,100,17,4,Bachelor's,10,10,10,6,7,9,4,20,7,17,Duolingo,150,,,,,22,25,C1,intermediate|advanced,intermediate|advanced,cambridge_22_25_intermediate_advanced,4,20,random,,,,,,,,,,,,,,In Chelyabinsk,1,,,,2026-08-09T15:58:12.658Z,C99S394L,2026-08-09,2026-08-09,12:58:12,2026-08-09 12:58:12,,,,,,,,69eb8f1f108d9b87368ef89d,69eb8f1f108d9b87368ef89d,,,,
